250 250
1010001010000100100000000000100000000001000010000000000100000000010000100000000000000000010001000000010100101000110000010001001000000000000100000000100000001000101000000000010100001100000100000100000000000010000000000000100000010010100000000100000000
0000001000100000000000000000000000001000100000000000100010000001000000100000001000000100001101100000000001001010000001000000000000000101000000010001010000001000000000001011000011100000000000000000110000000100000010000000010001010001000100001010100000
0000101000000000000001100001010000000000000010000000000100000000100100000000000000000010000100100000000000011000000000110010000000000010000010000000100000001000000001010000010000000000000000000000000000001100000001001000000000101000010000000111001001
0010000001100000000010100100100001001000010000100001100000000000100000011000110001010011000000000100000000000000011000000000001000100100011000100010010000101000001001000000000001000000010000010100000000000000000001010000000010100101000001000001101000
0000000001000000110000000100100000000000010001000000000000001000000100100000000011110100100001000000000001010000001001100001010111000000100001010000001000000000000000000000000011000000000000000001101000000000000000000010100000001100000000000001100100
0100000000000101010010010001110000001010100000000000100100000011000011000000100000010000000100000000111000000000110101001100000000100000000010000001000000000011000000001000000000000000010000100000001100110010101000000110010100000000000100100000001000
0001010000000000000000010010000000001000000000010000000000001000001001001000000010100010000000000010100000001000100000000100000000100000010000000000010000000101000000000000000010000000000000000000010000001100000000110010000000000000000000000001000001
0001011000000000000001000000000000011000000000000000000101000100000000000100000000000000000000001010000000001000000000000000000010001000000000000000000000010000000000001000001000000100000000001000100010001000001100000000101100000001100001001000010001
0100000000001000001001101000110010100001001001010000000010010100010000000000000000110000001000000000011101000000001000000100100110000001000100000000100000101000100000000100110010000000010010000000000000010000010000100000000000000000110000001000000000
0000000010100000101000000000100000100010000100000000000000000000000100000000000000000010010000000000000000000001000000000010000110000111000000100001000001101100000010011000100000000000000000000001100000010000001001000000001000000100000000000000000010
0000000000000001100000000010000000000100000000001110000000000000001000000000000001010000001100000000000001000000000000001000000010100100000100100000100010000001000100000011100000010100000000000101010001001000000000000000000000000000000001000000000001
0000100000000000000000000100000100000100000011000000100000010000000010010000111010010010001000101000001000100000000101010100000000000001010000100000001000000100110000000010000000000000000000110000010000100000000001000000000010000000000001100000001000
0100001000010000001010000000000000100100010010011010000110010100000011000100000001000000000001001010111000000000000111000000000000000100000000100001000000000000000000011100000000000000001000000100100000000100000000000011000001100001100000000010000000
1001100100000100000100000000100011010000100100000000010000000010000001000010000010010011100000010000000000000000001000000001000000000000010010011001001000000011001000000000000001000001010101000000000000000000000000000000000010001000001000000000111000
0011001000100000000000000000000000100100000000000000100111001001000000000100000100100000100100000000000100110010000001011000010000000000000000000000001000000000000001000000001000000100000100000000100000000010100000000100000000000001000101001000010000
0100100000000100000000000000000001000000010000000010010110000000000000010000000000010101000100001000000000000000000100000100100000001100010000000011010000000000000100000111001000000000000010000000000100000000000001000010000010000001000000000000101010
0000000001010000010010010000010011000000000000001000000000100001001000000011000010000000000000000110000000000000000010000001000001100000000100001001100000000100001000000000001010000110000000000000001000000000000000010000000000000101010110100100010000
0000001010001000100000101000000010000000100101000100000000001001001000000000010010010001000000010000001101000101000000000110100010101000000000000000010100100000001010100000000101011000010100010101001010000000100000000000000101000010100010000000000000
0100001000110000001001100000000001000010000001000000100000100000000000000100001000000010000000000000001100100000000000000000000000000100100110000000000011000011010001000000000100000100001100010100100000000000100000000000100000000010010000000100100000
1100110000000000000100000100010000010000000000000100000000000000000010010000000000011010000000001000000000101000001000010000000000000100000000000001100000100110000010000100010000000000000010000010000000010100110000100000000000100010000000001010001000
0100100100001010111000000000001000000000001001000000000011000010000000000000001000010000000000001010010000000000101000110000000000111010001000100010010000000010000000100000000000000001010010000000000000000101000001000000000001010000000000001000000000
0100000010001000000000101000000001100000010100000000000010000001000000000100010011000000000000001000100000000000000000000000000100000110011000000010000000000001000000000000000110001010100001001000000011000100000010000000001000010001110000000001000010
0000110000001010010000111010001000000000100001000000000000000000001000000000000101000100001000100001001100010100000010000000001000000000011001000001000001100000001000100000101100000100101010000101000001100000001000001000000000010000000000001010000001
0100000011010000010010010010000000100101000001000000100010010000000100000000010000000000000000001000000000000000000001000001000000001010100000010000000100001000010100000010001000000000000010000000000000000000001100100000001000000010001010100000001000
0001000000010100000001000000000010110000010000000000010000000000010100010000000000100000000000000001010000001001000001000000010000000000100000000010000000000010000000000100000000010000001000000000000010000100000000100001000110100100000000001000000001
0000000001000000000000000000000100000010000000101000000001000000000011100000000000000000000010100100000000010000000010000001000000001000010001110001001000001100000010001000000000010000000010000010000100100001010000000000000000001001100100000000000000
0000001000000000000000100000000000010000001000000000010000001100000011000000000100000101100000000000000010000000000000100000000001100000000000000000000100000000100000000000010000000100000000000000000000000100000000000000100001000000000010000000000000
0001100010100110000101100000010001000000010000001000010000000000001010000000001000000001000010001000001000000000100010010100000000100010000000000010000000000001001001001000000000000001000000010000000000000000010000101000000100101010000000000000000000
1000000000000010000010000000000100001001000000100000010000010001000100000011000100000001000000000010000101100000000000000000101000010000010110100110010010000001000010000000000000001000010111000010000001010110001000000000100000010000100000000000000001
0000001001000000010000000000000010011001000010001000000000000001100000000010000000000100000001000100100100000000001000010001010100000010100010100000100001000000000000010001001000010000000000000000000000011000000010000110100001000000000000000001100001
0000000000100001000000000001000000100111101000000000000010000000000011001000001100000001000010000001000000100010000000101100000100000000010000000000000100000010000001000010010001010001000000101001100000001000100000001110001000001010001100000001010001
1010001000010000000000001010000000000000000000000000000000000000000100000000000000010101101010001100000000010101010010000000000010101110100000110000100000000000000001010000000000010000000100000000000001001001000000010000100010100000000000000000000000
0000000000000001000000000001000001100000000000100000000000010000101000000000001010010000010000000001000010000000000001010010010010101001000000000000000000000000010011001010000000001000000000101000001000000000000000000001010000000100000100100000001011
0010000100001000010100001000100000010000100000010010000001000000000000001000101001000000100110101000000010000000000000000000001000000000000000000000000001010000010100010001000010001010001001000010001001010000000010000001001011000000010000000000001000
0100010001000000010100000000010000110000000000100100000000000000000000000110000000000001000000000000000000010000000100001100000000000000000010010010000000001001100000000000000100000001011000001010000010000001001000001010100100000000101000000000100001
1100000010010100000001011110000010001001000010000000000000001100000000100000110000000100000000000000000000000000001000100100000000010000000000101000000000100000000001010000000000000010100000100000100000010000000001000100000000001000000000000000001010
0100001000011000000000000000000001000101000000000000000000000000001010010011000000001000001000000000010001000000010000000010000000000000000010000000000001000000000000000000000000000100000001101000000010010000000000000000000000000000000000000000100000
0100010001001000000010010100000000100010010000001000000010001000000000011000000000011000000000000010001001010000100001010000000000010110000010000001010000100000000010000100000000000000000000000000100100000000010100000010001010010000101000000100000001
0010010000100010100100000010000011000000000001101001110000000100010011000000100100010010000000001000001010100010010100000000001000100001000000010001000100011000000100010100001110010000000000000001000000001000011100000000000000000010010010000000000000
1010001000000000000010000000010000000100000101000000000000000101000000000010000000000010100001000000000000100000000010100100100000000000100000100001110000001011000110010011100010000000010000100000000010000110010000000000000000000000000011100000000000
0000010100100000000000000100001000000000000001000000000000000000100010000100000110000100001101000000011001001001000010000101110000100000001000000000000000100100101000000000001000001000000100110100000101001000000100000000011100000000000001000110000001
0000000010010000000100101000000000100000110101000101000000000110000000000100101000000000000010000000010001010000100001110000000000000010100000101100000001010010000000010000010000100000010100000011000000000001000100000000000001001000000000100000000101
1000000000000011000000000000000000010000001000000100100000000000100000100000000000000010000001000000000000000000100010100000000000101000000011101101000001000000000000000001000000000000000000000011010000000000000000100010011001010000000110100010000011
1000000000000000011100000101010000000001000000000000000000100000000000001000000000000010000100000000001000101100000000000000000000000000000010000000000010011011000000000000100000000010000000000100010000010001000000000001000100010010110110000000000100
0001000000000100010011000000000000000010100000000000000000000000000000000100100101010001000000100011100100000001000010101000000100100000000000000000000010000001000010001000001000010000000000000000011000000000000000010010010000000010000000001000000100
0000000000001100000000000010000010000000000010010001010100000000000000000000100000000000001000000001001100000000001010010001000000101000000000011010000000000000000000000000000000100000010000000000000000000000000001100000000010000001000000000100000000
0010000000100000110000100001000001000000010000000001001010010001101000110100000100000000001001000000000000001001010000000000000000000010000000010000000000000110110000000000000100001100000100001001000000100000000010000000000000000010000100111000001000
0000000010000000100000000000000000010000000010001000000010100000011100000001000000000011000100000000000000000000000000000000000100000001000000100000000000010100000000000000010000000000000000000000100000000011001000000100000001000010000001001000010000
0000010010100000101100000000001000000000001000000000000100100100000101111000000001010000010100100000001000000100000010000010100000010001000010100000000000000001001000110000000000011000100000000100000001000000100000000000000000011000001000000000110000
0010000100000100010100000000101000000000000000010000010100010000000001000000001011000001000000101000001000110000000010100100100000000100000010110000000000000000000000010000000000000000010000100000000000010000001001000000000000000000000000100000001000
1000001000000000001000100000110000000000100000101001100010010000000001010100000000001001000000000000001000000000010000010001010010101010010010000000100001000000000000101100010100100000000000001000100100000001000100010001000010000001000011001000000000
0000000000001010000100010010001000100000010001101001000000100100001000010000000000000001001100001000000000010000000000000000000000000000001010000000100000100000000001100000000000000100000100010011001001000000100100000100011100000001000000000100000100
0101010001010000000000000010000001000000011000010000000000100000000010000000000000010010000000000000001000000000111010000000100000000100010010100001000000000000100000010100000000000000000000000001000100000001000110001110000100110000000100110010000010
1000011010000000010000101000000001110011010000000010000001000000000010100000000000010000000000000010000101010100000000110000001001000000000010000100100000001000001100000100000000001010000000000000000000010001000000001000100000000000100000000001000010
0001010011000000000001000000000000001000001000010000001000001000000000010000011100010000000100010000000000000001000000000000000001000010000000000000010000000000001000000001010010000000000000000000011100100000000000001001000000000000101000000001001101
0001000000101100010000000000000011100000000000000100000011001000000001001011100101000001001000101000000000000100000000000000100011001000100000001000000100000000000000100001100001011000000110000010000000010000000000010000000010100100010000000000010000
0000000100000010100000000000000000100100010011000000000000100000000100000000101000000000000010000010000000000000001000000001000000000100100001000000000000000000000010010000000000000000001111000000000000010100000001001000001001000000000010000000010010
0000001010100000000001000000000010000000001000000000011000000000110000100000011100000000100010100000001000000010100000000011000000100000010011000000000000000110000000000000000000010110110000100001010100101110010000100001100000000000000000000111001000
0000000000000000000000100000000001000100100010100000100100001010000000000001010000101000100000000000000001000000000001000010100000000000101000000000000000000001000000010011001000000010010000000001000000000001000010000000010011001010011000001000100000
0000100000000000000000000100010000010001100001010000000000000100100000010001000000001100010000100000000100110000000000000000000000000000000100000000100000010000000000000001000000000000100010000001010000000010000010000010001000101000000000000010000001
0000011000000000000000000100000001000101001100000000100000000000000000101000101000000000000000100000000000000000000010001111100010000001001010000000000000001000010100000000000000000000000001100100110000001011100000100001000000001010100000010000000000
0001000000000001001000000000000000100100000000000000100100100000000000010000000000000000010100000000010000100001001101000010100100010001000000000000000110001010000000000000100000000000010001000000000000000000000000000000000000011001100000000000000010
0001000010110000000000000000000111000001000000001010000100000000100000010010000101000010000000000100100000001001000000000000000010000000000001000000101001000000010000000100001000000100000001000000010000000001100000010100000000000010000100010001000010
1000101010010000000100000000000110000101011011000000000100000000000000000000001011000100000101000100000000010000010001100001001001001001000000001000000000100011000000101001000000000000000000000000000100000000000000001100000010000000000000110001000000
1000000000000000000000011000001010001000100000000100011100000000000100001000000100000100110001010100110100000000000110000000000000000000000000000000001000010000100000000001010000100010000000000000000000000000000010000000001000000001100010000000000000
0100000010010101010000010000100001000000001000001000010000100010101001010100010000000000000000000000000000000101001000001011011000100011000000000100000010001000000010000000010000000000011000000000100100010000000000000010000010000000000000000100101000
0000000000010010000000100000000101000010000000000000011000000001100101101000010110010000000010010000000001001000000000000000000010001000000000000000011101000000000000000000000100000000011010001000010000000001000010010000000000000010000100000000000100
0000010100000000000000000010000001001010000000100000000100000000000100010000000000000001000000001000010001000011000000000100000000010000100010001010001000100010100000000110000100001000000100100011000001100000101000000010101001100010000000001000000000
0000100000100100100010000000000011000001011010000010000000000001100100000000000010100000001001000101000101000001000000000000001000001010000000101000000000000000001001100000100001000000000100100100000000000100000000000101000100010010000110000000000000
0000000000000000101000001011000101000000100000100100000000000010000011010000000000010000000001000000000010000000100000000000000011000000010010001011000100000000000000000010100000100000000010000000000100010010011100001001010001000010000000010000100000
0000001100000000000010001010001000000001000000110110100000000000000110100000000010011001101000000001000100000110010010010000000000000000000000100001000000100000010000000000100010000111000000110010001000100000000000000000001000001000000111000001010000
0000000101000010000000000000101100001000100100001000000000000000000000000000000000000000001000000000000000000000000100100000000000100010000100000000000000001001100000100001000010110000000000000100000000000100100000000011000000000100011000001000000100
0000000000000011000000010100000000000010010000000000110000000100000100000000001100010000000000000001001101000000000001000001000000100000000000000000000000000100000000000100101100000100000001000000000000100000000010000110000010000100000000001000000000
0000000000000001010000010101001010001100000000001000000000011000000001010100000000000011000010000100101000000100000001100010001000000000000000100000000000000000000010001000000000000000000001000011000000010001000000000100101000001000000001000000000010
0001001001000001010000000000100100000000001000001000101010000100000101000001010101000100001100010000001000000000000000100000010000010101101000000000100010000000000000000000110010001110010000000000000000001000000000000000000101011010000100000000000000
0000000010000010110000000100000011001000110000001000000000011111000001100000000100010000000000010010011000000000000001100000010000101000100000000010000000000010000000000000001000000000100100100000000100000010100100000101000000000010001000100000000000
1000100000001101010000101000110000000000100011111000100000001010001100000010000000000100100000000000010101000000100000000000000110000000010000101001000000000010000010001010000000000110010000000001000001001000001010000011000000010010000100010011110010
0000000000000000110100010010001010100000000100000000010001000000100000001010010000100000000001010000010000000000000000010000000000010000000010110000000000001000001000000000001000010010000000000000000100000000001000101010000000100100000011000000001000
1000010010000000000000000001000001001000001000000100000010000010010000010001000000000100100010000110000000100001000001000000000110000000100001100000100000000000010000001000000000000000100000000000001101100000001100100000001000000001000000000001000000
0001000100000000010011001011000000001100000000001000000010000000001000000001000001000000101010000010000110000000000000100001000000000000000001010000000000000000000000001010000000001001000000110000000010110100000001010011010000100000000000000000000110
0000000000000000000000000000001000100101000000011101000010100000010100000000010000010000000010010000100000011001100010000100001000000000010010010000100100000000000000010000001000100011000000001011000000000000000000000000000000011000000000000001010000
1000001000001100000000100000001000100001001001000000000001001001001010100001000001000001000000001000010001000001000000000000001100000010000100100001001000000001000101000000000000000000101000000001000000010010100000000000010000010110010000000000000010
1100000000000000010000010000000000001000000000010000100000001010000001010000001011000000000001000100001010000000000000010000000000000000100000000000100000000001000000000100000100000110000000010000000000100000001000000000000001000000000001000001000000
0001001100001000001000010000011000000010000100001000000100100100000000000001000100000000000001000110000010000000000110000000010100001000001000100000000010000000000001000100001100000000001000001010000010000000001100000000000000001000000010001000000000
0000000000000000010001010100010110111000010010000000000010010001000010000010000101010000001000000110000010000000000000001100000000000000100110000000000001000000000000000000010000010000001000100110010010001000000100001000000010100000010000000000000000
0000100001001000010100000000000000000000011000011000000001000000000000000000000000000110000000000000001000100100010000000100000000001000000010100000000000000000000001000000000000000100010000010000100001000000000000101010100010010000010010000000000000
0000000000101001110010011000010111011001100100100001100000010000011000000000000010000010000000000000101000010000100000000001101000000000100000000000000000000000001000100000100000100010000000010000100000100110001010001000001000000001001000000011010000
0110000011000001000100000000011001010010100100000100001000000010000000000100000010100000000100000000000000001000010100011000110011000000000000000110000000000001000001000000000000000000100000100000001000000000011000010010000000100000000011001011001000
0001000000000011000000010000000000000001100000000000000000000000000000000001000000000000100000000000010000000000000110000000000100000000000000000000000000000010000000001000000000010010000000000000000000000000001000000001001000001000100001000001000000
0000000000100100001100100000001100000000000000000100000011010000010000010000001000000010000000000010000000100001000000001000100010010000100001000000000100000000000000010000000000001011001100000000001000100010000000001100000001000000000100000010010000
1110100000100000000000000000000010000000000000100000110100001101010000010000000000010100100010000000000001001000010000000011100010100000100000010011100000000000000010000001000010101000000000000000001000000011000000000100000101000100000110000000000110
0001000000011000000100010000000010001000000100000000010011000000000000101001010000000001000000001001100100000000000100100010100000000010001000100101100011000000010000001000010110110000001000100010001000100100010000000000000000010010000100000001000000
1000010000100010101000000000000001000101000000000000000110010010000001000000010000000001100000000001000000000000000000001000100000000100000000100010000100000100000001000000000100010100001010000000100000000010000010000000000000000000010000011001000000
0000010000000000000010100000110000000000000000000100000000000000000100101000011010000101000000000000100000000010000000010010000000000000010000000000100000100000100100001001001000000000000000000000010010000000000000000000010001000000010000000001000000
0000000000000000010001000000001010001000001011000100000000000010000000001001000100100000110000001010001000100000001101010110000000000000110100000000000000111000100100100000000010000101000000000001000000000010001000100001010000000000000000000001000000
0000000010000100101100100000000000000010000000000100000100000011000010000000000010000000101000010000000000000000001000000000000010000000000001000000010000000100001000010000100001001111010000100000000000000100000010000000000000000101001000000100000000
0000000000000000000000000011100000000010000000000011100000100000010110000001001000001000110000101010010000000010000100000000110010000000000000001000000000100000000000001000000000000100001000000000000101110000100000000010010001000000010000000000000000
0100001010000000010000100000001001000100000000000110000000000010100000010010100100100100000000000000100100010100000000001000010000000000000000000000000101000010000000000010000001001000000010100001000000000100101000000001000010000000010000000000000110
1011000000000100000001001010000010100000001000001000001000000000000000000110000000001000000100110000010000100000111000101100001010010000000000000010000001000100100001001100000000100000000000000000100000000010000100001100001010100000001000000000000000
0000010000000000000000000001000001000010100000010101000000100000010100000000000000000011001000010000001000000010001001000000000000110000000100100000100010000000011000000000000111000000000000101000100100100010100000010000001010000000000000101010000000
0000000001100000000010000000000100000100000000000100000000001100001110000000110011100000000010000001000111101000010000000010000010010000100000001000010001001000010001110000000000000100100000100110000000000000001010000000000000000000000101001000001000
0110000000000000010001000000011100001010100000000000000001000100000000000000000000100001000000001001000000000001000000100000010001001001000000000010001100000000011000000000000000000000001100000000000000000101100000000100000000100000001000010000000000
1000000100100101100000100000000010100000000000000000001000001110000000100000000100000000000000000001001000110001000000000000000100010000001011011000001000001001000101100010000100000001010001000000000000010110000000010010011000000000001000100000001000
1010100000001010100110001000000010010000000100000000010000000110000000000101000101010100010000001000010000001001000010111000010010000000110000000101111001001100010000010101101000000000000001010000100000000100000010101000001000100000000000011000000000
0010100000000000000000001100100000010000001001000000010000000001010000000010011001000101100000010000001001100010110110000000000000010100000000010001000000000011100000000011100000000000011000000000000000000100100000100000000100001001000010000000000000
0000000010000110110001000000000100000100001100100001100100010001000100000010000000010000000000000000000000001000000001000000001000000000000000100010000011100000000100000010110000001000110101100100010011000000010000010000100001000000000000000000010010
0000010000001000100001000000100101010000000100001000010000000000001000110000000000000011000000000001100000100000000100000000000110010000000000000000010000000001000000011000000000000000000100001001001000000100100000011001001100000000001000000000010000
0000001000100000110010000100000010100010010000001000100000110011000010001000100110011010010010000000000010000100101000010000001100000110000001000100001010000001110000000001010000001000000000000000010000000000000000100010000000000100010000000100000001
0001000010001000010000000000010100000000100000000000100010000110001000001000000100000000011010000101000001000100000000000100000100000101110000000000011000000000100000000000000000010000101001001000000000000000000010100011000101000000001010000000001001
0000010000000000100000000010000000001000100100000000000000000100001000011001100000000000001000000100000000000010000100000000000010000000000100000000000000100000100100010010110100100000000000000010000000011011100101000000000001001110000110010000000111
0000000010011001001000000011010000001000000001001000000000000001010010010000000000000000001000000100110000000100010000000000010001001000001100100000100100000000010000001000000001100001000000001001011000000000000000000010000000110000100000010000000000
1000011000000100000010001000010000000000000100000010000000100000000000000000000000000100000001000000000000000000000000000000100000010000100101000100100000001000100000000001000000010001000000000000001010000000000011000101100100000011100010000110000000
0000000001001000001000000000000010000010001000000000100000000000000000000001001011100000000001001000110110000110101101000101000000000001000101000010000000000001000000000000000000000101000101010000000011111010000000010000000000011010011001000000000101
0000000000001100100000010000000110000000000000101100000000000000000100011000100000001010001100100000000100000000000100001000011000001000110000010001000000000010001000000001100000000100000000000000000011000110000110000000100000010011000100001000001000
0000010000011000001000000110000000000000000000100000000000000000000000000000000000000000010000000101100000011000000111100000000000001100001000000000101000010000000011010000000000000000001000000101100000000000100000000100000000100010010010000000000100
0001001010010000000000100000000001000000000000010000000000000000010000000000000010010010000000100000000000100000000000000000000000001100000000000000000000001000000000000110001000100000101010000000000000000000001011000000001000000000000000001000000000
0000010000100001000001000010010110010000010100111000001100000001100100100000001000100000000000000000110000000000001101000000001000000000011000000100010000010001011000010100000100001000011001000100000000000001000010001010000011000000000011000000000000
0010110000100010110000001000010100010000000000001000000000000001000000100001011000000000010010100100100001010001000000000000000000010000010001000010100000000000000000000000000000100000100010000000100010000100001100100000010000000000100100000010110000
0001000001000000000000001000001000100000000000100000000000000000001000001010000010001000000100000000000000010000010010001000000101000100000100001000010000000000000000000000000000000001000100001001100000000000000010000000000000000100100000001000100000
0101001010001001000100000010000110010001000000000000100001000010010011000000010000100000000000001000000000010000000100000100000000000000011000000000101001001000001001000000100000000000000010000010000001000000000010010000000010001000000000000000000000
1000000000000000000000000010100100110100011100001000001000000010001001000000000000100010010000110001001000000000001100101110000001000010000000000100000010000010000001000000000000001000000010000000000000000001000001000000000000101000000010000000000100
0001100000000001010010010000000110101000000101000000100101100000000011000000001001100100100000001100000000000000000010000100000000000010101100000000010010000000000000011100100000000010000000000010100100011001001100000000101000000000000000000000110010
1000000010000000000000000000001000100100111000000110000101000000110100111000000000001100000000000000000000000000000000000000000000000010100001000001000100001000100100100000000000101110010001001000100000000000000000100001000000000100000000000010000000
0000010000001000000010000001000100100001000100101010000001000100000000010100000000000010001000000000000101000000001000000000100001000010000000000000000000001000100000000000100000000000000000000000001000001000100000010000000000100010000000000010000000
0000000001010000000100100000100000010100000000110010001010000001100000000010001000000001000000010000100000000000000000000000100000110000010000100000001000000000001000101001000000000000100001000000000000000000000000100000001000000010000100001010000000
0001000000000110000100000000000000001100000001100000000100001000110000101110000000110010000000000000000110100100000101001000011000000010000010100000010110000011100001101000000101000000010010100000110000010000000001000100000000010000101000100001100010
0000000000000100000000000000000010010100011011100001110000000000000000000000000000000100000000000000001110000000100010000000000010000000000101010001000000000100100001110000100000001010000010000000000011000000001000000000000010010000001110000100000000
0010000000010000000010000100001101000000000000000101000010010100010001000000000000000000100010000000000000110100000000000000000001000001000110000000001000000100000000000010000000010000000000000100000110000001001000000000000000000011001010000010001000
0100100100010000000000000001000000000010000001001000000000000000000000000010011100100010000000000000100000010100000010000100000000001000000000010000000100010010000000000000000110001000100001000010001010001000000000100000000001100000000000010000000000
0010000000100010000000000010010000000000000010000001100000110010000000001000010100000000100010000001000000000110010110000000011000011000001000000000001000000101000000000000000000010000000100000011001000100100000000000000000010000000000000101000110000
0000011000001000000001001000100001000001000100000000010010100000010000000100010000000000000010001001000000000001101001000000001001000000111000000011001110100000000000100000000001111000000000000110001000000000000000000000000001000010000000000000000001
0000000010000000000000100000100000000000001000000100100001000000001000000000001000000001001001000000000000001000001001100000000000100000000010000100000000000000000100100010000001000011010000100000100001100000011100000000000000000001001101000000000010
0001000001001010000000001001000100000010000000000011100100001101001001000000010001000000000010001000000001110000000000000000000000000110101101100000000010000000000000000000001000000000011000010000010000000000000010000001000000000000010010000000000000
0000100000000000010100000000001000110001000000000001000000010010000010010000001000000100000011000000100100000000000010110000001000000000001011000110100100100000100000000000000000000000000000000100100000001000000001000100010010000010000000000100000000
1010000000000000101000000000000000010010000000110100001000000010000000001001010000011100000000010000000000010100010100100110000000001101011000100000010010010000001000100000100000010100000000000000000110000000001000000010010000000000000000000000000000
0000011010010000000000000000010101001010001000010000000001100001000000011001100000001001000000000000010001010000000100000010000000011001000000101000000010000000011100001000100000000000010000000000000000000000000000000100001110000000010001001001000000
0110000000000000001000000100001000000000000000000000000010000011000000000000100000000010000000101000000000001000000000000000000100001110000000001000000000011100100100000010000000000000001000100100000000001000101001000000000000000000000000000000010010
0110000000101000010000000000100000000000000000001000000001100001001000000000000000011000010001000000101000001000001100001010000010000000001100100100000110000000000010000000000000000000100000000000000000001001100001000000000000000001000000101000000000
0100000000000000100100010000000000011000000000110000000000101000010000010000000000000000000000010101000000000100001000000011100100000000100100000010000000000000010110000001000000000000000001000000000000010000001100000000011010000011000000001000000010
0010000000100000000110000010000000000000000000000000000000000001000000000100100010000010101000000000110110000000000100000000100000000000000000010101000000001000100000010001001000000000000000000010000000100001000000000010000000000001001010000001000000
0100001001000000000000000100001011000000100000000000000010000100000000100101000000100000001001000000000101010000000000001000000000100000000000011001100000000000000001100100001000001010100010000000010000000000010001110101000110000100000011001001000000
0000000100010000000000000000000010000000100010000000100000011000000000110000101100000001010000000000000000000100001000000001000100000010000000000100000110011000010110000000000000000000000000000000000000000000000000010010000000000000000000000010100000
0010100000000001000010000100000001010010010001010000100000000000000000000000001001010010000010100001000100000000000000100010000001000010000001011000000000011101000001100000000000000000001000100000000010000000000001000000000000010001000110000000000010
0000100010110000001000000001010100000001000000000010001100000000000000000100100000000100100000000000000100001011010000001000000000000010000000001000011010010000000000010000010001001000000000000000000010000000000000001000000000000010000000010000000001
0000000000100000000000000000000101000000000100000000010000000000000000000100011000000000000000000000000000000000000000000000100000000000000010000000000101001000100000000000000000000001000010001011110001000001000000010000000000000100000100000100010000
0000000000010011000000000000000000010001000100010000000000000000000001000100000000001010000100000000100000110000100010000000001000000000000000000010010000000000000001000101000000001010000000000000100000000000000001000000000000001000000000000000010000
0010000000000000011000000000000010000000001010000000000100000001010100000001000000100000001010000000001000010010000100000001000001001000001000010010100000000000000001000100000000010110100001000110000000000001000000000100000000000000001000100000010000
0000000000100000000100100000000000000000000000000000000000000100010010000000000000100000000000000000000000101001010001000010001000000000000000000100000111000000000001000011100001000000001000001000000000000000000000000010000000000000000000010001010101
0000000011000100000001000000000000000001000000010001000001011001000010101000000000100100001100000100100001100000000000000000000000000000000000000000000000000000000001100000000000000001010000101000000000000011000000001000000101000101000000101000000010
0000000000000000000100000000000000000000100000010000000000000000001000010000001001000010000000101000100000000010000001100000000000001000010001001000000000000000110000010000000010000000101000100000000101000010000000100100000000000010000010000001000000
0000000000000100000001000000100000000000000000000100000000100000010100101001000000000001000000000000000100000010000000000000000000000000000000001101000001001000000000000010000000000000000000000000100000000000000000000000000000000000010000000000000000
0100000100000000000010001000001000010000000000011000000000000101011100001000010011001010000010000000000000001000000000000000000000000000000010000000000000000000000001000001000000000100011000000001000000100000000001000100000010000000000000010001100000
0000000000000000001100000010100000001000000000010000000001000000101000000010000000010001011000110010000001000010001000010000000000000100000010001010010010000000010100010000000000000000000000000000000100000100000000001000001101010000000110000000001001
0000000001100000100011010001001010100101011000000010000001001000011000111100000000001000100010100000010000101010000000000000000001010000010000100000001100100010000000001000001000000000000100000101000010001000000000101000000000000000000000000010000000
0000000000100000001000000000010000000000010100000000001000100100000000100000100100001001101000000100100000000000010000100000000010000000000000010010000011000000000001000010000000000000000000000000100000000000000000000000000000101000010000000011000001
0000000010000011000100110000000111100000000000000110000010101000000100000000000100000000000000000000000110000000100110100100100100000010000010000001001000100000000000010000001100010100000000000000000000001100000011110010000001000000000100001000001000
0001000000100000001100000000000010010010100100000000000100001000000000011000000000001000000000100000000000011000000000001010010101010010000000000001000010000010000000000010101000100000001000000100010010000010010000001001000000010000100000000000000000
0000000000000000100000000000101000001001000010001000000001000010001000000000000000001000010000001000000000000010010011000100110000100000010000001000100100000000000000000000000000000010110010000000000000000101000000000110010001010000000000100000000000
0001000010100000000110000000100000110010100001000101000100000000000000000000100000000010000000000000010000000100001000100000100000000100100010010000011100000100000010100010000000000000001010111000000000000010000000010100000000001000000000010001000010
1000100110000000000001000110001100001010000000000010100011000010000010000000000001011000100000000000001001000001110000000001000101011000001000011000001000000010000000010011100000101010010100000000000000000000000011000000000000010000000000000100010000
0001000000000010000000000000110000000101010000000001000000000000001100001000100010000000100010000000010001000000001000001000000000000101000010000000000000000110000000010010000000000100010000001000000000001000000000011000010001001100010001000000000010
0011100000000000010000100100110101000000000010010001100100000000011010000010000000000000000000000000000000000000000000000010000000100100010000000110000010000000010000000101001000000001000001100000101000001000100100001000000001000001000000000010100010
1000000001010001000000000110100000001000000000010000000010110100000000000001000101110000000110001000000000001000000000000100101111000010001100000000000001000011010000000000100111000101000000110000000000001000100000000100010001000000101110010100010011
1100000100100000110100101101000100001011011000100000000010000010000100000001000000000000000000000101000001000000010010000000010000001000000000000000010001000010100000100110011000010000100000000101000100001000001000000000000000000010010011000010010100
0010000000010100010110001010000010010010000000000000000100110000000001000010000000000000010101001000000000000000000010100000000010010000001011100000011000000000000000001000001100010010000000000100000100000101000000000000001001000010000000000001100001
1000000000100000010000000000000000000000100000000000000000000110000000000110000000001000100000001000000010000000010000000010010000010000000000001000000000001000010100010000000000000000010011010000110000000111000010000000101000000001001000000000000000
0100101000000001000000000000000000000000000000010000001000000100000010000000000000000010000000000000100001000000010000000000000001010100000000000000000000010000000010000110001101110000100000010010001001001000011100001000000000001010100000100100001001
0000000000000000001000000000001000001000000000000001000010000000000010101000000100000000110101000100100000010100000001000000000000100000000010000000000000000000100101000000000010000000000100000000100000100100001010010010000001100000100100000000000100
0101000000010010000101001000000000001001000100000001100000100100100001100001000100010000000001000110000010001001000000100010000000000001000000010000001001000000000000000001011110101001000000000010010000000010001010000010000100100110000000100000000000
0000010010010100000000000000010000011000000000000001100000010100001000100001000000000000000010001000000000100010000010001000000100100000000000000100100000000010000000001000100100000100000000010001000011000000100001000001000100000000000000100000000000
0000000100111100000001000110000001010110000100100000001000000000001100000110000000000000001100000000010000011001000100000000000100000001101000000000010001000010000000010000000000000001000000010011100001000010001000000001000000000000001000001100000000
0100000001000010010000000100000001001001100000010000000000001111000100000101010000001000100000000001000000010010000010000000000111100100000101000000000110000010100001001010101000010001100000000001000000000000000000000000000000000000000001001000100000
0000000000000001010001000001000010010100100001000101000000000110000100000000000000000001000100000000010000001010100000001000000001000000100101000001000100001010100010000101000000000000000000101000000000001110000000000000100100000000101000000101000000
0101000000000000100000000000011000000000110001100100000010000001100000001010100000001000001110000000000000000001000000001000000000000000000000000010010000000100000000000011000000000100001000001010000001010000001000000100000000000000000000001000101001
0000001000000000000100010010000010100100000000000000000001000010000000001001010011100000000000100000000000101001000000001000000000000010000000010000000000100000010010000000010000010000011000010000011000001001000010000000000000010000000000000000000000
0000100000000001110100000000000000100010000000000100000000110000101010000000000000010000010000100000000001000000000000000000100010000000000110010000000000001000010000000000000000010000100111010000001000000000000000000010000000000000000100000000000100
0010010000001001000010000010001000000000100010110100000000000000000011000010010100000000000000000001001001011000010000010000000001010000000000000001100000000000000000101000000001000000100100100011000011100000100001011100000000000001010100000000000000
0100001000001010100000000100000000000001010000001000000000000000000000001000000100000010000100000100000001110000001000100001000000000000000010000000000000000000001000000100110010010001000000000000000000010001001100000100010000010000011010100000000100
0001011000000000000001001000000000000000000000100010000010100000000000000000001010000101001001001000000010111110001000000000001011000000010000100000000001000100010110010001010001000011000000010000010000001000001010000100000001000000001000010111001000
0101000000100010000001000000000000000100000000001000000000000000000000100001101010000011000001010100000100101011000000000000110110000000000010000000000000000000000010001100000010000100000111001000000001000101000111000000000110000010010000010000000000
0100011000100110000010000000100010000000000000000001010000000010000011000000000001000000000000100000000000000100000000001000000100100000100101011010001000010000100000110000100000001000000010000000000000101001000000000001010000000100100101000110000001
0001000000000010000000100000011000011000000000000000100000000000100001001000010000100010011000100000100100000000000100010001100010100001000001000000010000000000000010000000000100100100000000000000000000000000000000001011000000001000000000011100000100
0001000000010000000010010011000000001010000010001000000100100000000000000110100000010001000000000001000000000010010000000100000000001000010100001000000000110000000011000000000000110100100111110011000000100000000000110001001010010000000010100000000000
0011001000101010010000011001100000001000000001001100000000001000100000111000000100000000010010000000000000000000001000000001001000100000000000000000010000001101100000001000000110000000001000111000000100000100000000100100000000000001000000000000100100
0000000100000000000000000010000000000000100000000011001100000000010000001000110010111000000001000010000000000000000000000100000000010010010000010001001100001000000100000000011001000000000000000000010000100000001000000001000010011000001000010000010001
0001000001000000000000000000000010100001000001100000010100001010000000011000100100000000010000010000001011000000000101000100001000000011000000001100000001000100000010111000000000010001000110000001000100001000010000001010011001010100001111001010000000
1010000000010000000001000000000000000010110001000000001000000100000100000000100000000000001000010001100001000000001010100000100000000010100000000000100000001000000000000100000000010100000000000000000000001010010000010000000000000100010001001000000000
0000011100000001001000000000001000000011000101000000000000010000000001100010000000000100001000000000110000001001001100000000000110100110000101100000011001000100010001100100000000100000001010110000001000000000000110101000101000100000000000101000000000
0000000101000001000000000001000000100100001001100000010010000000000001000000100000000100001000110110000000000010000000000000000000000000001000000110001000000001000010000110000001000000000100000000000000101000000000100000000001100110000010000000000001
0000101010000101010000100000000010100001000100000001000001010100001000010000000000010010011100000000000000000000000000001000000000100000000001100010001001100110000010100000000000001000000010000001000000100000001000000000001000000101000110000001101010
1000000000000010000000010000000000000100001000100010100000100000000011000000000000001000000010000010000010010000001100100000010101000100000100010110000000000000001000000000001000001010101010000001101010000000000000000000100100100010100000100000000000
0010000000000000000010000000000000010001001000000100010000100000000010001011000000111000010000100000000000100000000000101010000001000000000010000010000011010000100100000010000010001000100010011100011100000000000000001000100000000000000000000000000000
0000000000010001100011010100000001010100110100000000000100000000000000000001010000000000100000000000000111000000000000000001000001010000100000001101000000011000000010000000000001100000000001100000001100100010100000000001000000000010000000010110010000
0000000000000000000001000001010010000000000110010000001000000001000010001000100001100000000000100110000000000100000000000100000000000011011001000100000000100000000000000001100100001000110001000001000000001000000010000010001001000000000000110010110000
0000010001100010000010000010001001100000000100000000000000000000000100000100000100000000000000000101000000100000000010101000000000010100011010000010000100000100000000100001101100000000010000010111000000100001000100000000100000000000100100100110000010
0001000000010001100010000000000000000000000000001010011000000000001000000000000010000000000000000000101000000000000100000001010010000100100000001001000000000000100001000000001000100000011000000000000000100001000000010100010001100001001000000000000000
1000001000001100010110000001000000100000010000001000000100000000000000100010000000010000000100000000011000100011000000000000000000010010100000000000000100000000000000000100000000000000000000000000000010010100001000000000000110000000100100001000000000
0000000010000000000001010000000000010100000101000000001000000000100000000000100100100100101010000000100000000000001010000000000101001010010000000110000000000000000000100000100000000110010000000100000010001000010000100000000000000000000000100100000010
0000000001000100001000010010000000001010000001100110000101000000110000100100010000000001000100100000110000010000100000000000000000101010000000000001100010100001000000000000011001000000000000100000000010000010000001000000000010000001010000000000000000
1000010000001010010010000000000000100000010001100000000000000001000000000001000000000100000101100010000000000100000000000000100100010000000000111000000000000100000000011000010101001010000000000100000000010000110100010000000010100100000000000000100100
0000000000000001000001000100110000000100000100000100000000000000100001010000000000001001100001000000000000010100000100100000010001001100001000000000000000000001000000000010001000110100101010010000001100010000001000000010000000001100000000000000000000
0001000000000000001011000010000000000000000100000001000100000101001000000000001000000000000000000001100010100001100000000100010010101000100000001101100110001000001000000011001000000000000001001000000000000000000000000000010010100001010100000000001001
0101010011000000001000000000100000000000000000000000101000000010000000110000000000001001000110000100000010010000000000000010000010100010100000000000000010000000000000000000000000001000001010100100100000010100001000000000100001010000000100000000010011
0000000000000000000000000100001010010000000010100100000100010000010001000010001000000010100100100000010011000000000000000000101000000010011000000100100000000000000000101000000001000000010010000101100100000000001001010100010000000010000000000000000000
0000000010000010100000010100000001000000001001001000010001000001000100000100010000001100000000000000001000000100101000010000000100000000000100100000000000000010000000000000000000000000000000001000000110000000010010100000110001000100000010000000000100
0000110010000101100010010000010100100000000001010000000000001000000000110100011000000010000111000000000000100000000001000000010010000001000001100000000001000100010000000010000110001000000001101100100100100000000000000001100100000010010000100010000000
1000000000000100000000001011011100000101010000100000100000000000000000000101001000000000000000101000000001000000000100000010000010010010100100000100000000100000100001010000000110000101110000000100000010000010001000100000000010010000000001000000000110
0000000010000000000010000010000001000010010011000000000000001000000100000100001101010000000000001000011001000010010000110011000000010010000000010000000000100000100000000000001000001000000100000000000000001000001010011000000010000000000000000000000010
0000010000000000011010000000100000001100001000001001000000000001101000000000001000010000000100000000000000010000000010000000000000000101100100000000010101000001000000001000000000000010000000101000001000100001000000000000000000000000000001000000100000
0000001000000001000000000000000000100001000000000010010010100010000110100100010000110100100001001010000000001001100000001000110000000001000010001000000000000001000111100000001000001001000001000001010000000000001010010000100000001000000100000010000000
0000000000000100000011000000000000100000001010100000100100000000001010001000000000100000000001011100000000000110001000000000000100000001000000000000011001000000001000001000000000000100000000100000000000000111000100000000011011001010000000101010000000
0000001000000000000001000000101001000000001000000000100000010100000000000000000000010000000000000000010000000000100000000000100110000000000000100000100010010000100100000000000000010000000000000000000000000110100100011000110000110010000001100010110010
0000010000100001100000100100100010101010100000100000000100000000010000010000100000000000000000000000001000000000000000000001000100000000010000000100010010000000000000000100000011000100010000001000000000000000100000100000001000000000010000100000000000
0000100000000000000010100000000010000000000111101000100000001101001010000000000000100000010000000100000000000000100000100001001000000000000011000000101010000101000010100001001010100000000000010000100000010000000100000010000001001000000001010000000000
1001010000110000000100000000000000010100101000001010001100100010000000000000100000000000001111000100000000000000001100000000100001000000100000100000000000000000010000000000011000000000000001000000000000000100000000000000000000010000000000000000000100
1000110000010000000100000000010000000000010100000100000000001000000100000000010010001100000001011011000000001000000100001000001010100000000010000011000000000000000000000000000000000000100001000000000010000000000000000001000000000010010100001000001000
0011100000000011000000000000000000000010000100000000001100100100000000000000000000010000000000000000001000000010000000000000100000001001000000000001000000000000000000000000000000100000000000000000000000100001000000000000000010000000001100000000110000
0001111000000010000000000000000000000000000000000000000001000110010000010000110000000000001110001000101000000100100000000000000001000000000000000000000010001100000000000001100000000000000010000000100010100001001000000000000000000000000000100011000000
0011101001000000000000010000100000100000000000000101000000000000100001000011000110000010101000000000000000000100000000100000000100000010000000000010000101001100001000000001111001000000000000000000000000000000100000000001000000000000000000000000000000
0100000000000000000000010000100100001000100000000000010100010100100010000000100000001001001101000000000010100000000000001000001010000000000100000001000010000000000000000101001001000001000001001000100000000000100001001000011011010010100000100000101110
0000000000000000000000000000001000000000000000001001000001001100011011010000001000010000000000000000100000010000000000110001000000000000000000000000000000000000101000000100000000000010000100000010000000000010100100110110011000000000001000000001011000
0000000000000000000000000000000000000010000000000011001000000000000000000010000000000000000011000000000011001001100000000010010001001011100000100000000000000100000100001000101000100100000011000101000100000000000000001100000000001000010001000001000100
0000100000000000000010000000000000000001000110100000000001001000100100010000000101000001000000000010000110100000010000000010000000010100000000000000000000110000000000010000101100000001000000000010000100001100000010000000001000000000000000110000000001
0000000000100000000010001101001100110010010000000000000100101000011110001000100010000010000100100000000100001000000100001000010000000100000000000010100000110000000100101010010011100000000100000000000001000000010000000000000000000001000000000010000000
0001010000000000000100100000010000000000000000010000100000001010001000100000000000010000000001110010000000001010000000011010000100101001101000000010000100000000010101000001000100111101010100000000000000000000010010000000000000000100010010000001000100
1000000000101000100000000000011000100000000000001011000000100000001000000000000000000100000000010010000000000000100000110000000101000000000000000010000000000000000000000000000011001100000000100001001000100000100001001010000010000000000100000001000000
0011000000000010011000001000000010000110000000010100000010010000000100000000000100000100000000001000101000000000000000000000110000001000100110100000000100100100000000001010100000000000000000001000010000101010000010100000000010100000100000010000100000
0010011000101000001001000010000000001100110100010000100010100000000001011000000000000101000110001010010000010001010100000110000000101000000000000000000001000010100000000000000000000010000110000100000000000001110000000010001000000000000001010001000100
1000000000000100000100000010001001000000010000100001010000001000000000000000111001011010010000000100100000000000000000100000000001100000001100000001000000000010000000000000000100100010000010000100000101010100000000010000000010001000000010000100000000
0001001010100000000000000001000010000000011001000010000001001000010000100000100001100001000000000000000100000000000000000000000000010011100000000011100000000000000000000001001100000001000010010000000000000000000101010000100000000000011001000000000000
0101000000000000000011001000001001100000010011000000100001010000000000000001100010000000000010000000000100000001010000001110000001001000000000110010011000100000000000000000011000000000100000001010110101000010001100000000000000000000001100001000000001
0001010000000111000010000010001001001100001001000100000000000110010000100100100010101000100000001001000000000001110000010100000100000000001100000001000001001000001010000000000010000000000110100000000000100000101000000001000101000100000110000000010000
0000000010101000001000000001000001010000000000000000100001010100100100010000100000010000000000010100001001100000101000000000100100000000101100000000000100110101000000000010000000000000010100011010000000100000000000000000000000001000000000010000110000
0000000000111000010101000000000000000001100000001000000000011000000000001100000001000000100000001010000010000000000000000100000000110000001000000000100010000001000000000100000010100000000000000010010000000000010000000010000000000000001001000001000000
0010010000010010000000000101000001000000000000100010000000001000000000000100000000000000000000101110101110010110000000000110000001000000000100000010000001001000000011000000000000000000000000000001000000000000000000100100001000000000010000001010100000
0000000000001000010010000010010100000000010100000000010110000001010100101000000000100000000000001010100110000000100000000001000010100000100000001100000000000000100000000010010000000010000010001001000010000100101001000000100000001010000000010000000000
0000000000000001001010000000000000000000010000000000000100010000000000000010110000000000001010000000010001001000010000001010000000000000000010010000000000000100011100001000100000001100000001000001000000000000000001100000100000000000010000000000101000
0000000100100000000010000000010010100000000010000100000000100000000001001000000010010100010000010000100000000000000100001000000011100001000100001000000000000000000000001000001000000000000000000000000000000000010000000001000010000000000000000000100000
0010000000100000000000000000000010100100000000100000100000000000000001101000000000010010000000100000000000000000000001000001101000001000100000000000001100100000000100101001010001010000000000100000000001000110000100010100010000100000100000000000000100
0000000000000010000000000000011000000000100001000000010000000000000000001000000001100000001100001001011110000010000000000000000000000000000010000110000000000000000010000010100001000001100100000010000001101000001000000000000100000001100010000100100001
0000100001000000000000101000100000000000101000000000111000000110000100011100000001000000000001111100000000001000000110100000010000000000000101000000000001000010001000000100000010000001010000010000000000000000000000010000011100000000000000000000000010
1000001100000000000000000010000000010000000000000001100000001000010100000000000000010000100100000100000000010101000001001000000000000001010000100000000000000000000000001000000110100000000000001000000000000000000000000001100001000000001100100000000100
0000100100000000010000000000000000000000100000000100000000000001000100000000000000011000000000000010000010000010001100011000000000001000000000010100110001000000000001011000000000000000000000000001000000001000100000000100010000000001000000000000100011
0001000000000000000000000001000010000000000000000001000000000000100000001010000010000000100001000100000000010011000010000100000000000100100010000000100000000010000011000000001100100010100000100000000010001001100000000000000000000000010000000010100000
1000000000000000000000000000011000000001000000100000001000101000100100000000000000000100000000000000000100001000010000001000011000000100000000010000110000010000000001000000000000000001000000010000000000000010010000000000000100001000110100010000000100
0010010010000000000100100000010000000001010101101000000100100100000000000001000001000000010110000100000000000001010000000000000000000100001001000010000000000000100100100000000000000000000000000010000000001000110000100011000000000010000000000000000000
0101000000000010000010000010110000101101001100000110000010010000000000000010011000000000000000000010001100000000000000100000000100000000001000000101000000000100000000000000000100001010000000000010010000101000100000000000100100000001000100101001001000
1000100000000000000101000010000000011010001100000000001010010001000100000000010000000000001000001001000100000000000000000000100000000000000100100010001001000100100001000000001000101000000000000100010110000000100010000101100000000000001000000000000101
0000000000000011000101011000000100001000000001000000000000000010000000000100000000000010100000001000001000000101000000000000000000010000100000100000000001000000000000000001100000000000010011000010000000110010000000000000001010000000000000000000000010
0000010010000000011100000000000100000110000000001000010100000000010100000000010000000000000000000000001000000001010010100001000000000110010000000110000010010110010000000000000001000000011000100000010000000000010100000000010000000000000101000011000100
150 205
128 2
