250 250
0000000100001000000000100010000000010000000000000110001000000000000100000100000000010000000000100000000000010000001000100000000000000000110010000000010000000000010110000000000001000000010000000000000000000000000000101000010000000100000000000000000100
0000000011001010010000000100001000010100000001000100000000100100010000000000000000000000000000000010010001100000100000000000000010101000000000000000000000000000000000110100000101000001000000011000000000011000100010000000000001100000000000000100010000
0000001000000000000011100000000000000000010000001001010100000000011101000000010101010000001001000000010010000000000000000000000101000011000000000010000000010001100101000000010000000000000011000010000010000100101000010000000000000100000000000001000000
0000111010000000000100001100000000000000000000000000000000100000001000000000001000000000000000000000001100010011000000000000100000010000010100000000000010001111000101001000010000000000000010010100100000000000001001100100001000110001000000010000000001
0000100000000010000000010000000000001000000010101000110000000000010000001000000001001010000010001000001001010001000000000000000100000000001000100000100100000000001000010010100111000111000010000000000000010000001000001000000010100011000000000000000000
0000010000000001010000010010101000000001101000000000000000010010000100000001000000100010000010000000000000000010000000000011001101010000100001100100000001000000000000010001001010000000000000000000000001000010001001010010001000000000100000000000000100
1001000010001001000000000000000000100000001000100111000001000000001000010000000000000010001110010000011001000000010000000010000001100010000100000000001000000001001001000000000000000000000000000000000010000000000110101000000010001000000000000000001000
0110011000100001010000000100100000000001110001010000000001000100000000000000000001000110010000111100000000000000000101001101001000000000000000001000000000000000000000000000000000001100000000110100010010000010000000001000110000100000000001000000100000
0000000001000110001000001010000010100000000010000000000000001000000000001010000001001100001010000010001001010001000000000000100010000000000000100100010000000000001000000001000001011000010000000001000000000000110000010100001011001000110100000000000101
1000001000100000000000001010000000000000000110000000000000001000100000001110010000000100001000000100010000100000101001000000011100000001000000000001000010100001000001001001000000101001011000100100010001000001001011100000000000100100000000000000001010
0000100010010101000000000000010001001010110100000000010001010000000101000101000000000100000000000000000011000110010000000000000100000011001010110001000000000000000010000000001000000000000000000000000010010000000000011000001010010001000100000100000010
0001001000110000011000010000000000000100100000010000000100001000100001101000000000000000000011000000000110000101011000000100000000000010000010010000010001000000000000000001110110010000000000001000000000000000100000110100010101100010000000000000001000
0000000000000000000100000000100100000000000100000001000110000000001010000010000100000000000000001000010000000010000000000000000000100000101000000000000000000000000110100000100100101000000010000000000000001000000000000000000000000000000000000001000000
1000100100010100000100100000100000001000000000000000000000110111010010000000000110010001010100001101000001000010000010000000000000100000000001000100001010100000000001000001000001101000001000000000001000000001000000011000101010100000000001100000010000
0000000010000000000010000000000100000100000100000001001000100010001000010000010001000000100000000000100000000000001000001010000000000100100000000000000010000100000000000000100100000000000100100000000000000000001100000000000100000010000000001001000010
0000000000001011100010100001101100000010001000000001000001010000101000000000000000010000000000010000000110001000000010100000010000110000000001001110000000000000000000000100110000010010000010000001000001000000000000000010010100000010101010011000101000
0010000000110000000100011000000000000000101000000000000000010000011000000010101000100000000110011100001000001000000011010000000000000000010001100000000000000000010000000000000000001000000000000010001000000000000100000000010010010000000100010000001000
0000000000010000011000000000010000000000100010010000000000000101001001000000000001000000000001000100000010000000000001000000000100000010000100000000000100000000000000000000000100000000100010000010100000000110000000010000001010000010000010000000000010
0000010000010010000000101010010000010100000110001000100000100000100000000000101010100000000000000000000001100001101000001010000010000000000000010100001000100100000000000000100000010000001000000000000000010000001001000100000000000000000101100000000001
0000000000010000100000100000000000000000000000000000000001100000000000000010000100010000000000001000000000000110000000000001000000000001000000000000000001001000000000111110110000100000000000000011000100011000000100000000001000001010000100000110001011
0000000000110000000100000000000000000011000000100000010001000100000000000000001000011000000000000000000000001110100010000100001000100011000000011000000010000100010111100000000100000000000100010010000010100000100000000000000010000000101010000000000000
0000100001000000000100000000000000000000000010010010000010000101000110000000000000100000100000000000010010000010101010001000000000001010000000000000000000000100000001000101100000000000000000001000000011000110001000100000000000001001001000000101010000
1001000000000000001010000010011000100010100000001011000011000000000000010001001000001000000000010001000000100000100110000010000100000000001000010000000000000010001000000110010000010100000000000000000001010000010000101000000000100010011110000000010000
0000000100000000000110001000000001000000000000000100010010000001010010000000000011010100110000000001001010000000000000100010100001010000000000100000000000000000000000001010100000011010010000110000110000010010000100101100100000001000101010000100010010
0011010100000000111000000000100000000100010000000000001000000001000000000001100011100010001000000000101000000010000000011000000000001000000000000001000000000000010000000000000010100000000000000000000001000001100000001000000000000000000010000000000010
0000000000000000100000000010000010100001000011000000001000001000001000010111000010000000000000000000000010100000000010000000010001000100000111000000100000000000000000000100110000100000000110100010010011000000000010000001000001010000000000001000000001
0101011101001000000010000000010001001001010001010101000000100000000000000010000001000000000001000000000001010000000010001101000100000000000001001000000000000000010110010000010100001111000000001000000100000001000000000000010000000000001000000000000010
0000000000000010000000000000011010100001000000110000000010100000001000101000000000000010000010000010000001000000000001010000000010001100100000000000000000000000010000100000000001000011000010000000100000000000000000000000000110101100010000010011000000
0000000110000001000010011000000100100000000000100000100000100100000000000000000000000000001000001000000001000000100001000001000000110100000000100000101001010000000011010000001100010000100000100000000000000101000001000001000100000000001100100000000000
0010101101000000000010001000000000000100000000000000100000000000000000100000000000000000010000000001000000001000001000001000100100010000000000011100000010000001110100101000010000000000100100100000000000000000011100000100000100000000000010000000100000
0000100001000000001101001000000011000000000000100000000000010000010000001000000000000000000010000110010011011101000100000000000000000000000000001001000000000101100001100100000100000000001000000010000000011000000010000000000000000000010000000001000000
0100000000100010000000000000010010110100000000000000010000000001001000000000000000000000000110010001000000000000000101000000001010000000000000000000100100000010000000001010100000101000000000100100000010011000000110000100000000001100000000010000000000
0000100100000000000000000000100100000000100000000000001010100001000100000001001010000001000010100000000001100010000001100000000000011000100000000000000001010000100001000000000000000100101100000101000000000000000000010000000100000000000000000000010000
0001000000010000010000000010100100000010000000100100000000010000001001000000100010100000000000000000000000000000000000000001000100000100110001100000001010000000001000000000001000010000001001100010000001001100000000010010000010010110000000000000101000
1010001000010001000000001000000000000001000011010000000000001101000000100000000010000000101010000000000000000000100000100001000010101100000001000101000000000001000000110000000001000111001000100000000000110000000100000000000000000000000010001000000000
0000010000001100000000000000000100000000000000000001001000000000000000000010000000000000101000101000001001010011000000100000100000000000000000011000000010000000000010000101000000000000001000010000000010100000000010010101000010100100100000000000000000
0000000000000000010000000000000010000001000100010001100001100000100110000000010000000000000000101010100000000000101100001000000010000000001000000100010000000000000100000000000011000000000000000000000000000000000000000101000000000000000000000100000000
0010001100001000001000110000010001011000001001000100001100000000100100000010010000100000000000000000101000001100000000010000000000000100000000001001000000010000100100000010010000100101001000000100100010100110001000000000100101010001000000010000000100
0010001000010001100000100000100001000000110100000010010010100000000100000100100010100000010000101001000000100100010000000000011000011000100000000000001101100001000100001000000000000000100000001000110010000000000011000100001000100000000100000010000001
1000100100000000000000000000000010000000011000000000010100000010111000001000000100000010011110100001000000010000100101010010000001010000010100010000000100001000000000001000000010000000010000000000000100000000000000000001000100000000001100000001101000
1000000000000000001000001010000000010000001100101000100000000000000010001010100100100000001000000000000000000010000000000000100010000001100000000000000000100100001000000000001000000001000000000010000000101100100000100000000000010100110011000000100000
0010010000100000000100000000011110000100000000001001000000100001000000000000000100010010010000000000000000000100000000001000000000100000101100010011000000110010000000000000010000000001000000001100000100101001000000000000110001010100000001000000000000
0000001000000000000000100000100001000000010000010000000000000000100000100000000000001000100010000010010000110000001100100000000000000000000000010000000000100000000000000000000000000001010000000001000000101000100000000000000100100000001111000001100011
0000010000000110010001000010000010000000000100010000100000000000100001010000010000010010001000000000000001010011000101010000001101001010100000010000001000001000001000000000000010000000000100010000000100100100000011000100000001000000000000000000100001
0000110000100000000000010000000001000001000000000000010001000010000000001000001010000000000000100000000000001000110000000000000000000000000001100001000100010010010000000001000101000000000000000000000001010010000000010000000000000000000101110100011000
1010000000010000000001000010001001010100000000010000000011000100000101010000000010000000001000000100001000000001000000101001100000000101000000000110000000010000000000100000010000001000100000000000100001000000000000000000000010010000000000111001000001
0000000100100000101000000000000000001100000000111000001000000000000000001000000100100010110001101000000000000000000110101001000000001010000000000000100110000100000000100100000010010010001001000000000001000010011011010000000000100010000100011000110000
0000000000100000000000000010000000100010000110010000000010100000000000000100000001001101000000000010000100000000000100000000000010010000000000000000100100100010101000000000000000100000010100000010000010001001110000000001000111000000000000100000100000
0000000000000000010000001000100000101010010000100010000001010000000010100001001001001000001000000000100000000010000000000001010010001000000000000001100100000010010000000000110110000000100000001001100000010001000000001010000000100010000101100010000000
0100000000001000000000000000000000000101000000000000100000000000000001000010001000000000000000010011000000000001000010101001000100001000010000000000000001001000100000000010011000001100101011100010000010000010000110000000100100000110000010000100000000
1100000000100000010001100000000001010000001000000010000001000000100100100001000001101001000000001110001001000000100000010000000001010001000010000100000011100000100010000010000010010000100000100010100000001000001000000010010000000000000000000000000100
0001001101000000001001000001000011001000000100000010000000100000001000000000100000001000000000000110010000101000001000000010001000000000000000000001000001000000100110010000000000100000000001000100000000000000000000001000000000010100000000000000000000
0000000101000000000000100000010000000000111010100000000000000000000000010000010000000010000000001000000000010100000001000000000000000000001000000010000000000000001000100000001000100000000000000011001000000000000100000000010000000010010000001000000000
1010100000000000000000100100100010000100000010000000000010100000001000100001010010001011000000000000100000001000000100000000000101000010000000000010000000000100001101101000000000011010001100100001001000000010000000100000000000000000000000101000000010
0100000000000000100001000000000110101000110010000000000000011000000000001000000010000000100010010010001000100001001000000001000100000000000000001000101100000100110000010000000100100000000000000000010000001000000001100000001011001001001000000000000000
0000000000000000010000011010010000000000000000001000101100001100010100000001000000000010001010000001010000010010001110000000000000110000000010100101000000000000000000100100000000000000000000000010000101000000000000000000000010000010000010000000000000
0000000000000100000100000000000000010010000010100001000010000100000000000000000001000000001000100010000001000000010010000010011010000000000000000000001000101110000000111000001000000110000000000000000000000010000000010000010000001000001110100010000000
0000000001000000000000010000000000000001110110000101100001010000000000000001101000000001000011100001000000000000100000000010000100001001001010000000001000000001000000101100010010000001000001001000000100000010100110100000000010010000100010000000100110
1001000000100010000000001000000000000000010010001110010000010010011000000000110000001010100000010000010000000000000011000010000000010010101000100001110000000000000010000000010000000100000000011000000000000000000100000010100010000101000010000000000000
1011010010110000000000010100100000000000000000001000000100100010011000010000101100001000000100000000000010000110000000000100000000100000100000001100001000000001100001010100100000000000000100000000000000000010010000000001000000000011000000000000001100
0010001100000001100010011100010001001100000100001101000000010000101000000000010000001000100010000101000000000100011000000000000100000100000000000000000000011000000100000100100000110001100001100000100110010100000000000100000000001000000000000101000000
0000001000100000000001001100000000000000011000000000010100000010000100000000001000000001000000000001001011001110000000000000010000100000100000100000000000000000110000110100100000000000000010000000001010000100000000010100110000000000000000100000000100
0110000000001000100000010100100000000000000000000000000000000000000000000010000011000000011110010000000100000100100000010000010000000000000010100001000010100000100100000000100000001000100000000101011100000000101010001000000000000000000001000000000000
0010000010000010000100000000000110000011000001001000000001000000000000000101001010000000011000101100000000010000000000011010000000010100000001000000100011011000000000000000000010011000000001000001000000100100000000000010000000110100000100000100000000
0011001110001010001100000000010000100000000000000000010000000001010010100000000100000000001000011100000000000010000000000000100000000000000010000000001000110100000000000000110000000000001000000000000000010101000000010001010000100100000000000000000011
0010000010000000001010000000100000000100000000000010000000001010000000001001000000000000000000000000000000000000010001000000000000000011000010000000000010100000111000000000010000010000001000000100100000000000000000000001010010000100110000010010001000
0000001100001000010000010000110000001000100000000100100100000000000000000100000000000010000000100010100000010100000000000000010000011010000110000000000000010100000001000100001001001000000100000010000000000001000000000000000000000000000000010001000110
0000000000000000100000110000000100100010000001010000000000000000010000010001000000010001000000000000011000000000000000001111000000010000001000101010001101000000000000000000000100000000000100000000010010111000000000000011000001000000000000100000000000
0000000000010100000000100010000000100000000001110100010000010000000100000000000100100000000010000000010100000000010100000000100011000000000000000000001000010000000001001000000000000000100010100100000000100001000000110001000001000000000101000000000000
0001000001101000100000001110010000000010000010000000110000000000001111100000100000000011000000000000011000010000100000001001100000011000001001000101100000000001000101100000000000000001000110100000011000000000000001000000000000110011000000001000010000
0010110000010010000101001000001000100100000010011000000001001000010000000010101001000100000001000000010000000000110000000000000001001000000100000000001000000100100000010000001001000000011100110001100000000010001000110010001010000000000000010000110000
0000001010000000001100100101011000000000000100000100010000001000000000001010000000001000000101100000000000000000000000010010000010000000000000000010000100000010000000010000111000001001000111001001011000100000010001000001000000100010000011010000000000
0000100000100010000010000000000000000110000000000100000000000000000010010000000000000011000001011100010100100000010000001010000001010000001000000000000100000000010000010000000000000100001010000001000100000000000100000000001110010010001010110000000000
0000000010011100000000000000100000000000010100000001000010000100000000110000000000000001000110000000010000000001010001000010000010110000000000000000000100000110101000100010010001000010010010000100110010000000001000000000000000010000000000000000011000
0000000000000000000100000010000001110000000001000000000000000110000000010001000100000000001000001100101001100000001000000000000000000001000100100010001100000000000100000100000100001000000000000100000000100000000000010000100001000001000001101000000000
0101000100010000000000000010000100000000000000000000000000000101010000000010000100010000000100000110000000000000000010100000100000000010000001000000100010000110000000000100000000000000000000001000001010100000000000000001010001000000001101001000000000
0010011000100000011000000010100000000000100010101000000000000100110000000001000100010001110000010100000100000100100010010000000000000000100000101010000000000001001000000000000000010000000000010010010000000001100100000000000000000000000000100101000000
0000001100000000001100001100001001000000000100001000010100000000000101000001100000000000001100010000100000000010010110000000001000001001000000000000000000000100000000000000000000100000000001000001001000000101000001000000000100000100100000000000100000
0000000000100000101000000011000000000010000001010011000010001100000100010000000000000000000011000100000001000000000110000000100010000110000000000001010000000000000000000100000000001000010000001000010000000000000110010000000000000000001000000110000001
0100001000001000001000000000000001001010100000000000000001010010000000000000000000011000000000100000100100000000100010000000100000000000000010000100101100100000000000001000101000000000000001000001000100000000000000000000100000000100000010010000010000
1000001001000000010000000000010101000000000000100000001100011000001000000000111110000000001000010000100000011000000000101000000000000000000100011000000000000000000010101000000010000110000000100000000001100010100101000000000000010000001010010000000000
0001000000000000000000100000000001011000001000000000001000100000000000000000000000000100000011010000000010000000000000010000010001001000110000010101101000000001001010000000000000010000110000010000010000100001010000010000100000000000000000000000000000
1000001011000110000001000000100000000000100010100000001011011100000100000000101100000000000000011000000001000011100000010000000100000000000000010000000000000001000001100101110000000000000000000010000000100000001000101000000000000100010000000010010100
0101000000000000110000100010100000111100010000001001100010000000000000010001001000010000000110011100000100000000110000000000000000000000100000000000000000000000010000010000001001001000000111000001000010000000000000100000000000000100100011000000001000
0010000000100000000000000101000000001001000000000011000000100100000000000000000001000000010101000001000100110010000010100100000000000000000010000100100000000010000000000000000000000000001100000111010000000100000010000000000001000000000000000010000000
0100010001101000000010000000100000000000000000010001101101000000010000000010010000000000100000000001101000001000011101000100000000000000000000000000001011010000100110001000000000000000000001010000010010010000010010000101111000001100010010010000000000
0000000010000100000100010000000000011000000000000000010110100010001000001010000000101010001000000001000100100001000000000100000010001010100000101100000000001000110000000000000100000001000100000000000010100110000100000000000000001100100000000000000100
0010100010000010001000110010001000000010000000000000000000100100100000100101000000000000000000000000000010000000000010001000000000000010100000100000011100000010000000001000011010100000010001000000000100000000100000000000110011001000010000100001000001
1000100010000000000010011000000000000000000000101100000001000010100000000000000010011010100000000010000001000100000010010100010000000000000000011000000001000010000000001001000011001000000000000000000000000001011010000001000000000101100000000000001010
0001000100000001000000001000100100000000001000010000000000111001000000000100001100010000000000000001000010000010000010010000000100100000000000000000010010001001000100010001010000000000001000000000000000000000010000100100100000000001000010000000000000
0000100000000000000001000000000000010000000000000001000001000000100000000011100110000000000000000000000000000000010000100001001000010100000010001100000000000011000000000000001000000000000001001000000001010000000000000010000000000000010100010100011000
0000000100010100000000000000000000000100010100000000000000010000000001000001000001000001000110000000001000000000001000000000000100000000001000001000101000101001000100000001000010000000110000100000110010000000101001000000010100000000000001100000001001
0000010000100010000000000000000011000000000000100101000011000100010000000000000000010100000010000010000100100000000000000000000000010000010100001000000000000000010101000000010000000100001000100000000010001000000001000000010010000000000000000000000000
0001000001000100000000110100000000110010000001100000000000010000010010001000000010001000000000000000000001000001000000000000010000100000000000001000100000000000000100110000001000100110000000000100001010000001000010100001000000000000000000000100000100
0000000100000100000000000010001011000000101000010100001000100000100000100000011000000000000000011100100000000010000100100100000000000000000000010000000101000000000001010101100000000000100000000000010101010101110000100000110000000000110001010100000000
0010011000001010001000000101000001100000100000000000000010100000000000010000001000011000000000000000100101010000000100100000100000000000000000000001000000010001000100100110001100000011010100010010000010000000000000001001100010000000000000100010000001
0000100100000000010100100000000000010000100001000000010000000000000010000100000000111010110001000101101001000001010000000000100000000000100010110110000100000000000000000001000000000000000100000010010010100000100010000110000001000010001000000100001010
1000000010000001000000110000000001000100010000100000000000000000100000001010000000100000010000010000000001000011001000000001000011000100000100101000000000001000000000000110000000001000000000001000010100100000000000001000100000100001000010001000001010
0010000000000000100000000000000100001000010000001000000000000000000000101110000011110000010000000000001000010000000000001000000100000001100000000000000000100010000000100101010100100000100000000000000000000000000000000010001011110000000010001000010000
0000000000010000010101000010110010010100001101100000000000010000100110010000100000101100000000000000000001100000000000111000000000100001000010000101000000000000011010000000000000110010000011000001000000000001000010010010000000001000000100000010000000
0100100000000010000000110000000010100000000000010010001100000000001000000000000000010010001100000100000100000000101100100100010000000000010100001000000001010100000100000100100100101010000000000000000000000100000001010000000001000000000000000010000000
0000100000101000000000010000100000000000001000001110000010000000000000010000000000100000011001000000001010001000000000001001011001000001000000000100010000000000010000100000010011101000011000000000000100000100000000000110000000000000010000010000000000
0000000000000010000000000000001100001001010000000000100010100000000000000001000010010000110001000110000000000000000000000100000000000000010000010001000000011100000000001000111000000100001000000010000100011000100101000001000000000001100000000000000100
1000110000010100000000000010000001000010000100000000010000000000000000000100000001000000000000000001000010101001000000000000001000000000000000000000001000000000000010010000010010000001010100000000011100000100100000000000000001010000000100000001000000
0000000000000111000010001001001011000100001100000000000000001100011000000000000100010100001001000001111101000010001000100000100001000000001000000000000001000010000000101001000000000001010100101000000000000001001000000001000000000000000001010010100000
0010010000000000000001010010000000000000000001000000110101001100010010000000000010010000000001000000111000011000000000001000000010000111000000000010101000010000000000100001101100000010000000000000000000010100001000000000010010100100010000000000000000
0000100000000110101000000000000000000100000000000000000010000101010011000000001001000000001100000000010000001010000010000100110000001000000000000000000010010011100110001000000000000000000100000000000100000000010000001010000000000000001100100000000000
0011001000000011100000000000000011010100010000000101000000000000011010010000010001100001010001000000000000000000100100001000010000010000000001100000000000000000100000010001001000101100000000000000010000000000000100001001010100001000100001000011000000
0000001010000000000010000010001101101010000000000000100100100000100000000000101100001010000000000000000000000100001000000000100000000011000000000000000010100000010001010010001010000100000000000100000001000000000000000010110010000000000001011000100000
0000000100000000000000000000101011000000000000000010000001001000000000000000000000011000010001000001000010110000000000000010000000001010010000000001000000000000100000101100101000000010000000000100110100001100010010000010000000000100010010000000000010
0001000011100100000010010010001011000000001010000000000001010000000000000000000100000010000000110000000000000001000000010001011000000000000000001001100000000000100000000100100000001100010000010000000000001010100010110000000110000000000000100000000010
1100000100000000010000100100100000000000000000100111000100000000011000001100000000001010000000000000010010000010000000000000000001000101011010001000100111100001100000000000001000000000100100100000000000001100010000010000000001000000010001000000000000
0000000010010000001000100000000010000000011001001000000001010001000000011000001000000000000100010100000111100000001000000000000000000000001010000000000100000000010000000000001000000000000110000000000100000000010000000000000001110000000000100100101000
0000010000000010110010010100000000010000000100000001000000000010000000010000110000001000000100000000000000000000000000000000000100000000110000100000100110000010000000010001100100001000000001100000000010010000000000000010010001000000001000010001000000
0000011000000000001000000000100001100001000000001000110100010000000000000000000010011001001001011000001000000000101000001000100011000000000000110000000000000001011010000000000000000010100000001100000101000000000000010001101000000001000001110000001010
1110010000000000100000000000000000011101000000000010100001001000000001000000000000001010000010000000000000000000000100000100000000000001000100000100000100111000000000000011000001100000010000000011000000101101000000000000001000100000000100100000010100
1011000000000100100000000000000000000000000000000000000010010000100000000100001100001000000000000100010010000000000100010000010000000000000000111000000000000000000000100011000010010010001110100000000110000000000001000000001010010000110100000000010100
0000000000000001100000000000000000010000000000001000000100000001000001000010000000000000001001000000000000010000000000101000000000010100000110000000000010000000000000000010000100000000100000010010101000100000000100000000000000000100100001000000000010
0000011001011000001100000000001000100000000010101001000100010000000001000001000000100000100000010000000000000101100000000000000000000000000000000010100100000000000010001000000000000001000001000100100000100000001000000000000001000111100000010100000000
1000000010011000001010000001000100000001110010000000100111000100010000011000000100000000000000100000000010110000000011000000001100000101010000100000000000010101110000000000000001000000100000000000000000000000110100011100000001010000000000000000000000
0000010000110011001000000000000001000000000000010000000100000000100000000010000000011000010000000001000000000000000000110010001000100000001010000010001010100100000000000010000100001000100000000111000000100000100001101000000000000010000100010000000000
1010011001000100001000000000000010000001010000000000000010000001001000000001100000001011000000000000000000000100000100001000010000000000000000000000100000001000001101000000100000000000000000011000001000000000010101001000011100000000000001000000000000
1001000010000100000000000100011000000001000001000000010001000000000000000000000000010000100011010001010000000000000101010100000010000000000100000010000000001000100001000000000000000000010000000100000000000100101000000000000100001010010100001000010001
0000000110000000000000000000000000000000101001000000001010010010000000000000010000010000000000000001000000000000010000000000010001010001001000100001000000010010000000000001000000000011000000001100000000000000000110001001000000000100000001000100100000
0000100000000110100000000010000100110000000000000100000000000000001010000000000110010000000010100000010010100000000000000000001001000001000000001000000100000001000010001000001101000001100000001000000001000001000110011000010010001000100011000000000010
1000000000000010000000000010000000000100000110000000000000000010100100110000100010000000101000100001000010100000100100100100110000000011101000000000011000000001000000001000000101000101110101001000101001100011000000000001000100100000000010000000000000
1000000000000000101000000010000000111000000001000000001010011001100000000001000001000000000000000010000000000000000000011000000001000000100000000001000001110000000000000010000000000000000000000000000011100000010001000100101100000000000000010010000000
0011000100000001000000010100000000010001100110000101001010001000100000000000000000000000000000001000000001001100000100110010000000100010000000001000100000100000000100000000000000000000010000000000001000000000010001001000000100001010000000000000001100
0000000010010001000100000000000001000000000000000100000000000000000000100010001000000000000000000000000010000000001000000000011000000110000000100111001000000000000000011100100010000010000000000010010100100001000000010000010000000011000000000100001001
0000000000000000010000000000000000000010010000000000010000000001000001000010000000101001100000000000101001000010000101110000000000100000010001000100000000100010100000000010010111000000000000000001000100000000001010000010100000000010010000000010101100
1001000001000000000000100000000000001000000100000000000000000010100010000100000100000000010001000000000000001000000010100000000100000100010000000010011000001000000000000000000000010010000100000011000001100010010010010100000010100000000000010000100000
1000000000000000000000001000000000010001000000000010010000000100100000100000101100010101001101010100100100000000011000010000010000000100000100000100000100000000001000010100000001000000000000000000000000010000100000000110010010010000010110000011000001
1000000110100000000001000100000010101010000000100000000100000000011000010010100000000001010100001000000000101000010000001000100000100001010000100100101000000000000000000000000000000000000000010100100110011000110000010001000000010100000000110000000000
0100100010101000000000000000000001000101001100001001010000001000000000000001000000101000000001000010000010101000000000000010100000000110101010000001010000000000001000000000101000000010100100001000000010000010100000000000000000010010000000000001010010
1010010000010000000000000001000101010010000000000000000000000000000000000000000000000000000010010000000000010100101000000000100000000010000000000000000010100000100000100100000000101000000011001100000000010000001000000001000100000110000000100000010000
0000100000010000000010000000010000000000000000000000000001000000010000000000000000000000100000001000000000100010100101101000000000100001011101000100010100000000000000000000001000101100000100010000000000001001101100000110001001000000000000000001000000
0000011000000111010010100000000000000000000000000000001010000000001000000000010100001100000000110000110000000010010000100100000100011000000000001001001000000100000001001011000000010000000000100000010010000100000010000000001000000000001010000000000000
0000000100110000000100000001100000000000000101010000000100010001000001001011000001000010000100000010000001001000100001010000000001010000000000000000101000100000000000001010000000100000100001000000000001010100000100000000010000100001000101010000010111
1000000010100010000100000001000000000000010000000010001100100001000000100000010000000000010000000000100100000000000000101010000010000000010000000010001000010000110000000110010100000000000000110100101000101000000010101000000000010000000000001000000000
1000000000000000000010001000100000010000000000101000000000010000000000010001010000000101000000010010000110001001000000000000010001010000100000000000010100000000000000000000011000000010000000000001011010010001000000000000010100000000000000000000101010
0000100010000010000000000000000000000000100000000000000010101000110000000010000010000010000000000110000110000100011010001101001000000001001010101000000010000100000000100000000000010001101000001100010100001100010000000001000000100000000001001010000010
0100000000010011110100001000110000000100000000010000000000100000000100011000100010000010000000010000000000000000001011000001000000000000000001000000000010000000000000100000010000000000000000001000000000000000010101000000000000000000000000000001000110
0000000000000000010000000100100010000100000001010000010001100000101000000000001000001001000000000010001000000000010000000001010001010010001000010100000000100000100000100100000000000000000100000001010000000000000001000000000010001010100000010000000100
0000100001000000000000000001000000010000000000010010000100101001000000000000000010001000000000001000000001001000001000110000100010000000000010100000000010000000001001000100000001001000000100000001011000000000001000110000000100000000000000000000000001
1000001000000001010111001001000000000010000000000001000100100000000011000001000010100000000000000000000100000000010000001000100000011000001000000100011000000010010100000000000000001001000000001100001010000000000000000001110000001000000010010000001000
0000000001001000000110000000010100000000100011001000011000000001000000000011110000000000010100000001000000010100000010001000000000001010000000110000000100000000011000000001000100000000000001010000000000000001000100000000000000000100000100100010000111
0000010000100000000001001100000000000010000001100000001001000001000000000101100000010000001000011000100000100100000000000000000000000010000010001010100000100000000000000100000000010000010000000000001001000000001100000000000001000010000000000000000000
0000000000000000100000000000101010100010000000000100000000000001001000000110000001001000000010001100000001000000100000000010000001000000000100000000010010000100111000100000000010010000010100001101000010000101011000000010010000000000000001100000001000
0000000000000000110000000000000101000010100000100011001000100000001000000000010000001010000000001000000000100100001010000000000100000001000010000100000000010000000000000100000000001000000010110001000000100000000000000100000000000000100000000000000000
1000100000001110000010001110000100100000000010000000000011000100000000000000000000000100001000000010000000011010001000000000100000000001000000011100001001001000000010010000000000000100000000100000100000000000100000000001100000000010000000000011100100
0000100000100010000010000010001000000010000000100000000000000000001000000000000000001001000100000001000000001100001000111000000000000100000000000000001010000000000000000100000001000000001100000000001000000001010000100000000101000000010110100101001000
0000000100000000000000000010000000010100000001000000010000000000100000000010000100000000110000000000001010000000000000000101000001000000000000000001100100000000000000001000000110010000000000000000000000000000000000000000100100000000000001011000010000
1100001000001000000000101000010100000101000000001000111100000010000000000100000000000000000010000000000000000000000000110000000001010000000010000000001001000000010100000101000000010001100000000000000001000000010001110000100100001000000001101000000000
0000000000000000000000000001010000000001000001100000000000001100000000000000000000110000000001000000000001000001000000000000000010000000000000000000000001000000000001000111000000010000000000000001000001000000000010100000000010110000100000000000001100
0000000000000000000000000010001000001000000000110000101110000000100100000000000000000000000000100001101000000001010000000101000000000000000000000010000100001000000111000000011000100110001001001000000011000000000000000000010100000000000000000001010000
0000000000100000001000110010000101010000001000010000001000100000000000000010100000000000000000000010000110100001000010000000010000001110000100110000100110001000000010000001010011011101011000001000000000000010000000000001001010001000000110000000000100
0000000000000011000000101100000000001010000000000100000101100100100000100000000000000100000000000100000100000000011010000000101000000100000000001000000001001000000000100100000100010100000000000100000000010000000000001000000000001001100000000000110000
0000011000000000000110000000000000000000010010000000001000000000110000001001010000000010000000000100000000000010000001000000000000000000000000000001010001000000000000100000000000000000000000000010000000000000000000011000000101000001000000010000100000
0000000100000001100000000000000000000100000000000000101000000000011011000000000000000000001000000000000010101000000100000101000000000010010000000010001000001000010000110111000000110010000001000000000000000000011100010000000000010001000000000110010000
0000000000001010010000000000110100000100000000000000000001000000000011000001001000010110000000001000000010100000000010001000000000000000000000000000010001010010000000000000000010000011110000000000001010000101100010100000000000011000110110000001010100
0001000110010000100001000000000000000000001001000000000000000001000000110000010000000000000000000010000001000000000000001000100000000010000010010110110100000000000000100010000000000001000000000100001000010100000000101000001000000000001000000010000000
0100100000010000010000000000000110101000100001100001000001000100010100000000000000000010000000000000100010000000010011010010000100001011000000000000000100000000001000010000100000000001001001100000000000000000000000100010010100000011110000000000010110
0000000000010001000000001000001000110010000100001000100000100000000001000000000100100010000100000000000001100000000100010000000000000100000000001010000100010000000100010011000100000000000000000000000100010000000001000100000100111000000010000000000000
0000000000011100000001001000000100000000010000100010001000000000000000000000001001000100001000001000000001000001000010000010000010000001000000000000000000010001000001010000000000011000001010010100010001000010000000000000010000000000000000000000000000
0000000001000010111100001000000000000010000000101000000010010000001010000000010000010010000000000000001011000000100100000000000000001000010000000000000001100100100000010000000010010010010110000000000000001100000000100000000000001000000000000001010000
1100000010001000000000110010000010000000000000000000000000000000000110010010000000100000100000001000000011000000000011000010010010000000001000000000000000001000000000011000000001000101001000000000000000100000000010000000001100001100010000100000100000
0000010011011010000100000000100000000000100000001000001000010000000000000010000000011101010001000000000001000000000000000100000000001000100000000011000000100010000100000100001001100000110001000000010000000000000010000001100010000100100000010000000010
0010000000000000000000000000000000111000000000000000010000000000000000101000000000001001100000000010000000001000101000000000010000000010000000000000000000100100000100001100000000010000000100000000000000000000000000000000000000010000000001100000010000
0000100010000001000000000001000000000000000000000000100000000001001000100101000010000000000000010000100100010000000001100011000010000000001000010000100000100010000101001000000010000000000000000000000000000000001000010000000000001001000000000000000010
0000000000000010001000101000100100000100000001000001000000000000000101000000000100100000000000010000011000010000000000001100000000010001000000110000000000001001011010010000000000000000001010100000010000100000000000000100000000000000001000000000000000
0000000000010100000010010000000100000000000100001000010100000001000010000001001000110001000000000000000000000011000000000001110010000100000010000000000000001000000011100000000001001010100000000000100010000010001101001000000000000100000000001000000100
0000010000010000010000000010100100011000100000011000000001100000100010001010000100000000100111010011000100010100110100101000000011000000000010100010010100010110000000000110010000011000000000010000100100000000010000100000011001000010000010000010000001
1100010000100001000000001000010001110001100011000001000100111000000100000000100000000000100100001100000100010000000000000000000000100000001010000100100001100100000000000000001000000010000000000000000000000000000001000010000001000000010000000000100000
0100010000010001000001000000010000000000000101000001011000000000011000000100000001000000000100010001101000000010100010000110001000000000001000000100000000110000000010010000000000000100000110110100010001000101000001010000000000001000000010000000000000
1001000001100000010100010010001000010000000000001000000000100000000000000011110000000000001000000000010000000100000011000000000000001000100000101000100000000000000010001101000001000000100011001000000000000000000100010000000000000000101100001100000000
0100001000001001000000000100001000000000010001011000001000101100000000000000001000000010000000000000000010000000100001101000000000100001000000000000001000001000000000000000010010000010001110100001010100101000010100101000101000010100100001101000000000
0010001001000000000100000000000001010000001000000000000000000110001100000000000000110000101001010000000000000000000000000000000000010000100100000010101100010000000000000000000000100000000100001001000001100001111000010000010000110000000001000000000000
0010101001000000000001010000000010100100000100010000000000010000000001000010000000010000000000000100110010000001000000000000001000000101000000000000000010001100001000001101010000000000000000000100000000010010000100001000000000010000000000000000000010
1010010000100000000100111000000110010000001001001001101000000000000000000010110010001000000000000000001010000001001000001001000000000011000000100000000100000000000000100000001000110001000000000000001000000001000001100000010000000010000000101000010001
1010000100000000100000010000000000000010100000010000000100000000001000010010010000000000000000001000000001010001010000000000000001000010100100000000000000000100100010101000100001000000000100000000001000010010001000100010001100010000000000000000110000
0100000010000010000000100000000110000110001001000100000001000000100101001000000000100000000000000100000100100000100000010001000000100000000011010100100011010000001000000000000000010000000010000000000001000100010100001110100000000010001001001010010000
0010100010000101000001000000000001010100001000000010000100011100010000000100001000000100000100000000000000100001010110001000000101000000000001010000100000010100010000100000001000100100000000000001000000101000000100000000010001011100000100000000000000
0100100000100000100000001100001000000011000000000000000010000000101000000010011000001011100000000000000000000000000000010000000100000100100000100000000000000000000000000010110000001001001000000000000000000110000000000000010100000010010000100010000001
0000010011010000000000000001000001000000000100001000000000000010000010010000000001000010000000000001010000001000001000001000010010000000000000000000000000100000000000000000001001001000001010000010000000010000000000010000000010001000111100000100010000
0000110000000000001000000100001001000101001000100010000000010000000000010010101001000000001000000000100100000000000001000000110000000001001000001000000001100000100010011000000010001000000000000000110000101001010000101000000000000100000000000000010101
0101000001000000001000000101000011001000000010000000000001101100000110000010000001000000000000000000000010000000000000000100000000000000000000001000001001001000000000000000000010000000010100000010000000000000000101100010000010000000000000000000001000
0000001100010100010000000000010000000000101100000000000100010100100000000010000000000001000000000100010000000001000000000000000010000010000000010000100000000001000000010000000100000001001000010000010000000000000000100000001100010100000100000100100001
0000000000001110000000000000000000000011100000000001001100000000011100000001000000000010000000000001000000000001000001000000000000000100100000001100000111001010000010000011000000100110010000010001010001000001100001111001000000010000010100001000001101
0001000000000000000010000001010000000001010100000000001000000000000010010000001110011000000000010001000001010000000100000000000010000000000000001000001000001011000000001100000010000000000000001000100001010010000000000000010000001001000000001000000000
0000000000000000000100000000010000001001000000000010100101100000000001010000000000000000000010000000110001000000010010000100000000000000000001100000000011000000000000000000000000010001000001001000010100000100000110100000000000010010000011000000100000
0000000000001000000000000000000000000100110001000001101000000000001010000100000000000000000000000000101100010000000011000000000000000000000110000001000001000101100000000001111011000001010101001000000000001000000001000000100100000000100000100000001100
0011010001000100000000000001010001001000000010001000000010000000000000000001000100000000000000001000000000000000000010010000000000000010000000000110000000000000000000100000000010001000011000000010010011000000000000000000001101100010000110000010000110
0000010001000100000010001000000010000000001000000001001000100000100000001000000000000000011000010001000011100100000000001010101000001010000000001000010000001001010000100000010000000000000010010000000001000000000001000001000000000100000000000100000000
1000000100100100001010000100000000000000000010011100000010010000100000000000100000010000010000110000000000010100001010010000000001010000010000000000000000110000000001000000100001000000000001000000101000000100000000000000000000000001000000100100010000
0010001100000000101001000010001000000000000100000000000000010000000001100000100000000001000100001000010001000100101000010011000000000001010100010000001001000001000000111000101010000100001010000110000110001000001001001000000000000000000100000000100010
1000001000000111000100000001100110010001000000001000101000000001001001010000100000000011000000100000011000110000000101000001000000100000000001101001110000100010001001001000000001000000000000000100000010000000000000000000010001010010000000001000000000
0000000001001001001011000001001001110100001000100010000011000010000000010000001000100100000100000000000000000100000100000000000010100000001010101000000010001000000010000000000000000000100010001000100000000000000001000000000010100000000000000000000010
0011110000110101000100000000100100000100000000011000000100010000010010000000100100001100010001010001000100010000110001010000101000100000000011000000010000000001010000010101000000000000000000010001000000000101000000001000010000100000010000100000100000
1011010000001000000000000001000000000100000110000000000000010000000100010001010000000010000000000010010000100000011000000000001010001010010010000101000001000100011000000100001100000100010110001000010001000001001010000100000000100011010100001100000011
1000001000000001100100000000001000010000000000000000111000001000000001000001001000000000100000000000100001000000000000000000000100010000000010000000000100001100010010000000000000001000001000001000000000000000000001100000100000000000000000001000010010
0000000000000010000100000010100000000000000000011000001010000111000001000000000000100010000000010101000000100001011000010000010100110000000000110010000000010100000001010000000010100000001000000111010010100010000001100001010000011000000001000000000100
0000000000100000000001000000000010001000000000000000001011000111000000001100000000000001000000010000000010000001010100000100010000000000000000000010000000000000100000000000000000001000000000000110011000001000011010000001001010000000000001001000000000
0010001010000010000100000000000001010001100000000000100000000110010000000000001000000100000010000000010000000101100100011100111001010001010000000000000000000000000000000000010000010000000010000000000000000001000001101100000110100010000000000001001000
0110000100100000000000000100001001000001110000101001000101001000100000000100100000100001000100000000000000011000000010000000110001010010000001001001010000110000010000000000000000100000001000000101001100000000010000010001100000000000000000010000100000
0010000000000001100100000000000000000100000000000101001001010001000010101000000000100110110000000000011000110000000100100000000000000000000011000000000000100000000000110010000101000000000000111000001000010010100000000000010001000010010000000000000010
0000000001110000001011010000101000001100000000000000001000011111010000000000000100000110000000000001000110100000000000000000100000000000000000000100100001000001110001000010000000000000000000000011000000000100101000000100000010100000000101000101000000
0011111000100100100110100000000001000000000100110001000000000010000000000100000000000000000000000000000111100000000000000000110001000110001100000100000001000010000000010000000000000000000000000000011000000100000000000001000000000100000001000010000000
1010000000001110000000011101000000000101000100100000000100010000000010000000000000000100000010001011000000000000000000100000000010000000000000001100000001000000000000001100100100100000000001000000100000000000000000011000000000100100010000000000000100
1000000100000000000000000001000000000000000000000001000001011100000010110101000100000000010000001000000000101000000010000000100001100100101000000000000001100000001000110001000000000000010010000000010010000001011000001000000001000000010110000000000000
0000000000000001000000001000110001000000101000000100000000000001000010000000000000000000001000100000100001001000000000010000100000000111010000010000000010000000011000100000000000000000000000000000000000000010000000000000000100010001000100100000110000
0001000101000000000000100000000000010000100000000010000101010010000010000000001000000001000000010000010000000000100000000100001000100001010000000010110000001000000010000001000010000000000000000000000000000001000110000010010001000000000100010001000000
0000000100000100000000010001000000000000000001000000000101010000100000001100001010000000000010010000000000000110000001001011000000010000000000000000000000000000000000010000000000000000000000100000000110000010000001000000001000000010000010000000010000
0010000110101000000000000000000000101000000000000001000000100010000100010100001000010000000010000000000000000001001000000001001001000110101000001000101000000010010100000010000000011000001000001000100000000000001010000001000000001000000010001011000000
0000100010010000000001000000000000011001010000000000110000000100010000000000100000010000000000110000101000000000010000000000000000100000000000001000000000001000000000000100000000100100001011000011000000100010010001000100000100000000000000100001000000
0000001000000000000000000000100100000000000000001000000000000000010000000100000000000001000001010000000110001100000000000000100010000010100001000010000100000000000001000010001100000000000100000001011001011000000111000000000000000000001010001000110100
0010000000000000010010000000000101000000000000000001000010000100000000000011001011001000000010000000000010000000000000110100100110001000100100000000000000001010101000001100000000001000001001000000110000000000100000000000100000001001001000000000000000
0000000010000100000001000100000000000001010000000000000000000010010000000000000010100001000000000000001100000000010001000000000000000110110001000010000011100000000000000011000000000000000000000010000000000010001010100010000010000100000001011000111000
0000000100000000000101000000000000000000000000001100000110000000000000100000100000010001010100000000000000000101000001000000100000000010000000100000110100010001000000010001110000010000000000100010000000010000000000000001000010000000100010000100110000
0000010000100000000000000010000000000000100100000100001000000101000000001101110000000100000100000010011001011000001100100000010000001010000000100100000000000010000000000000001000100010011001010001101000100000100000010011100010110001001000001000011001
0010000000000000000000010100000000000010100000001010000000111000001000100000001011000000010100100000100001000000100100000100000000000000000100000010000000110000000001000001000110000000011001000001000000000000000000000101000001101010010010100100100000
0000100000000110000000101000001000000001000010000000000000100000000000000000000100000000000000100000000000001010110000000001010010010000100000000000000000001000010000001100000100010000001000000010000100001001101000101000110000100001010001000000000101
0000000000100000000000100100001000110100100100100000000000000000011000100010010000001000110000100000000110000000000010000000000000110100000000001000010000000000000000010110001000000000010001100000000000001000010000000000000000000001000000011000011000
0100000010111000000000000000000010010000000000000000100000000010000000000001010100000100001000000000010000010000000010000000000010110001010000000000000000100001011010000000000000000010100010000000000001000001011010000000000000000000000000101000010000
0000000000000000100000000110000000000100001000100000000001000001000000100010000010000001001000000000010100100010000000000000000000000100010100000000101000000000001010001000000110000000100000000100010000000110000000010000000000000001100000001000000000
0001000100000010000000010000101000100000000000000000000000000000010110000000110010000000110000011000000000011010000000000111000000000010100000001010000101010000001000000001000000000000000000100010000000000000100000000100000000000101000110101000000001
0000110000100010100010000000000000000010100000000000000000001000000011000010001111000001011000000001000010001000000100100010000000010001000010000001000000000000100001001000000000000001000000000100000100010000000010001010001000000000100000000000100010
0000000000010100000000001100100111000010000000101000000000000000011000010010100100000001100010011001000000000101000000001100010000010010000001100000001000000000000100010010000100000001010010000000001001000100000000000000100000001000001100000000000000
0111000110000101000000000000101010000100000100000000110000100011000001000000000001000000000000000111000000000001000001100100100001000100000100000000000101111010000000010000000000000000100000000001100000000010000000000001000010000110000000001010000000
0000000000000001110001000000000000001000000000000001000000000000001000000000000001000000001110001101001100010000010000011001000000000100100001011000000000000000001000101100000000000100100000000000010000000000000000100001000000000000001001000100011100
0010100010001011010000000000000100000010100000101000100000001101000100100000010000001001000100001110000000001101000000010010010000000000000000000000000000000000110000010000000000110001001100000000000000110011000001000111100101100010100000100000100000
0000000100101000000011001000010000000011000000001000000001000001000010000000101001010001010100000000000000001100000000001000001000010001000000101001000000011001100000000000000000000000010001000000000000000001000000000000000000001000000011000000010000
0010100010000011000001000000010001000000000000100110100000100000000000100001000000001000000000001011011000000000000001100000000000000000000011000000010010100001100100000000100000000000100001000100000000100000000000011000000010001000000000001110000001
0001000000101000010000010000000000000000000100000001000100100000000000000100010000010000010000000010000010000000000000000000000100100010000100000000000011000000101000000010100000011110000010000011000010000000000010010100110000100000001000000000000000
0001000000010111100000010000011000100000000000100011110000000000000110100011001000000000010010000010001000010100000000000010010000000000011000011001000100000000000000010000000000100010000000000000000000000010010000000000110100000010000100000000000000
0100000000000101000000000000100000000001000000000000000000000000010000101000001000000000010100000000001000000000000000000100010000100000100100000001000010000100000010001000000000001000000100000000000000011001000000001010000000000000011100000000000110
0000000000000000000001000010000001000110010111001000000000000001000000000001001000100000000110100010010001100100001000010000000000000000101010000000000000100000000101010000000000000001001111000000110000000100000100100000100000100000000101000000000000
0000000000010000000000100011000101000000000001010100000000000001001000000000100001000000010000000000000000000000100010010000000010100000000000000001000000000000000001010100000110000000100100010110001100101000000001100000000010000100000001000001000001
1001000001000100000001100000000000000000000100000000000100000000000001001000000010000010001000010100100100100000000011000000000010000010000000001000010000000000000001000001000000110010001000000000000000100001000001100000001010000100000001100000001000
0000100010000000000000100010000000100000000000000100000000001000010000001000001000100010100000000000000000000000000010100000000111000100000000000000000000010010000000110000001000010000000000000000000010001000000000000011001000000100000000001001100010
1000001000000010000100001000000000000000000011000010110100000000100000000010011100000000000000000000000000000011111000000101000000001000001011100000010000000000000101000101001000100000000000010000000010010000000000000000011010000000000000000101000000
1000100001000001010000000000000000000000000011100000000010000001000010000100010000000010101000101011001010000000000000000101000000000000001000000011011000000010000011100000100010000001010000100000000110000001000100000000000010001000000000000000000000
0001010000000101100110000001000000000000001000010100000010001000001010100000000100000000110000000000010000000000000000000101000001000000101010000001000000000000000000000000000000000000000000000000010001000110010010100000000011010010001000001000000000
0000010000000000000001000000001010001000000000110000100001000000000001110001100100000100010000000000110010010000000000000010000100000010001000000000001010000000000000000000000100000000000010100000000010000000000000000000000000000000100100010000100000
0000000000000110010000001000000000010100100110100000000000000010000000000000000000000101000000100101100001000000010000001000000000000000000010010000000100000000000000000000110000000000000010010000000000001101100100000000000000100000101000000001100000
0001010000000000000010011001100000000001010100100000000001001000100000000000110000000010101000101010000000110100000000000010100100100000000000000000000001100000000101001000000000101000000000100000000000001000000000100000000000100000110000000010000001
0000100000010000000000000000010000000000000000001100010100000000000000000000001001000010100000000100000000100000000000010000000001001000000000000000100001001000000100000100000000000010100011010000000000000000000000001000000100000000000101011000000010
0000000000001000000100000010101100000000000000000000000100001001000000000000000000000001100001000000000000001100100000000100010000000000100000010100110000100011010001000000000000000000110000010010000101100000000000100000000000000100000010011000000000
0000001000100000110000001100100000001010010000000000010000000000000000000000000010001000000000110000000000001001010000000101000101000001001000000000000000000000101010000100000000001000000000100000000000000100000010101000000000101100001001000000010000
0010000010000000001110100000010000010100100000000000000000000100000001000010010100001010000110000100000100011000010000100010010100000000010000000000010000000100000001000001000001000101000000000000000000010000000010000010000000000001000000000010000100
0011000010000000000000100000000000000000000000000000001000000000001001000000000001000010000000000000000010000000000000100010000001000000001001000100010100000000000000000000010000001100010110000100000000001000001000100000000100100000100001000000000100
145 216
47 76
