250 250
0011000000010000100001000011000000011010000000000000000000110000000000000001110000000000000000000110000000000001000000000000000000000000000000000000010000000001000110001000000000000000010000000000000100001000001101000110010001000000010100000000000000
0000010000000000000000011000001001000100000000100011000000000000001001000000011000100010000000000010010000000000100010010000010001000100000000010000000000010000000010000000000001000000000100101000010000010000010000000001000010100000001010000000001001
1000010000000001010110001001010101000000000100001001000000001110010000001000000000000010000001000010000010000100001000000110000000100100000100001010000010001000000000010000000010001100000100000000110011001000000010010000000100000010001000000000000000
0000001000000100000010000000001000000000000000000100110000010000000110000000000000000000000010001000001000100001000000010000000000100000000100000000010000000100001100100000000000000000011000000000100100000100000000000100000000100000000010000000000000
0100000000100001000001010000010000110000000100100010100010000101000100000000000000111000000000000010000000001000000010000000100000000100000010000011100000000001001000000010000000000100001000000010000000100001000001000000110000000000000010000000000000
0000100100001010100010100010000000010001101000000110000010000000001001100000001001001000000011000000100000000001000100000010010000000000001001010000100010000000000100000000000001000000000000010000000000000010100110000000000000000000000000000100100000
0010000000100010000001000100001000000101000010101000001010000000000000001101000000000000100000000000001000000010000000100010001000010011000000100000000110000000010000000111000010100001000000011000000000000101001000000000110000010000000000111000100000
0000000110001000011000100000000000000000000000000010000000100000010000001000101000000000000000100000001010100100000100000110001000000011000000000100100001010000000101100000010000000000000001100000000000000000000000000000000001000000010011000010001010
1000101000010000000000000000101000001000100000100000100010000000001100001000000000001001000001100000000000000101000000000001000000000000000100000000000001010011000000000000000110110001000000100001000011010100000000000000000001000100011000000000101000
0000100000101001000000100010011001101000000000010000100000100000001000001001010000000000000001100000010000010000110001100000000000010000000000000000100001000001000000000000000010000000000100001000000000010100000011100000000010000001000010000011000000
0000000000010000000000010000010001000000000101010000000001000100000000000000001001000000100100010000000000000000110000000010000010001000000000000000010000000000000100000000000000000000001100000101101010000000000010000000000001000101010000000001000001
0001100000000001000001000100000010010000100001000000000000001000000000000000010000000000000000000000000000010000100000000100000100010101000100100000100010000000001100000000010001101100000000000011010101000000000000000000000011000000001100000100100100
0001000001110000000001000000000000001000010000000100000000000000000000000010000000000000000100010100001001110001000000100111000001000100000001001000000000001000000011000000000101101000000010000000100001000110101000000000000000010000000100000000100000
0000010001001000101000000010000010010000000000000000100010000000000010000101000000000110100000001000001001000000100000000000000000100000000000000001000000010001000100100010000000100000000000000000010001000001000000000000100000000000000100100000001000
1100000000000000001001000000000000110011010000000100000110000110101000000100000000010000000000000001000000110000001100000000000000001010000100000100000010001000000000100010000000001000000010000000000000000010010000000001000100000000000000000000000000
1101100101000001000000100000000000000000000010000100000110010100000000000100011000000001000010100000001010010000000000010100000001000000111001100000000001010010000000000010000100001001000000101000000100110000000000000000010000100000001100110000001110
0000000010000000000000010100001001100000100000000001000110010000000100000000000110000001000000001000000000011110000000000100000000010011000000000001000010000000100010100000000001001000001000100000001000000000010000001000000001001000010110010000000000
0000010000000110000000000000000000000010000000000000000000000000010001000000010000001011000000000100111100100100000100001001000000101001010001000001100000000010000000011100000010100111000000101000000000000000100010000000010000000010000000000010000100
0000000000000000010000000000000000100000000000000001000110000010000000000000100000001000110010000010101001100000101010100000110110000000000000000000001000000100000001000000001101000100000000000001010100100000000100000010100000000100000000000110001000
0000000010000000000000000000000000001010001000000000000000000001000000011100001000101000000000010000101010000000000000101000000000000000001001000100000000101000000000000000000000001000000001000000000000100000100011010000000000000000011100000000110000
1100000000000000000001000000100011000100000000000100100010010000000010000010000000100001001001000000000000000000000101000000000100001000100100000100001010111011000100101001000000001011010000010001100000011000010010110000010001100000010000010101000010
0000000000111010100010000011001110001000000001000000000100000001000011100000001001010000001001000001001000000000100010000001000000101010000000000000000010110001010000000000000011010111010100000000000000000000000000001011000000000000000000000110000001
0000000000000000100000000000000000000010001010000000010000000010010000000000000101100000000100000101000000010000001010000000010000000000000000110011001011000000000000100000100110000000010010000000000110000000000101000000000000000110000001000100001011
0010000100000010100000000000000000000000010000001101000000000000100000010000000000100000000110000100010010001001000100001100010000000000000000000010000000110000100000000000101000000100000001000010100000111000000101100001000010000110010100000010010000
1000010000000000000000000010010100000000000110000010001001110000010000010000001101000000010000001000000010000000000010000000000100010000000000100000010000010000011101000000000000000000100100000000001000000000001110010000000000001000000000000110100010
0000000000010000100100001000000000001011000001000010010000010000100000010001000000000001100000000000000000000001000000000100000000010000011100010000000010000000100001000000000000000000000000010100000000000001100000000000000100100000000010100001000000
0001000000000001000100000001001000000000000000000100000100100000100000011100100000000000000000000000100000010000000110000000000000001000000010001110000000000100000000000000110000000000000000001000000000000100000000001000000010000000000010000000000100
0000000100000000101000000001000000000000001000000001001000000000100001101001100000110000000000000000000110000000000011011010000010000000001000100000000000000000001100000000001000000000001010000010010001000000000000100000000001000001001000010000000000
0000001000100110000100000000000000000000000000000000100000000000000000000000001000011011000000000010000000100000101001000000000000000010000000001011001000000000000100000001000000010001000000100110000010000000110001000000000000000001010000000000000100
1001000100000000010000000000100000000000001000000011000000000000110001000100000000000001000000000001010000000010000000000001010100010111000000001000000100000100000100000010010000000000000100000001000000000000000010000000000001000000010011000000000001
0000000000000000010100000000100100010000000101010001100100000000000000000000000000000000110000000101000000011000100000100001000100110000001000000010001100000000000000000011001000100000000100001000100000000100000001000000000100000010000000001000001000
0000100001000000000011010000001000000010000000001000001000011000000000000001000000001000011000000000000000000001000001000011000001100100000000000010110000100001011011100100010000101001100000000000000010000000000000000100000100000010000000100000000000
0000101001000000000010000000001000000001000000001000100000000000001100000000100010010010000000000000000010000000010000100000100000000101000000000000010000000000000000000000100000000000000000000001010010000000001000000000010010000000000001010100100000
0000010000000000000000100010000010000010000001000001000000001100000000000000000010011100000000000010000101000011000001100000100000000000101000000000100000100100000100010010001000000000010010000000000000100000101000000000000000110000000000000001001000
0000000000000100000000110000000000000010000000000000010000100000010100100010100010010001100000000010000001010000000000000100000100000100010000000000000000000010000100010000000010010010000000000100000000000000000100000000000100010000000000000000000000
1000000000000000001010000000000010100010000001000011011000001000010100000001000100000010100010000000000000000100000000010000100010000000010001011100000100100000100000000000000000001000000000000000000100000000000000010100100010100010010001000001100110
0100000000000000000000001011000000000000000000100000100010000010000000010110000000000000010000010100100010000000010000000001001000101010100101000000000100000011000010000000000100001000000000010000011000000001000000111010000001101100000000000000000100
0000000000000010000000010000011010000001000100100000010100000000000000000000000000000000010000001000000010000000000010000000000100000000001001010000000111000001100010000100010001000000000000010010000000000000000100000101011001100000000000001001010001
0000000000000101000000100100000001000001001000000000010000001000001010100010010100010000000010010000000010100000000000100000110000000000000010000001000000000010000000001000000000000000000000000010001000000100000000100000000100001100000011000100110010
0000000100000000000000000000000001000100000000000000100000001101000000000010010010000000000010010100100100000000000100000000001010000001011000000000000000000000001000000000011001000010000100000001000000001000000010010010000000000000000000000000000000
0010000000010010000000000000010000100100000001000000000000100000100000010000100001011000001000100000000001001100000000000000000000100000000000001100010001000010000000001001000000000000000000010000000001100000001000000010011000000001000000000000010000
0000101100101000000000101000000100010000001001000100100000011000000000000100000100000000000000000000000010001000101000001001001100000000000001010000000000100000011000000000000000000000001100100100000011001000000010000000000010000000001000000000101010
0100010000000000000001000000000000000000100010001000000100001000001000001000000000000010100000000010010001000000010000000000010110000100100011000000001001001001000100000100010110010000000101010000001010000100010000001000000100001000110001000000000000
0000011010000000000000010000000010000000000000001001010111000000000010000001000010000010100010001001000000000000000000000000101101000000100000010100000000010000001000000010010010000000000000000000000001000100000000000000000000000010100000000101100000
0000100100000000000000000000000000000100100010100000000000000000100000001000000000010010000000110100010011100000001001100000100000001000000000000010100010000000000010000100000000000001001011000000000000000000000000010000011010000100010000000000010000
0000100001000000000000000000110100100000100100000000000010000000011000000001000011000000110010000001000100000000000000010100011101101000000000000000000000000001000100110000000000000000010001000000001000000000000010101000100000010000000001010100001100
1000000000011010000001000000000000100000000000000000100000000110010000011100000100010000001000101001000000010001000000000000001001001100000000001000011100010001010000000000000001001001110001001000000000000000000100000001100100000011000000010101001000
0000010000100000000000000000000000000000000100000000010100100000000001000001000000110000000001010000000000000000010001000001000001000101010000000100000001000100000100100000000101000000010000000100000000100000000000100001000000000100000000000000000000
0100000000001101000100000000010000000000000010100000000101100010000000010000100000000000000100000110000010010000001011100000000000000100100001000000100000011000010000000000010000001000010100001110000000000001000001001000100000001100000000000100000010
0000000000010000110101001000000000000001010000000000010010100000001000100000000000011000000000000000010000100000000000010000110000000011000000100001000010100100000010000100100110000000010000000000000100010000000001101000000000001000110001010000011010
0000010000001000010001000000000000001000000000000010000000000000100000000000000000000110100010000100000010000000100001010000100101110000000000000000010000010000001000100000101000010000001000000000001010000000100011000100000010110000100001000000100000
0000001000001000000000011000100000000000000000000000000000001000001000000000000000010000100000000000000000000100000000000001001100010000011001000001000000000000000000000000011100000001000000010000000100000000000100100100000000100001000010000000000001
1101000001100000100000000001100000000000000000010001000100001000100000000010100000000010000100000000000000000001000100000001000000101010000000010000000000000010000000000000010000101000000000000010000000101000000001000000110000010000000010000000010000
0100100000000000001000000100001010100001000000001000100000000110101000010010001000100001000010000000010010000000000001000010010000011001000000100000000010001000000000000000000000110000100000000111001001010000001001001101000000000011100000100000100000
0000000000000000001000100000000001001001110000000000000000001100010000000000000000010001100000000000001000000010000001001000001011100011010101000100000000000001011000000100000100000110000100010100000000010001010000001000000000010010110100000011000010
1000000001000000000110000000000000000000100000000000000000101001010100010100100101011010010100000000000000100100010000000100000010010100001101100100101000000010011000000000000000000000100000000000000010100000000000000000001010011010000000100000010101
0010100000010000010001001010000000000000001100000000000000100000000000010011000000000000001000000000000000000000000110000000000100000000000010001010101100000001000001000000000000000000101110010000000000000000000100000000000001011001100000000000001010
0000000010000000011000000001001100000000000000000000000001000000000000000001000100000000000000000000000000000100000000000000000001000000010000100000000001010000000000001000000000000100000101010000010000001000001000001000000100000000011000100010001000
0000000000000001000001000100001000000010000000000111000000011000000100100100010000100000010001001100001010001000001000000000010000100001000000100000001000000010000000001000000000000011000000110000000000001000000100000000101000010000000010100100101001
0100000010000000000100000001000000010100010000000000100000000000010100000000000110000000000000000000000000000000000001000000001000000000100000000001100001000000010100000000010000101000001000000000010000000000000000000010100000100111001001000100000000
0010000100001001100000001001000000010000000000000010001000000001000000000001000000000110001001000000101000000000000010000000000000000000000100000010000001000001000000100110000000000010100000000000000100100000000001000000110001010000000001001000000000
1100010000010000100000000000000010001100000100010000001000010000000000011001000001100100000000000000000000000000000000000000000000100000000000011000000000000000000000000000000000100001100000101010000001000000010000100010010001000001000000010100101010
0000000000000001000001000000100000000000000000000000000010000000001000000000000100001001001000000001000001000000010010101000000000000110000000000000000001000000001001000000010000000001010001000000000000000010001000000000000000010100000000000100000010
1000000101000000000000000011000001000010000001010100100011000000001000000000010000000100010000100000000010000010110000001000000000000000000100000000000000000000000100000000000100000101000100000001000100010010100000100000010000010000010000000001000000
0000000000001010000000001000010000000000010000010000010001000001001000000100000000110100001001001000000000011000000000000001000000000000000100000000000000000100010000000001000010010000000000000000001000000000100000001010100000001001000001000010000000
0000000000100000010010010000000110000000000001011101000000010001010010000010000001000000100010000000010000000000100000000001010100100010000000000001100000000000100001000100000000001000000000000100000000010001001000000000000010000000100010000101001010
0010100110000000010010000000110100100000000010010101001000000001100000001000000011110000000010000001000000000000010000000000000000000100000010000100100000000000000000101000001000000100010001000101001000010000010100000100000100001000000001000001000100
0001000001000000000001011000010000000101001000010000100000000101010001010000111000000000010001001000000000000010000000000100010001010000000000000010001000010000111010000100000001011000000000000000100000010000010010000000000000000101000100000010000000
0000000000000010000001000000000100010000000001000000100100100000000010010000001000000000011010011000000101010010011001000000001000001000100000100000000000000000000000010000011010110101101000000101101000000000001001101000000000000001000100101000000000
0100000000000000000110101001100000000110000000000011000000010000100100000100100000000000000000100000001000000000000000001001100001000010000000000010000010101000011000011000001000000000000000101110010011100011010000010000000111000000010000000000100000
0000000100000010001100000010100000011000000000000000100010000010000000100000000010001000010000001000000000000000000001000010010010000001000100100100001000100000110010001000000011100000001101000000000000000010001100000001000000000000000000001001000000
1000000000000000010000000000000001001000000000000001010001001000000000000000001001000010000010011000000010001001000001000000000100000000000000010000000001000000000001000000110000100000010000010000000000000000000000100000000010000000001001100001000100
0000100010000100000000000000000000100000000000000010000000000000000000000000000001000000000100000000010001000000000100001000011000000001000001000010000010001000000010000000001000000010000100000000000100000000000000010000001011000000000000100000100000
0100001110001000010010010001000000100000000000010000000000000000101000010000000010000000000000000001000001000010001000000000000000010001000000000000000000000000100010000010000000000000000000010000001010100000100000000000000010000000000000001000000000
0000001000001000000000110101100000000010110000001000000000000000100100010010000001000000000000000000000000001000001000000000000010011000000101000000000010000000000000000000000010010000000000100000000000001110000000000000000000001000000000000010000010
0001000100000000000000100010010000000110000010000000000000100000000000000000010000010100100100101000000001000001000000000010000000100000010000000000000001000001000000000000000010001000001000000000000000000000100100010000010000000010000011000000001000
0010100010110000000100000000000101000011000000001000010000000000001000000001000000000100001100000000000000000000000000000000000110111000000000001000000100000010000000001000000000100111000000001000010000000101110000101000010010100010000000001000100000
0000100101000100010000000000100000000000000000001100000010000010000000010100001000100100100001000101000100000100000000100000000001101010000010000000000000001000000010010000001101000001000100000011010110100010110000101000001001000000000000000000110101
0000000001010010000001000100100000000000100000000000000001000100000000000000000100100100001010000000001000000010000000000001000001000010111000001011010000001000000101100000000010010100000101000010000101010000001100010000001001000001000101000011000000
0100010000000000000001000100001000000100100001000000000000010001010010000000001100000100000100000101000000001000000000100010001000000000000000110000100000000000001000010000000000110100000010000010000000000011000000000000000000000100000000000000000000
0000000001010000001101000000000100000100001110010000001000000000000000001000010000100010000000000010000001001000000000001000001001000000100000000000000000000001000100110100001100000010000000000001000000000001000000000110100001010100001000000000000100
1010010000000000000010010010000110000100000000000011000000000011000001000000000000000000001000000000100010000000001000110100001000010010000000000010000000000000000100100001010010000010000000000000100001011000000000000100001101100000000100010000000001
0000000000000101000000000000000000000010000010000000000000000010001001001010000100001010000000000100010100010000000000000000000000010100000000000100001000001000000001000000000100000000000000001000000000000000000000010000000110000000000010010000000110
0000000000010001000001000000000000011010100000001001000000000000001001000000100000000000000000000000001001001000000001000000000100110100001010100100100000000010000000000000000000000000000001000000000100000000001000000000000100010000010101000000000010
1000000000010100100000001000000000000001010000000000010000000000100001010000110000000000000000010000001000001000100000010010001001001000000001000000000000001010000010010000000000000111001000000100110100010110101000000010001011000001000000000000000000
0000001100101000001010000100010000000010000000010001110110001000010010100110010000000001100011000010000001000000000000000001001000000000000000000000000000000000000101010000000001001000001000000010010000100000000000001000000000000000010000001100101010
1001100000000001100000001100000000101000000000000011100000001000000100000010000000010011011000001010001000000000100000100001000000000000010000000001001001100010000010000000000000000000100000010000000000010000000010001100000000000011000000010000010011
0001001001000100000010010000100010000000110000000000010000000010100001010001010001000000000000000000000001000000001000100000000000001000000010000000000011001000011000000000100000001000000010000000000010010000010000010100010000000010000100000100001010
1100000000000000010000000001000110000000000000000000000000000000000000000011000000000000000001101000001000100000000010000001000000000000000000000000100001000110000000010000000001110000000101100000000000000000000010000001011000000100001100000100001010
0001000100000110010000010000000000010000000101100100000000000001011010000010100000100001100100001000000000100100000000110010100001000101000000000101000010000001000000000011000000010000000000000000000100011000100000010100001010010000011000000000000010
0100000000000000000000000001010000000000010000000000100000011001000000000000000010001001100000000100000000000000000000000100000100000001101010001000000010001010001000000000010000000000100000000000000000010010000001100000001000100000000000100100100101
0000000000000000000000110010000000000000000000000100000000010000000001000000000100000110000000000100000000000010010000001000000000000000000001000000000000000001010000000000101100000000000000100010010000000001000110000000010000000010001001010010100100
0000000000001000000001000001001000100110000110000010000010000100000000010110000000010001000000110000010000000010111000000010000100100000000000100000001000001000000000000000000010000000000000000000010000000010000100000000000010000000000000000000000001
0000000000000000010000000000000010000110001000000000010000000000001101111000000001001100010001000000011000110000000000000001000000100010000100000000001101000000000000010010000001000000000000010000001100000101100000000011000010000101100100000000000001
0000101001000001100010001001000000101000000000000100000100011000010111100000000000000000000000010010000000000000000000000010110001000000000001000010000000000001010000011000010010100000001001000000110000000000000000000000100000001000110000000001010000
0000000100000101000100001000000100000000010000000000000000000000000010000000000100000010000000000001000000001001001000000000010100000100100100000100000100100000000000100000000000001010100010000000000010000010000110010000000000000001000100000100000001
0000000000001000001000000000000101000000001100001100000000000000000000010000010000000001000110000000000000010101000000000000000000000000000000000100000010001000000100000000100000000000000000000000001001000000010100000000000000100000010001000000000000
0010001000011010000000000000000001000000001000000010010000000001110000000000000000000000000100000010000000001000000100000000000000111100000001010000000110100000000001110000010001001000100000000001001000011000000001011101000000000000000000101100010000
0000000011010000000000010010100000100000000001001100010101000000001100100010001000001000000101000111000000100001000001010001010000100000000100000000000000001100001000000001000000001001000000000110000000100000001000111011000000000001111100010001110100
0100011010001010100000101010100101000001000000000000000000000010000000000010001100000000000011010000100000011011101001000000000000001000000000001000000110011000000100001000010000000000000001000101000000000000001000010000010000000000000101000000000001
0100000001000000000100000000010100000000001110000101001000000001000100001000010000000001010010001000000000000010000001000000000000000000000000000000110001001001000100001000100000001000101010001001000000001000000000000000100110010010000000000110001000
0000000000000001000100000010000100000100100001000000000101000100000000100000100111000000001000010001001100001000000100100001010000000000010000000000010000000000100000000001000000100000000000010101010000000101000000000000001000001000001100000000000001
0001111000000001010000000000000000000010000001000000010101010010100010000010000000000001000000001000000000000001000000100000100010000011001000001000000000100000010000000000000001100000010001001010000000000000000100000100000010100000000000100000010010
0100000010000000000000000000000101000000000010100000000001100110000000000010000000110000000011001000010000001000000000000000101100000000000000100001000010000010000000001000000000000001000000100001010100000000000000000000000010010001000100000000100010
0100011000100001010010000000010010000000000000010000010000000000001100000000000000000101000001000001100000010001010001000000000100000001100000000010001101000000000000000000001000000000001000010001000000000100011000010001000000101101000100000000101100
1100000000100000000011000001000000100000001000010000001100100000000000011001001010000000000010000000010000000010001100000000001100000101010000100000100001001001010000000011000000010000110001000000000000100000010000010000000000011000011100100000110010
1100000100000000100000100100101000000000000110100000011001000101000100000000101000000000100010000101000000000000100000000000000010000101000000001100000000000000000000100001000000000000101000000000000010000011000000000000000000000000000110100110000000
0000000000010000010001000000000100100000000010000010100110000000000000000101001010011000010000001000000000100100001000000000000000000000000000100000000001000100000000100000010000011000100000100000100100001000011000000001001100001000000000100101110000
0001010000010000100000000001001010000100000000000100000100100000100100000100000000000000100010000101001000000010000000000100010000000000000000000000000000001000000000000010000100000010100000000001000001000000000001001000000000000000000000001000100000
0011100100000000000000110001100010000001000011000000100000010011010000000100000000100110000000000000000000000010000000100001000000000000000000000000000000000100000000000000000100110000000100010000010000000100000000000001000000000000001010110000001010
0100101000000000000010011000100000000000010100101000100000000000000000000000000000000000011000000000000000000000000010000000100000000110100000000000000000000010001100000000001000000000000000000100001001000000001000000000000000100100000000001010001000
1100000000000000000010001000010100001000010000010010010000000000001010000001010000001000010001100000000000000010000001000100001001000000010000001010000100010000000000000000000100001100001000100100100000001000000000000001000000100000000000001000010000
0001000000000000000000000000001000000000010000010000000000000000011100000000010000000000000000010100000000100000001000010000001000000000000101000000000100000000010000000110001000010000000001000010000000000100000000000010001100000000000001000000000000
0000111000001000000000000100100000101000000000000000000001010000100000000000000000010000000000000001000000000001000000010000010000000000100000000010000000000000001000000000000000000100000010000000010000110000000000000000000110100010000000000000000000
0000000010001000000010010000000010000000000000010100100000010000010000010000000000010000000110000000000000100000000000000100001000000000100100000000000000000010010000101100000001000000000000011000000000010001100000101001010000000000000000100001000000
0001100101001000000010100000011000001010000000001001110000000001000000100000000100000000000000000000100000101000010000000000000000010000000010100000000000010001001001010011000000000101000010000000000000000000000000100010000000000000100000000000001010
0100000100000000000000100011000011000010001000010000001100010000000000000100000100001000000001100010100100000000100000000000000000000000000000000000000101001000000100001000001000000100001000000000001000010000011010000000000101000000111000000001110000
0010001100000010000000000100000001100000000000111100001000001000000000101100001001000000000000010000010100000000100000000010100000000100000000000100000011010000010000010000001001010010000000100000000000000010000001100000000000000000000010000000100000
0000001000100000100000001010010000000000000000000100000000000000000000001000000010100100011000000001010000000000000000010000000000000000010000010010000000000010000001000100000010110001010000000010100000100000000000000000000001010010000000000000100101
0000000000001010000100010000000000100000100001001000000010010000100000001010000000011001000010000000110001000000000000000000000000100000000010101000001000010000000000000000000010100000000100000000011101000000000000000000010011000010000010000100000000
0000000001000000000100000000000010010010000000010010111111000000100000000000000100010100000010000000001111100000010000000010100000001000010000000000000100001001000000000000010001000000000000000000000001000000000000101000000000000001000010010100100000
0011000010000000000010100100111100010000110000010010011000001100000100000111000100100001011000000000000000000000100000011000000000001000010010010000001000000000100000000000000000001101010000110010100000000100000110001000010100000001101000000000000000
0111110000000000000000000000000100000000000100000000000111000100000000000001000000000100010000000000011000000011000001011000000000000000000001010100000000000100000000000001010100000000000000000001000000100100000000000000010010000000001100100110000000
0100000100000000100000000001000000000010000000000001100000000000100000000110101010000000000000000000010100000000000000110000000001000100000010000101100000000000000000000100000000000100000001000001000010101000000000100001000000000110000001000000100000
0010000000000000001010000000000000000000110000001001100000010000000100000010000100000000010000000000000011010110110010110001000000011001100010010100110000011010000000000000000000000000011000000110000011100100000000000000010000000001001100101100010101
0000000001000001100000001010001000001000000000000000100010010011001100000100000000111000000000000010010110111001001010010000000101000010001000000001000100000000001000000100010010001100100001000100000000000010000000000010011000001010010000000000001010
0000001000000000000100100000000001000000000100001001000000000001000000010000000000101101000001010100001110001001001000000000000010000000001000000000010000010011000000000000000000000001000100000001000001000000000000110000000100000000000000010000011000
0000000100000010010100100001000001001001010100000000000000011101100010000000010100000000000000001000101000000000010000100000000010000110100000000101001111001000000001000001000000000000001000000000100000000000000000000000001000000000010000000000000000
0000101010010011000000000000100000000000000000001000010100000000000000010000010101000100000010000000010000101001000000000000000000100000000000100010001000000110010100001000000000000000000000000010001000000000000010000000000000000111010000000000100000
0000100001010011000000000000000000101100010010001000000000000010001110000100100000001100000000000100000010001000100000100111001010000000110000000001000000000000000000101010100000001100010110000101001000000000000001000000001000000010010100010010101000
0000000000100000000001000000000000110001010000000000001010010000000000001001000001000001010000000000100001000000011100010000000000101000010000010100000000000000000000010000000010010000001000000000001000000000101000000100010101000000000010000010000000
0001101000000000110011001000000000100011000001110010000010101001000000100000001000000100010000000000001000000100000100000000000000001000101000000000010000011000000000000010000010001000000010000000000000000000100011000000000000000000000000000000001000
1011000010110000001100110000000100000000000000001000010000000100100100000100001000010010100001001001000000000010000000000000000010000000000000000000100100000100000110000011000000010000000000000000000000000000010000010000000000000000000100010010000000
1100000010100000100000000000001000000001000000010100010000100000000000011010001001000000000100100000000000000000000100010000010011000100000000010010000000100000000000000010000001000000000100010000000101010000100001000001010000000000000000100000000000
0000000000010010010001100001001000000000000000000010000001010010010000000000100000000000000000100001001100000001010000000001001000100100100100000100100000000000000001000011100000001110010011100001110010010000000000001000000000000010000010000101010110
0001001000100000000100000010000000011000000000000010111000000001001000001110000010010000000100000110001101000000000000100111000000000000000001011110000000010000001001000001000000000000010101001000000100100000010000001000000000001000000000000000010010
0100100000000000101000000000010100100000000000101000000000000100111000000000010000000000000000000000100000000100000000000000001000000100000000001000000000100000000100000100001000000000000001000000000000100000000000001000000110101001000000010000010010
0000000010000010010010000000000001000110001000000000000000100000000100000100010101001000000000000000000000000000000000010000011000100000000001000000000000001000000000000000000000000000000000001000001001000000000100010000001001000100000001000000000100
0000000010100000010000000101100100000100100000000101000000100100001000000000000000000011000000000001000000000000000000010100001001000001000001000000000000000010000000000000100010000010000000000000000000000000000000000000110000000010000000000000001001
0000000100010001010000000001010000000010011000010000000000100000001000000100000000000000010000010000000100000000000000101000000010000000000000100000000100000100010000000100100000000000000000000000100000001000010000000010010010001010100000000010000010
0000001000110010000011000000000001000001001000000000000000100000110000000100000010001001000000000100000000010010000001000000100000001100000001100000000000010000000001100000001000000101000000000001000001000010010000001000000000000000000000001000110000
0000000100000010001001010001011010000000100100100000000000010000010110000000101001010101010011100000000100001000100000000000000000000000100000100000000000000000000000000000111000100101000010010000001000100100000101100100000001000000010000001100000011
0100010100001000000100010010000001100000000001000100000000000000000001010000100011000010000000001000000000100100000101001000010000001100100000000001000100000000000101010000001010001101000010000100000000010000010000000000000000000000101110001000001100
0000100000000000010100110001010000000000000000000000010000000000000000100010100000100000100010101010100010000000000000010000001000000000010000000000000010010010000000100000001000100000000000100000000000000001001000000011011000000100000100000000000000
0000001000010000000000100000000000001000111010000000100010100010010100000010010000000000000000100000000000001011000000100101100000000101000000001000101110000000000010001001000110001010100111001100000101000000011000001000000000001000100000000000000000
0000001101000000000000100000100000000000010001001000010010000000100000001000010000000100000000010000010000001000000100100000100000000001000001100000000000011010011011100101100000001000000010000000000000000001000000000000000100000001001000000000001000
0000000110000000000100100000000000000000000001101000000000001000000000100001001000100100010001100010000010000100010000000001001000010000100000001001010011000000000000100001001100000101000000010000000001010100010110010001000010001000100001000000010000
0000000001001010100000010000000000000000010100001000000000000000010100100000110000000000100000000000000100000000000000000000101000000000011010010010010000000100000100000010010010000000000010000000110000001000010110000000000000000000000000000000000000
0010000010000000000000001100000000010000100100011000000000001000010000001000001000010000000011110000010010000001110100000000000100100000001010010101000001000000000000000000000000000000000000010001000000000000100000100001010000011000000000000000101001
0101000000101000000100010000000001100011000000010100000001000000100011000000000000000110000010100010000010100000010101101001000010010100110000000010000000001000110010000000000000000000010000000010001000000000000000000100100000100000000000000000100000
0000000001000000000100010000100000000100100000000000010000000000010000000000011000100000100000000100001000000100010010001000000000000000100001010000000100001000010000000101100000101100000100000100100010001000011100100010000011000000000100000000100010
0100011001000010110000000010000000000001000000000000010000010000010010010100010011000000001000110000000000011000000000000000000010000000010000000000000000000100000000010010000100000001100000000101000000010000000001000110000000000000100100011000010010
0001000000101000000000000010100000010010100000000100000000000001000100000001100000000000001100000000000000100000000000000000000000001001000000000001000110000000100100000100001100000010000000001000010000000101000000010001000001000010000010000100100000
1000000010000000000010000100000000000000000000000001100001000000000000010110000100000000000000000000101000011101110000100000100000100010011000000000001000000001000000000111000000001000001010001101000011100000010100000010000000101000001011000000000010
0000010010101001000000000000000000000100000000000010000001100000000000110101000000000000000000000101100010000010000000000000000000000001000100001000100010000001000000000000100000001000000000100000000000000000000000001000000000010000001000000000010100
1100000000000000000000000001000000000010000100000000000000000010110100000010000001001100000000100000010001100000010100001010101000000000000100000000000000000000000000010100010000000000000010001000000010000000000001000000000000000010001000010000000000
0000000000010000010011100001110000000000000100100000000010010000001000001000000000000010001000000000000000000001001000000000100100001000010010010000000011000000000010000100000000000000000000100010000100000000000100000010000000000100000010000010010000
0001000001011000000000000000000101000001000100000001010100000000000000000100000000010000010000000001000000000110100000010000000001100010000000000010000000000001000000000100000000000000000000000000010011000000000000001001000000000010000001010000000001
0000000000000000000000100000001000000010001000000000010100001110000000000000000000000000000000001000000000000000000000000100000110001000000000001100000100100110000000001000010010100000000100010001010100100000000010001000110010001000000100100010000010
0110001000000000000100001001000000001011001000100100001000000011000100010001001100000000000100010000011000000000100000000000100000000000000000000000001100000010100100000000100000011000000000010000000100001000000010000001000010001001010000000000100010
0000000000000000100000001000001010000000010000000000000001000000011000001100010001000000000000000000100000000100000000000001000010000000000000010000101001000000000000000111000000000100000000000010000000101000000000010010000001000100000010001001000010
0000000110000000000010110010000001000000100000100100000101000000000001000000000000011001000000000000000001010000000000010000100000000000001001010000000000010100001110001010000000001101000000000010010010000101001000100001010000100001000000100000000000
0011000000000000000000000000010000001000001000000000010010000001000000001010011100000000100000000001000100010011000000001001001000001010000000000000000000000000000001000000100110001110000000000100000000101000000100110001001010000010000000010100000000
0000001000000001100000010011000000010000000000010000011000000000001110010000000001000000001000000000000000000000001000000000000000000000001100000000001010000000100001000001001000110100000000001000010010000000010001000000010001010001000000000000000001
0000000000000000000000100010000000000000000000101011010000010010010010101001000000010000100000000010000010011000000000010000000000000100000000000000000000000000001000001000011001000111000000100000000100000001000110011000000000000100000000010101010010
0000011000001011010001000000000000000010011010011000000000001001000000000000000001000010001000000000001110000000000000000100000000000000000000010100001000000010000000000000000000010000100000010010010011100100000000000000000100000010010000000000011010
0100100000100000010000100000010000010010010000000001100000001100000000000010000000001000000000001000000000100100010000000000000010000000000000000000000000000000100001000000010110000100100000010000000001000000000000000010000010100011000100001100000000
0000001000000001000000000110001100000000000001000000001000000011011000010100001000100000111000000001000001000000000100000010000000110111000000000000100000000001001001000010100010010001000000000100001011000011000010000000000000000000010110000011000001
1000000100000010000010100000000110100010001000000001000000001000000100100010101100101001000000001000000010000001001100000001001010100100000010000100000000000000000100000000000000000000001000000011000100000011000001100000000000010000000000000000010000
0000000000000110010100100000101000101000010000101000000100010000000000110000000000110010000000000000000000000000000010000000000000000000111000001000010000000100100000000111000100100000000000100010000010110000100000011001000000000101100010000000100100
0000100000010001000000000010001000100000000000010001100000000100000001010101110001000000000000000000000011001001000000011001010010010000001000100000000000000000000000010001000010000000001000000000000000000000010010000010011001000101000000100000100000
0100010100010001100000100000000000010010001100000000000000000000100000010010001011001000110000000000000000001000000000000100000001000000001000000000000000001111010000000000001010100101000100000101010000000000000000000000111000000000001000000000001100
0000000000000100001000000000000010001000000000000100000000000010000011000000100000001000000000001010000000000101001000100001010000000000100001000000000000000000000000000111100000000000000000000000000010000000010000001000000000100000000011010000000001
0000000010100101000000000000000000000010000011110010000101001000100000000010100010000000011000000000001001100000000100000001000001000000000000100000000000010000110000100001000001000000000101000000000001001100000000010001000000010101000000100010010011
0000001000000010000000000000000000000100001000000000000100100000100000000010001010000000000000000000000000010000100100001001001000010110100000000000000000000000000001000000000000000100000000000010000100000010000000000110000000000000000000001000000000
0000000000000000000011100001000110000110000000100000100000100000010000010000010100001100000000000000000101000000000000000010000000111000000011000001010001001010000000000000010011010000000000000000000010000010000000000100010000010000100110000000000000
0110000001001001000000000010110100100000000000000001000010000100000010000000010000000010000100000000010001000010010000000011010000000101000000000100000001001000000100000001000001000001000010000000000000000000100100000001000100000000000010000000000000
0100010001100010000000000000000010000000000000100000000001001011000000000001100001000001000010000010000000100000010011000001000100000100000010010000100000000000000001000100000000010000001100000000000110010000100000000000011000100100000000110000000010
0000000001110000000000100000100000000100011000000000000000000110001000000001001100001000100001110000000000000000000010011000000000001000001001000000001000000000000101000000001100010100000000000100000000100100100000000000000100001101000001000100010000
0000001000010000011100000100000000100000100010000110000010101000000000000100000000000000000000010000000000100100000000010001001000110000001000010000000000111000000100000100000100000000000000000000001001010001001010000000000000100000010100000000000000
0110000010000000100000101000000100000000000000100000001001000100000010000000011100000000010010000000000000000010010000010000000000000000000010100000000000001000010010101001000000100000000010100000000000000100001011100010000100000000000000000001000000
1100100000000000000001001000000001001100000000101000100000000000011000000000000000010011010000100000100000100001000000000000000000000000100000010100001001001010000010000000000000000000000100100000101010000010000000001000000000000001001000101000000000
1010100000000000011010010000001100000000010100000100000000001000100000000000001000000000000000000000000110000000000000000000000100000000010010010001000100000000000000000000010100010000101000000000010000000000000100110000100000000001001001010000110000
0010000100000001101010000000000011001000000000000100010000000000000001000000100000010000000010000000000000010100010000000000100000000100000000000100000001000000010010010000000000000000011001100101100000000000101010001000000100010000000010000000001000
1000000000000100000000001100000000010001000000000000000001001000001100000101000010000000000100100000100000000001000010000000100000100000100000000000001100100001010000000000000000100000000100010100011000000010001010000000010000001001000000000001001000
0110001000000000000000100000000010000000100100000000100010111100000011100000000000000001000100000001000001000000010000000000000010000000000000000000110000100000000001010000011100000001010000100000001000000000000000000101000000000000000100010000010000
0000000001000000000010000000000010001100000000000010001100101000000001000000000001000011000011010001010000000100000000000000101100000100100000100100000000000010110000000010001000000100000000010001100001000000100001001000000000000000001000000000100000
0011000001000010000000100000000000000000001001000000000110000000000001000010010010010000000000000100000001000000000111001010000000010000001000000001001000000001000000000100100010000001001001000100001010000000000000000010000000000000000000001100000010
0100000000000100000000000000010110001000000011000000001010000000000000100010000000000001000000000100010100000000010000100000000000100100010000010000000000000000000000000010001100000000001000000100000000011010100010001111001000000001000000101000010000
0000000010000001100000000110001001010000000000000001010000000010001010000000000100000000000000000000010000100100000010000100000010101000000000100000000010000001000001000000000000000100100000000000011000000001001000000100000010000000000001100001000000
0000010000100000110010000001000000000000100000010000100000000001100000000001000100001000100000000010100000000000000000000010001000000000000100000010000000010100010000101001001001000000100000000010010000010000001010001000000011000000001011001000100000
1000011000010010000001000110000000100000000001000000000000000000000000010000010000000000110001000110001000000010000001000000000000000000000100101010000010000000000000001010100000000001100000000000000000000000000001000000000000000111000000000000001000
1000010000000000010000000100100000010000001010000010000000000000000000000000100000010100010000000000000000000000011000000010001000000000000000000001001000010000000000100000110100010010000000010000010010000010000001000110100001010100000001010000000011
0000001010010000000000000000000100001000001010101000010001000000000010010000010100000000000100001000011000000100001010000001100000001100001000000011010010000000000000100000010000000000000000100000000000010000000001000000110000000001001010000000000110
0010010100000100110000000001000000100101000000010011000100000000000000000000000000001010000100000100000000000000000001100000000000110000010000100000000000010001000000100000000100000000100001000000100000010010000000001001100000000000010001000000000000
0000000010000000000000100001100000000000011001000000011000000000110000000010000000000000000001100101000000000000101000110000000010000000010100000000001100000000000100010000010000010000000000110000000010000000101000000000100010000100100110101000100101
0000000001000010010000000000001000000001000000000001100001000000000000000000100001000010000000000100000010000000001100101000000010000000000000001010010011000000000000000000000110000100010000010000011000000001101000000000000000000000000000100000000001
1100000000010000001000000110000000000000000010000000100000100000000000100100000000000000001000000011000101000010000000001000000000000000000000010100000100000000000000000001100100001000000000000000001000010000000110000100010000000001000011010001000000
0001000000000100000100100000000100000000100000000000001010010000001001000000000000000000000000100000000000000000000010010000000010000100000000000010000000010000010000000010000001000100010001000000100000000010000000000010000001001000011100011000000000
0000001100000000000001000000000000000100000000000000000010000100000000000110000000100000000000000000000000000000000010100000000000100000000000100110101000000100000011000000000000001000000000000100000000010011000100000010000001100000000000000001000100
0010000000000000001101000100001010000000000001000100001010100011000000000010001000010000000000000010100001000100000010000000011000011010000001000000000000000001010100000010100000000001000001000010000100000010100001010000110000100001000000100001001000
0000000000010010000001000100010000000000000000000011000000000010000010111100000010001000100101000110000000000001001001000000000000000001001000100000100000010000010001000000000101000000000000000010001000100100000000000000100010000000000100000000011111
0100000000010100000000000000001010001000010000000000100000000000001000000000000001010000001100000001010100000000100000101011010010000000001000000011101001010010001000000001100101000000000000100100000000010000000100101100000000000010000000100000000001
1000100000000100000010000000000000001001000011011000000000000001000000000000001000000000000000000000000000010000011000010000000010000000001001010000010000000000100100000000000101010100000001000000000100001000100000001000100000001010000000101001000000
0010000000000000001001100010000010000000000000000000000000000000101000000000000000000000000000000000000000010000001000001100000000000000000000000000000000000000000001000000000001000000000000000010000000010000000000001000001000000000000000010000000000
0000100000010000010000000000010100000010000000000011000000000010010100011000001000000000000000010000000000000100000100100000000000010000000001000000000100000000010100010000100000000000010000000100001100000000000100000000000000000000000001001010001110
0000000011000000000010001000000001000100000101010000000000000000001000000000010010001000000000000111000000101000100010000000000000000000000010000000000000010000001100000000001000000101000000000000000001000000001100000010001100000000010000001000010000
1000000000100110000000000001000000000011001000000000000010000010000100000100000100000001010110001000011100101000100010110011000100000000111000000010010010000000000000100000000100000001001100000001000000000010100000010000000001000000000001010000001000
0000000010000000001010100000000100100000010001000000000001101000000011000000100000010000000000000001000000000000000000000000010010000111001000000000000000000100101000000000000101000000000000000100000000000000110001101000001000000000000010100100010010
0000100010000000001000101001010100000000010000010100001000000001100000100000010000000000100010000000010001000000000000010000000000100100000000110010010011100100000000000010001001100100000001000010000000000000000000000100100000110000000000000000100000
0000000000000101010000010000000010000000001001000000000001100110100000000000000100000000000000000000100000000000000001000000100000010000000000100000010001001010000001000000000010001000000000011010000000110100100010100010000000000100010000010000000001
0000000000000000000000000100100000100000000010000000000000100010000000001010110000001000001000000000000000000100000000000000100001000000000000000000000000101010000000001000010000000000100000010000001000000101000000000000000000100000000010000000000100
0000000000000000000100010000000000000000100010100000001100001000000000010000000000100000000001010000110000000000000100001100000010000011000001001000000100000000001000000010011010000010000001001001000000100000100000000000000000100000000010010000000001
0000000000000000001001000000000000100000000001000000011000110100010011010000000110000100001100000000110000100001010000000000000001000000100010001010100001000000100001000111001000000000000001101000100000000100000000000000010100010110000001010000100000
0001000000000100000000000000100000001101000010100000100010000000000100001010000001000000000000001000001011010001000001100101000001001000000000000001000001000000000010100000001000000000010010000000100000000100010100000000000000000001000000000100000001
0000011001000000000101000000000000000001010100001000010010001000010000000000000000000000000001000000000000000010010010110010000000001100011000000110000000000000010100001000000010000000010000001000000100000000001000000000000000110000011010000000000000
0010010000001000010010100000000010000000100010001000000000000001000100000000000000001000001000010000000100000000000000001000000100000001000000000000000100111100100000101000100101000010000000100000001001010000000000000000000000100000000000001010100000
0010001010000000000000000000000000000000000000000000101001100000010000000000000100001000001000000101000000000101010000000010000000000000001000001000000000000010000000000000010010001000010001000000000000010000001000000010100110000000001010000000000000
0010000011010000000011000010001101000100001000000001100000000101000001000000000000000100000001000011000000000000001001010000000001000000001101000000000000000010000000101000000000000000001010000000000000010001000000000000000000011100000000001000010100
0000000000000001001000000000000001100000010001001100000000000001000000000000000100001000000000101010000000010000000110000000000000000000000000000100000000000111000110010000000000111001010000100011000010100000000010001000010010000000000100000000000000
1010000010000000000010000000000010000000110000010100000110000000010001000001000010010000010001000100000000110000011100000100100000000000100000000000010000100100000000001011011100100000100100000001100110000100100000010000000000010000010000011000000001
1010010010100001000010100000000100010000001010100001010000000000001010100101010000000001000000100000000000000100010000000100000100010011000000000000000000000000000000100000000010010000000001000000000000000100000000000000001001000001110000011010111011
0100010000000010111100001100010000000000000000011000000101100010000000000000000001100000010000100100010000000100010000000000000000000100010000001100000000000000010001010001010000000100001000100000000001100000010000011000000100010010001001000000001000
0000000011000000000000010000000001000010000101110010100000010100100000100000010000010000010010000001000000001000000000010001000000100000100000100000100000000000100000101000110000100000000000000010000001000000000000010000001100101000000000100000000100
0000000110000001000000110000000001000000100001000000000010101000010000000000000100000011000001000000001010001100100000001001101000101000000000010001000000000001000100000000010001001000000000100001000000001000001100000100000001010000000000001000001000
0000100000010100010000010001001000001001100001011000001001101000100000010000000000000000000000001000000000000100000000001000000101000000000101001000000001011010010000000000010000100000000001000000100001010001000100000001110000001001000000000001000000
0000000000000010011001000000000000000100000000100000110110000010001000110000000011000000000000100000011000000000010010010010000000000000010110000101000101001000000000000110000000000001000100000000000001001001001000101000010000000000000000100100000000
0000010100000000000000000000000000000010000000000001010000000000000000100000100111000000000000000000000000101001100000000001000000000010011010000010000001010000001010110001000010100000000000100000100000000001000000000000010000010000110000000011100001
1000000100000100000000101000000000010001000100001000000010000000000000001000000100010000000000100000100000000000100001010000000000001000000000010000000100000001000010000000100000101110000001000100000001010000010010001000100000000000000001010000000000
0100010000000111000010000000000000000000001000100010001100010000100000010000000000000000101001000100001010000110000100010000100001101000000000110001101000000000010100000000000000100000000001000010000000000000000100000000001000000001001000000010000000
1010000000010010000001001000000000000100000000011000001000000001100000000000000000001001000100000011000000000001000000000000000001001000100011000000110000000100000000000000000000001011100000010000010000000000000000000010101100000010010001000001100000
0010010000000000000000000100010001010001000010100000000100000010000000000000101000000001000000000000000010000001000001001000001000000001000010001100000010000000000100000000000110010000100100100100000000000000000000001000000010001101000000000000000000
0000010000000000000000000000000001100110100110000100000100010000000011000001001000000100100000000001100000000000100000000000000000010001000000000010001000000000000110001001000001001001000010000000010100101000000000000100011000011000000000000101000100
0000010100001000001110000010000000000001000000000001000001101001010000000110000110000001000000000010000000100010000000001000000000000001100000100000000001000010000000100000010100000110000000100000100000000000000100000000000000100000000010000000000000
0000000000010100100000000001000100011000000010000000001000100010001100010000001000000000000010000000000010010010000010000000101000000000000000100100100000001000001001100000101010100000000001000000000010000000000001001000000000001000101000000000100001
1010010001000000000000100000100000000000011000000001000000000000100101100010001000000000001001000010000000010010011000000000010100000000100000001000000001001001001000110010010010001000000000000001100100000000010011001000000000000000010000000100100000
0100000000001000001110000110000000000000000110000100000011001000000011001000000001100010011000001101001000100100100100000001000010000110000010000001000000001011000000000000000000000000000000000001100000000000000000000000000000000000100000100100000000
0010010001001000000000001110011101000101000000000000000010001100100000000001000001100000000000100000000000001000110000000000000000010000000000000000100101000000000001000000100000100000000000000000000000000000100000000000000000000000011000000000000000
1000000000100000000110000010000000000000001000000010000010010100000010000000110000001011101000000010001010001000101000110000000010000010000000001010000001010000000010010001100001000000001100000001000000000000000100000000101000100010000000000000000000
0000000001000010110010000010001001000010011010001010000001000000000000000010101010100011000011100000000001000000000000000000000011000001010000000110000000000000000000100010010001011001000000000000000000000000100001000000000000000000000000000001000010
0000000000000000000000110011000001000001100010000110001100000000100000101100000001000000000100001010010011000001001000000000100000000000000000001110000000000000000001000000100000011010000000000000100000000000100000001000001000000001000000000000010010
0000011000100001100000000000001001000000010000000001001000000000000000000000000000100000101100000010000000010001001010000010010000000000000000000010000000000001000100000100100000000011000000001000000000010100000001000000000000010000000001000001000101
0000100110001101000000000000000000000000000101000000001000100001000011010000100001010000001101000001100010000010010000000000100000010000001000110001001000100100100000000000000010000000010000000001010100000100100000000000000101000010000100000001000000
0111000000101000010000100000000000010100000110000000010001000000000000000000000001000000001000000000111000100100000000010000000100000000001000000001010000000000000010000100001000000000000000000000000000000000001100000100000000101010000100101100000000
0000000001010000101000000011000001000000010001000001000100000011000000010010000000001100000000011001010000000000000100000100101000001010000000000000100010010100000000100000000000000000000100000010000000000011001011010000000000001000001000000100000000
0000000000001000000010000000000000110000010001100001010001010010010100000000000010010011010000000001000000000000010100000001000001000000000000000000010000001000100000100100000000001000000001100000100000001110000000000010000000000010000100000000100000
0110000000000101000100000110100000100100000101000001000101000011000001000000000000000001101111000011001001100000001001000010000000000000100000000011000001001000110010001000101000001101110001000001000000001000100000000011000001100110000000000100000001
1000100000000000101000100001000010000000100000100010000010000000000000000100000101000000000000000001010000100000000000001000010000000000000000110011100000000010011000100001000000000010010100000000100000001100000000000011000001000000000001000100100000
0000010101100000000010000001000000000000100000000010000010000001011000010100000010100000000000000000000000000000001000000000000000000000010000001000000100000010100000010000000100001000000010000001000000000100000001010011001000000001000001011010000000
0100011000000000010011000000000000000010100011001000000000100001000000000000000100010100100010000000010100100001000000001000000000001010001000000000000000010010000001000100000010010100001110000000000000110010000000010110001100011010000101000000010001
193 145
188 28
