250 250
0001000100000000100010010100100101000100000000000000000000000000000100000100000000000010000000100000000000000100000000001010010000110000000000000001100110000100000000001000110010001000000010000000000001010000100000000100010001000000101001000001001000
0000000000100000010010010000001000100100001000000101010010001000000000000010000000000000110110000001100100000000010001100001000010000001100100000011000100100001010001010010000000000000011000000000000010001000101000000000001000001011000110100000000000
0110000000010000000001000000000000000001000010101000000000000000000000000000000010100000100000100010000000000000001000100010010000000010100100000000000000010000000010001000000001001000001001100000000000000100001000000000000010000000000000000100000000
0000000100001000000000010000000000000000000000000001011010010000000000000001010000000000001100000000011010000100100000010100001000000011001011000000000000001000010000000110010000001001000010000000001010000001000101000001011000001000000010000000000100
0100000000000000000000000000001001000110001100100010000110100010010000001000000000000010000100000000000000000100000000010000000001001000000000000011001100010001011000000100000000000100000000000000001000000000000000010001000000000000001010100000010000
0001000000000000010100000001000000000000000000000000100000010000010110000000000000010000001000000000100101100010001000000000010000000000000000100001000000000000000000001110100000010100001001000000001010010000010000000000100000010000110000100000000000
0000010100000001001000000000000000000100000001001001110010000000100100000011110010000001000100010000000000110000000000000001000000000000000000100000011000000010000010000000000000100000100001000000111000100000000101000010010000000001100000000001000000
0100000000010000000011001001000000001000000100100000001010000000001000000000000000001100000100000000100010000000000001000000010000100000101000000000001000000100000000010001010000000100010010010000001000001010000010100000010000110000001010000001101000
1000110010000001000000010000100100000010000001000100000000101001011000000000000000000000000000010110000001000000000011001000010001000010000000010000000001000000000000010000001000010100000000000001000000110001000000000000000000000100000000000000000000
0000000110010000000000000010000000000000001000011000100000110001000100010000010011000000100000000010000000000001000010001000001100001010100000010000000011000000001001010100000000000000011000000000100000000000100000000000010001000010000010100010000000
0000001000001000000101000000000100100000000011100000000000000000001010110000000010000100000000000000100110000000001000000001100010000000000000100100100001000001100000000000000000000000000100001001001000010000000000100000001000000010000000000000100100
0010100011101000000100000110000000000000001010000000001100000000011000100000000010000000000000000011000000100000101000000000000000011100100000000001000010000000011010000100000100001000011000101000001010000000000000001110000101010000000000000000010000
1000000000100000000000000010110000001001000000011000000100000001000111010100000000110000011000100000100000100001000000100000000000000000000100000001000101001000000000000000000010010010100000010101001000100011000100100100000000011110000010001100000001
0000000000001001000000000000000000011100100000000010000001000100000001010000000000001000010000001000001100110001000100000000000000000000000100000000101000000011000000100000000000010100000100101000000000010000000000001000000000000000000000010001000100
0010000000000000010000000000001100001000001100001000000000000001000000000100111001100000010000000100101010001100000100000000000100100001010110000000000000000000000000000000000000000000000010001010000100010000100000000001000000000010001010000000101000
0000010000001100000010000000000000000000100000100000010000000100001001000100100000000010100000000000000000000000100010000000010010001010000000000000000000100100000000000000000100001100000100010000000001100100000000000000000000100100100000000010001000
1000001110010000101000000000100011000000000001101000000010000100000000001011000010000000100000010000000000000011000011000000000000010000000000000100100001010100101000000100000000000001000010101000100000000000100000000010000000000100000000000110000000
0000010000000000001000010000100000000000000100001100000000000011000110000000001000000000010000000000000000000000000100011000000100010101000000000000000000010000001000000010000000100000000010001000000000000000001001000000000000001010100100100011001000
0000000000000000000000010000100000010010010000000000000000000100110010000000000000000000001110000010000001000011101000001001000000000000100010000001000000000000000000000110000000000000000000100000010000100000100000010000110000000000110001000100000000
0000000100000100000110100000000001000100000010000000000010000001001000000101100000110010000000000000000000000000000100000100100001100000000000100000000000100001100000000000000000010000000000000000000100000000100000010001000000000000001000101100001000
0000000000000001000000001000000100001000000000000010010000110000000100000010000101000000000000000100010010010101100000000000000000100000000001101001100000000100101000000000000000100001000000000011000000011000000000000000101010101100000000000000000100
1000000001000010000001100000000000000000001000000000001000000000000001000000000000000100000010000010000000000010000101000010000000000000000000100000000000000000000000000000001000000100000000000010000010000111001000010001100000000001100000010100100100
0100000001010000000100000010110000000001000000100001000100000010000010010000000000000000000001000001000000000110000000100000000000011100000000000000000001010010010001000001000000000001000000000010010001000000000100000110000000000100000110000001000110
0100001001000000000000000000000010100010000000010100000000000011010000000010000100000000001001100000000000000010000000001000000100100010110010010100001100000001011000000011000000000000100000000001000001001000100000000001000000100100000000001100010000
0010001001000000000000000000000000000010100001001000001000100100001000100000000000000000100000010010000000000000000000000000010000000010000001100010001001000000000000000100000100000100001000100001000000000000000000000000000000100000000000000000000000
0010000100000000010110100000000010001000000100010001001000000010000000101000100010101000000001000000001000000000000000000000011000000000001000000100001010001001001000010001000000000010010100010000000100000100001000000000100100000000001001010000000000
0000101010111000000010100010000000000000110001000001000001001000110000001001100000000000000000000100000000010100000000001000000000010000000010000000010000010010010010000101000000010010000000000100000010000100000001000001001000000100010000000000000000
0001001100000010110000011010010000000011001000100000000000000000000100000000000100000000110000000110000000100010100000010000100000000000100110000100010100000001000000001100010000000000101000000000010000000100000000001000000000100100000000000000000010
0001100011011000000000001000000000010100001000100000000100010000100000000000001000000000000010000001110000000000000100000000000000000000000000100000000000000000000000000001000000000000001000100000000000001100000000000010001000100110001000101000000000
1000000001000000000000000001000100010000001001000000001000010000100000100000000100001001000100100001100010001000100000000011000100000000101100000100101011000000100101010000000100100101000000000000000010000000000100101000001000000100000001011000000001
0110000000000110000100000000000010100010000010000011000000000000000000001000100100000000000000000101000001000000101000000000011000110010001100001000000100101000000000100000000000001000000000100001110010000000000100000000111000100000000001010010110010
0100000010000001000001000000000000100000000100000000001000000000010000010001000000100000100010011000000000000001100011000001000000000000000000000010000001010011000010000000000100000000000010010000000001000100000010100000000111000001000000001000000101
0100001000010000000000000000100100011000000111000000001000000000010001100001100000001000000000010001000000010000000000000000000000000001100000000001000010000000010000000100000000001000000010000000100101000100000000000000001000100000010000000000000000
0001010000000000000000001000010010010000001000100000000000010000010000000100000101010000000000000000001000000010000010000100010001100100101000000000000000000000010100101000001100001001001010001100100000010011000000011011000010000000000000001100000100
0000110000000000101000110010000001001100000100000000010001000000000000000010100010100000000000010011110000100000100000100100010100010010000100000000010001000000010011000100010000000100100010001000000000000000000000000010010000001000000000001000000000
0000101000000000000000001100100100000000000100000000000000000100001000001000000000000010000000000000001000000000000001000001000001001000100000100000010000000000000100000000000000000000000000000000001000000010010001011000000100100001100000011001000000
0010000000100000010000000000000110001010000011111000100001110000010000000010000100000000000000100100000000000010100100000100110000000100000000000000011100000100000100000000000001000010010000001011001000000110000010110001000000100100000000100000000000
0000000001100110101010000100000100000001000100000010000000000000000000000000000001101000100001101000000000001000100000000000100000000100000001100010000010100000001110010010000001000000100000000001000000000100000000000001000011010000010100010000010010
0000000010110100000000000000001000101001011000010010000001000000010010001001010010000000000000000010000001000100000100000000100000000000001000000011001100100000000001001000000000010110000000110011000000100000100000000101100001000000100000101010000100
0000000001010100001100001000100010000010100000010000000010000010000000000000000011000000000000010000000000010000110000000000000000100100001000010001010101000000000010010000100100000000011000000000100000100000000000000001010100000000000100000000000100
0010000100001010000000000001000000100001010001000100000000010000010000100000001101000000000101000000000000010000001000000000001010000000000000000010001000101000000000000000000011010000000000010000000010100000000000000010000000000001010000000000000001
0000000000000000000001000000000000001000110000010001010100011011000000000000100010001000010010000001000000000000100000000000000000000100000001001010001000001110011000001000000000100100000000001000100001000000000000000000001001000000000001000000000000
1000000000010000000001000010000011000000100000010100001001000000001000000000010100001010000001011000100100000000000000000101000000001000100000101000000000011000000010010000001000100000000000000001100000100011000000000100000000000010000000000000000100
0000000000111000000000100000010000000000000000000001001000000011000000100010000000000010010100010000000100000000000000001101000000000100000100100000000100001000000100000000100000000000010010000000000000000000100001010100000000000000000000100100010000
0100000100000100011100000001000000110000110000000000000000010000000000000001010100000000000000000000110010100000010000011000000010000010000100000000011010000000000001000010001011010001000100100000100000000000000000000010100000000000000100100101000000
0000010001100100010000001000000000001010000000100001100000000001101000101001001000101000100000010010000000000010000000101000001000001000010000000000000000000100101000000000000000010000000000000001000011000001000011010001000100000001100010000011000001
0100000010000010000110010100000000110000000000000000000000000000001000001000000010000000010100000000011000100001100000000010000100000000110001000000010001000000000100000010000100001100000001000010000000000000000000000001000101000000000100000000010000
1000000000001000010000011001100000101000100110100001000100000000100001011101000000000010100000000000001101000000101001000001100000000000000100001011000001000001000000000000000010000001000100001000000010100000000000000010000010000100000100101000000100
0000011100001000000000000101000010000000000000000100000000000000000000000001000000000000000001100100010000000000000000000000000011001101000100000001000000010000000001100001000000010000001010000000000010010000010000000000100000000000000100011010001100
0000000000000000000000000100000010000000000000100000000000011010000000000000000000000000000000000000000010000010000000001000000000000000100000001001001000000010010000010000000000000010010010000000001000010100000000000000001001000000000000010100000000
0110000000000110000101000000000000000001000001100000000010000100010110000000000000001000100101000000000000000011000000000000001010000011100000100100000000001010010000000000000010000000000000000000000000100101000000010001000000010100000001000000010010
0011000000000000000010100010000100010010100000000100000000100000001000000000000000010000000000000000011001000001000000000000100101010000000000000000010000100000000000000000000000100000100000000100101100000010000010000000100000000000001000010000000010
0000010000000000110100100000000111010100000000000010010000000100000001000000000010000000000000000000100000000001000000001000000010000001000001000000001000010010000110000000100000010001000000000000110000000000010000000000100001000010000010000000000000
0000011010100110000000000000000010000000000100000000000000000110000100001000100000110000101011000000000000100000001000000000000100000000100000100000010010000000010000100000010100000000000000001100100001001000000100110010010000000100000000000010000010
0000101000000000101000011000000001010110001001100000000110000000100010000001001000010100110100000000001000000000000000000000000100000000001110000010010000000000000100000000000000100000011000000000000110000001000000000000000000110000000000000001010100
0100000010000010100100000010000000000000000011000001000000100001001000000100001000001000000000000000000000010000000001010010000010001001010010000000010000000000001000001110000000000010000001000000000000100000100000000000000100000100001100100000000000
0001000000010100100000000001011000000001010001001001000001000000000011000000000000000000000100001000000010010000100000001000101100010000100000000001001000101011000000000001101010011000100100000101000000000100010000010000001010010000000000110000000000
1100000000001000000000000000001000001001001000000100000000000000000000111000010100000000110010010000000001000000100110100000010000000100001000100001100110000100000011001100000000001011000001000010010000100010000000000111000000000000010000000000000000
0101000000000010010000000111100000100100100001011000000000000000000000011000000000000010100000100001000001000000000000100000000000010001100000000000000000001000011000110100001000000000010000000000000100000010000000000100001000000000010000000000000010
0000000001000000000001000100010100000000000100001010000000000000000000000000000100100000010101000101000110000000100000011000010000000000001000100100010001010000101000000001000010100000000110000000010001000011000100010100001000001000000000010000010001
0000100100000100010010010000000000000000100000010000000010000110000000000000000000001000000000000000000010000000000100010000010100000010010001000000000100000101000001000000000000001000100100100000000010000000000000000000010000010100000000000001101001
0000000001000000000010110000000010000010000010001000000000000011000001000100010000001000001000000000001000100001100000000001000001000110100000001000000000001001000000010010100000001001000100100000000000100001000000100000100100010001101000000000000000
0000001000100000000000000000100001001000000000001000000001000010000001000010110000000000000000010000001001100000001100000000000100000000000010010001011000100000000000000001001000010000000100000000000000000100010000000000010000001000001000100100010000
0010001110000000100000000000000000000010001000000000000100101000000000000000100000000000001000000000010100000000001000001000000000100110100001010000000010000000000010000010000000000010111010000000000000000000110010110100000001000100000000000100001001
0011000000000110000010000000010000001000000000000001000101000000000010000000000111001000100100000000000000000100000000110000110000000100000000010100101010000000001000111000000001010010000000100000000010000010000000000010000010001000000000100000010000
0101011001000101000100000000000000000010111111000000000010001000000001001000100101100000000000000010000100000010010000010100000000001100010000000100101000000000000000000001000000010000000100001000000000000000111000000000000001000000010000000100100000
1100000000000001010001000000000010000010010011010110111000010000100010000011000100000000010100001000000001000001110000000100100000001100000010010010010100100000000000010000000000000000000000110000000000000000001000000000000000011000011100100001000001
0101000010000001000001000000000001001000001100000000000011000000000000000111000000000000000000110000000000010100000000100100000000000010000000000100000000000000000011001000100000000000000000000000000000100100000000000101000010001000000000001011001000
1000100000110010000011110000100100000000001000000000010000000000000000000000000001000000000000000110010010000000010100000001100001000001000000010000000100001010001001000011000110000000000001011001000100101000000000001000000000000000001100010100100000
0000000000000000000000000110000000000010000001000000011100010000000100000100000000000000000000010100000000000000000000011000000000000000000010000000000000001011000000001000001000010000000000000000000001000100000000010010000100000010001000000001101001
1000000100001010000100000000010100000000000000000010101001000100000010000000000000010010000101100000000000000101010010000000000000111000000000000000000000001000000000000000000000000110010000000000010010100001100000000100000010000000000010010010100000
0000000001000111000000101000000001000000001000010001000100000100100000000000001000000000100010100000000100000000000000110001010000000001000000001000001000000000000100000011000001000000000000000001000000110000000000000100001100010000000000001000100111
0000000000010100110000000010001000000000001000001100000000100000000010100000000000000000011000000000000000000001001001100001000000000000000101000000000010001100000001001001100100110110000000000000100000000001100100000000000000001010000000000001010000
0000010000010000010010001001000110000000000010001100101100001001000000000100000000001000010100000000000100000000101000000001000000001001000000000000000000010000000101101100000010000000000000000100100000000000010010000010000100000001000000000000100110
0010000010000010000000001010000100010000010100010100001000000000011010000010100000001000000000100000000000100011000100000000001000000000100101000101010001000000000100000000000000000001000100010010000000010000000000100100000001000000000000010010100000
1100100100100001001000000000000010000010000000100000000000010000000010000000000100001000000001100000000000001000000000000000000000001001000100110011000010001000010100000000000000000010000000100000000000000011000000000010000001000000000000010010011000
0100000000000000001000001000000000100000010000000100000000000000000000010000010010000000000000000110001000000100100000000000000000010010000000100100100010000000000000000010100000000010000001000000001000000000100010000000000000001000000001010010000000
0000000000100010000001100000010000100000010000000000000000000100000000010001100000000000000100100000010000000001000001000000001100000001111000100000100000001100000001011000011000010101100000000100101010000000000000000100001100000010100000000000001000
0000000000100000000000000101101000000010110000000000001001000000000000000000010110000010000000100000010000100000000000000000000000010100000001000000101100100000001000100101000000000000001010000001100010000000010010110000010010000000000000001101000000
0000100111100010000000010000000000010000000000001100010000010000000000100000001000000000000010100100000001000100010010110000000001010000001000000001001001000000000100001101000100101000000000010100000000000100100000000001001100010000000000000010000011
0101011001000000000000000010010000000000000000000010000000010010000000000100010000001001001001010000000010000010000000000000000001000001000000000000000000000000000000111000100100001000000010000100110000000001010101001000000000001000000010000001001000
0100001000000001000100000100000010000001110000000010000100001000010010000000000001010000000100001010010100100001000001000001001000000100000010001000011001001100000000100000001000000000010000010001100000001000000010000001000100010000000001011100000010
0001000100000001100000000000000000000000000001001000000100000001011000010001000000100010100000000000010011000010100000000000010000000001000000101100000000010000000000000110001010000010000000000000001000000000010001000100000010100000000000000110000001
0000100000001000000011000110000000001010100000001001000000001100000000000000011010001000000000101000000101010100101000010001001000000100000000100011001010000110000110000000100100000010000000010100000100100000000000000000000000001000010000000010000000
0000010000000000000000000101000010100100000010000000010110000000100000000001000010100110001000000000000000000001000100000000000000000100000000000100000000010000100100000010000000000001010000001000000011000100000001000000000000101000000000001000000000
1000001000000100001000000101010100000000100000010000000001000000000000100000000000010010000101001000000000000011000000000001001000000001000000000000010010001010011010000110000000000000000000000010010001000000000110000100111000001000000010100110010000
0001110000010000000000001100100000010000000100000010000000100010010010010001010000000000000101000100001100011100100010001011000000010000000010001000010100000000000000010000010000100000000000010100000010000100011100000001010000100001010100000000000000
0101000001100000100001000000000010100000010000000000000010100100100000000000001001010000000000000000100000001100110000010010010000000000000000000000000011010001010000000000010000000100000010010000000001010000000000000000000000100000001000000100011000
0010000000000000000000100000000010011000000010000100000100000000000000010000001001000000000000000000000000100000000000100010000000100101000000000001000000001000000101000100010001100001100000000010000000010100010011000000000100001000100000001000000100
0101000010100000000000010000000000000000000000001110000000000001101010000010010100000000000100001100001110000010010100000000100000101010100000000100010110100000000100100000000010010000000000000001000000110000000010000001000000000100000100000100100100
0000011000000001000010100001000000000000001000001110001000100000010000000000000000000111000000000000000001000100001000001010110000000000000000010100000000000000100001000000000000000000000000000000000000000000001000001010000000000000101000001100001000
0100000100000001000001011000000001010000011000000001000001111010000000100000010110010000001000000000000000000001100000001000001001100000001000000000000001000010100100000000000011000000001110000000001111010101101000000001001100100000000001000000000000
1001000000000000000001000010000000000100110000101000000001100000100000010000000100000110000001010100000010000000001001000010000110001010101100110100010000100000000000000100000000000000000100000100000010000000011000000100100001000000000000000001000001
0000000000000000110000000000000100000000110000001001001000100000000000000000000010111001001000001100011010000010000010111000100100000001000001000000000000000000000001010010000001100010000100011000000010000000000101000000100000000000000000010000010100
0000000000010000000000001000000110011000000000000000000000000010000000010001001001001000001000000000000000000000100100000000100000000000000000010100000000000001010110000000010000010000110001001000001000010000100001000001000100000100000000010000010000
1000100001010000000000010000000000000010000110000000000000000000000000000100000010000000010000100000100010000100000010000000000100000000000000000000000010100010000001010011000001000001000010000010000000001010100101000100001100000000000000000100001000
0010100001000010000001100010000000010001001010000010000000010000000000000100000000010000010001100100000110000001000100000000010001100000000000000101000000100000000000000000000001010000100000000110010000000000100000000000000100000000000000010101000001
1000000000000101000000010000110000001010000000110001000001000001000000010000000000100000000000000000011000001111000000010010010000000000001010000100000010010000000001100001000000010001100000000000000000000000000000000010000001000000010011000001001000
0000100000000000000100000000010000010100000011000100000000000000000100000001100100110001100011000000001001100000001001011100000101000000010000000000000010000010001000100001000000100100000000100110000000000000010100000000000000000000000000010000000110
0000000010000000000000101001000001000110101000000010100000000000001001010000010000010000000010000000000001000101000100010100011000000010000001000011101100000010000000000001011010100000000000000001000000100000000000100000000000000000000000100000011000
0011000110010001000100000101000110100000000000001000100100100000001000010000010000010100000000101000000000000000000000110001011000000000000000000100000100000010000000000000000100100000000000100001000011000000000010010010000001001000010010000000010000
1110011000000000000010000110001000000001000000000000000000110001100101000001100000011100000000100010000001000001000101100000000001000000000000000001000000000000001001001000000001000000000000000010000000000000000100000000010000000000001000000000000000
0100100000000111000000000100000000000101000000000100000000010000000000000000000000010000000000000000011110001000001010000010100000010001000000000101000001000001000000000010000000000101000010000000000000010101001100011000000011011000000000000000000000
0000000000000001000010010001100000000000100000010001010001011000100000010001010010100001000001100000000000000001001100000100000100001000000000000000000000000001000001000001000010101000101000000000000110101001010010001110100100000001000010101000010000
1000000010000101100000001000010000000100110000100100001100110000100000010010000101000000100000000000000000001110000000001000100000000001000001000000000111110100100010000000000000010110000110100100000000100010000000000000100110010000000000000100000001
0100000001000001000001010000000011010000000001101000100000000010010001000000000000010000000000000000000000000000000000001001000000001001100000101000000001010000010000000000000100010000000101010010000000100000000000000010001000000010100001000000001000
0001100000010000100000000010000100010000001010100100001010000010001000000010000000000001000000010110000000000000101000000000010000100010000100000000100000000010000110100000010000010000100000100000000100000000001000000000000000000000101000000000000000
0000000000011000000000101000000010010100101000110000000000000001001000000100000000111011000000010000000000000000000111000000010001000100010000010010000000000000000011100001000000000110100001000000001000000100000000000000100000000000001000000000010000
0000000010000100000100000010101000000000000010000010000011000000011000001110000010001000000000000000000000010000000001010100000001000010000000100000000010000100011001000010100110000000010000001000001000000000000010000010110010010110100000001011000000
1001000010000010000000000000000010101000001001001000001000000000001000100000000000000000011000100001000000000100000000001000000100000000110001000000000000000000010000000100000000010000010000011010000100000000000010000000000001101000000001000001000000
0001000000000000100100000000000000000000100000001100100000000000000000000000000000000000000000000000101000000001000000000000001001000001000000000000100000111000001000000101100000000000000100000000000100110000000000000000100010001000000001000100000000
0000010010100010000000000011010000111000000100000010000000000101000110000000000000000000110110001000011001000000000000000000100010000000110000001000000000100011000000000010100010000010000000000000000000010010000000100100001010000000100000010010000010
0110010000000010000000000000001000000000100000000000000000000000000000100000011000000000100000000000000001000000100000000001000100000100000101001000010010000000101100000000000000101001001000101010010001000000000100000010000100000000000000000000000000
1000010000001000100000000000010000000000000000000000000000000000000100001000000000000000000000000001000000100000100000010000000000001000001000000001000001000100000000000001000110000000000000000000000010010000000000000000000000000001001000100100001100
1000001010000000000000000000100001000000001000000000100000010001000000110111010000010000000001000000001000000000100000100100000000000010010001000001000000000010001000100100000000000000000010010000100000000101000000000010000000001000100001001100100000
0000000000001000000100001011000000000100100010011001000100001000000001000000000001010000000000100010000000011000000000000000000000000000000100000000100000010010100000101000000000001000111000001000000011000100110000000000000011000000001000000000000000
0101010001000011000000000010000010100000100000000000100000000010000001101100101000000000000001000000000001100001000010100000000001000001000000000010000000010000001000000011100000010011110001000000000000001000000000000000001001000000001000000000000001
0000000001111000000100000100000001100000010011000001001000001000010000000100010000100110000000000111000000000000000000000001110000000101110100000001000010000100010101000001000000000100000001000000000000000000100000000000000000000000010100000010001100
1000000110000100100000000000000000000000000000000000000000000100001010100000000000110010000000000100000010011100001000000000000000001001000000000001000000000000001100010000010000000000000000100010000010010100011001000010000000010000011000000000000000
0000100000000000000010100000000000000000000000110000000010010100010000100100000000011000000000000100001000000001000000000000110011000000000000001000000000100000100000011000000010000000000010011010100000001000000001000010000000000000000000000000000000
0100000000101010000000000000010000000000000000001000010000000000000100000000101001001000011010100011000001011000010000000010010000010000000000000000010000000000000000101110010001000001010000001000010000010000100100000000100000000000100001000000001000
0000000000000000000000000000100000000000000000000000000000010000000001000000001010100011100000000010000001100000000000000000000000000001000000000101110000000010000111000000001000110000000100100000000000000000000001000000000000000100000011010100101000
0000000000000000000010100000000001110100000000000000000000100000000001000101010000101000001000000101010000000000000100000001000001001010100000011000000100000100000000000000000000111000100000000010000000000001000000000000100010000000000100000000001001
0000000001001000000000000110000001000001001110000010010000001000000000000000100000000000000000000000001110000010000001000000000000000000000000100001010000000000110000000000000110011010000001000000000000010100100000100000101000001000000100000010000010
0001000010000100010001000001001000000100001000000000000010100100000100010000000000000010000100000000000001010010100000100101000000000010000001101001000000000010000000101000000001000010010010010000001001010001001000000000000000101000000000000000000001
1010000000000000101100000100100100000010110000001000001010010000011000100000011001101101000000000000001000000000000000000000110000100100010100000000000000000000000000000000000000000010000100010000001000100000000110000000000000100000010000000000000100
0000000000011000000000010000000010010101000000001010000001101000100100000000000000000000110100000000100000110000100000001000000001000000001000010010101000010100000100000110000000000010000000001100000000100110100000001001000001000010000001000000010001
0000100010000100100000100000010000110100000100010000010011110010100000100000001000000100000000000000100000000000000000000000001000000000000000100000000000101000010000101000001000001010001100100001000000010000000000000111010000010001010000000100000110
1000000011000000000010000000000000010001000100001000010000010000100000011000000000000000001000000000001000100100001000000000000001011000100100000000100000000000000100001001010010010000001100001000000100000000000100011010000100001000000000100000010000
0001000000000000010000000000100100001000000001000000001001000000010101001011000010000001010000010000000001000001000000000000001001000010011000000000000101000000010100000010000000000000000001100100000000000001000000000101000010000000000100000000001001
0100000000000000010000100011000000000000001000000000000001000000000010001000000000000000000000001000001001100000000000010000100100000000100000000100010000000000000000100100000001000101010011110010000000010000000000000000000000000000001000000000001000
0000000010000100000000111000000000000100000000000000000000100000010010100000000010000000000000100000000100000000000010000101000100101000000000000000100000000000000001110000000001000100000001000110000000000100000001000000000000010000000000001000010110
0000011000000000000100000101100000001000100000100010001110000111100000000000001100000010001000001000000000000100000110101000000000000000000000011000000111000100000000000000001101000000000010000000000000001000000000000001001000100000000000000000000011
1000000010000010100110000001001000000001000010000010000000000000000010000010001000011001000000100000000000000000000100100101000100000000000000001000100010000000100000000001000100010000010000000010100001000001000000001001010000000000101000110001010111
1010000000010000000000010001001100000010000000000000000010000000000001000100000000001000001000000000000000100000000100010000000000000000000001000000000001000000110010010000010000000000100000000010000000000100000000000001100100000000000100001010000010
0000010000100000000001001000000001000010000000000000000000000100000000001000000010010000110010000000100010100100011001110000000010100000100000000001000000100001000001010000000100000100000010001100001001000000000001000000000100100001101000101000000000
0000000000000000001000100100000000010000000000010000000000101010000111110000100110100000000011000000001001001100000000001000000000000010010000010001000010000100000000000000001010100000000000010011000000000001000000100010000000100000010000001000000000
0001001000000010010000000010000000101100000110010000111000000000001010001100001000010000000001000100000000100101000000000000000011000100000010100100000000010000001000000001000000000001001110000001001001000001000000001000000000000000010000000001010101
0000000001010000010010000100001001001000101001100000100010000110000000010000000010000001000000000000000000000000000000110000100000000100100000000010100000000000000000000001000000000001100000000000000000001100000100100001010000000000010110000100100010
0001011011001000101100000011010000001000000001000010000000100100100110000001000100000100000100000100100001001101000010110010001000000001000000000000000000000000000010001000000001000010010110000000100000111010000011001000000011000100000000000010001000
0000101000001000100010010001000100000000000001010000010000100010100010000000010000001010100000000001100001000011001000000010000000000000001100100100101001001101001110101101000100001000000000100010010000001010100000000000110001000011101100101100110000
1000000000100001000111000001000100000000000000100000001000000000000000010000000000000001100100101010000100000100000100100000100000000000101010000001100001000011000010101000000000010001000001010000000000101100000011001001000000000000000000000010000010
0000001000110110111001010000101000000000001100000111100101101000001100110000000100000000000000001010000000100011010000010010010000000000000000011000101000000010010000000000000001000101000011000001000001000000100000000000000001001000000100000000000000
0010010000010010000000000000100001010000000000000000001000000000100010000000000000101000000001010000000000010100000000010010001001000000000000000000000011100000001000000000000000000010000010000010000000000000001000000000000000001000010011000100100100
0100100010111001000100101000000000000010010010010000000000001100000000010000000000100100000000010000000000000000000000100001000010000000000010000000010100000000001001000000000000000000110000000000000001101001100100000000000100000000000000000010001001
0000100001000100000000001001000000110101000000000000001000000000100000000000000001000000000000010000110000001000001000000000000000100000000000000010000000000000010000000000000101000000010110000000100010000010001000000000101001000010000000000000001000
0000100000000001000000100001010000110010100000000000100000000000101000000000000000001000111010000000000000100000000010000000000000101010000010000000000000000000000000000001001000001000000000010000000000000000000000001101010010000000000000000000000000
0000010000001110000010000000000000000000000000000100000000000000000000010110000000001001000001100000000000000000000000001000001100000011100000100000010000000000010000000001001000000000001000010010000000000100100000001000000001000000000000000000010000
0010000000000010000000000010010000010000010000000000000000010000100010000000000000100001010000000100000100000000100000000010011000010010000000001000000010100010000000100010010111010000000001000001000000100000000000000000000010000100000100011000000000
0101001000010000000000000000010000000010100000000000000001001011001000000000010000000000000000100000000101000000010001000100000001001000100010000000001001010000000000000000000101000000011111000000001000000100000011010000000100010010000000110001000001
0110000000000100000000101000010000000001001000010000100110000100000000000010000000010000010000100000000000001000000001001100000000001000010001000001000000001000100000000000000000101000000000000010000000100000001000000000001000000000010000001000100010
0001000000100000100000001000000001000000001000100000000000000001100001000000000000001110000000000000010000000000000101000010010000000000001000000010000000010000100000000001000000000100100010000000100101000000000100000001000000011000001000100000000000
0000000010010100011100000000001010000000010000100000100101010000000001001000000000000011010000101000000100000000000000000011000000010000010101000010000001110000000000000101001001001000000010000000010000100000000100000010001100001010100000000000000000
0000100000000110000000000000011000000000001010100001000001010000001001000000000000010000000010000000001000000000010010010001000000000000000000001010000100000000000001000000010100010001000001000000000100000010000001000000000001000000010000100000000001
0000010000000000100000000001000000000001100010100000000001000000000000000000000000010000010000001000010000100001000000000010000000100000000111000000000000000000000010000000011011000000001000011000000000000000000001100001000001000000000001010000010010
0011010000001001010000000010010000000100001000000100010000110000100000010100000110000000000000000001010010000001000000000000001010010000110000110100110010000000011010001010000000100100000000000100010100000100000010000100000000010110100000100001100000
0000000000000000100001000011000000000010000000011010000100000000000100100000000000000000000000010000100000101001000000100000000100000010011100000000000010001000010001000000000000000000000001000100000010000000000000100000000111000000011000100000000000
1000000000010011000100000100000001000000000001100000100010000001001000000000000000000000100000000100001010000000000000100000000000010000000000000000000000000000000100111100010010000000100000000001100010000011000010000010000000001000000000000000100010
0000011010000000000000000100001000100010000000000000011000000001100000001000000010000001000000000100000101001010100010000010100000110100010000000000001000010000110001000010000000000010100010000100000000000010000100000000001000001001000000000000010000
0001100001000100000000000000010000000000000000100000010000000000010010001000010001100000000001000010000010000010000110101000000000000000100000000000010000100101000010000000000000000010000000000000010000000010000000000000010010000000010000000000000000
0110100000000000000000000001000000000000100001001000000000000000000000000100000000000100000100000000000001000000000001000001000000000101000100001000000000000000000000010000001000000000001000100000000000000001000001000000001000000000010001000000000001
0001011000000000000000010100001000000100000000000000111100000000010000000000000010000000000000000000001000001100100000000000000000000010111000000000000000000000000100000010101000000000000000010000000100010100011000100000010100100010100000001000001001
0000101010000001010000000001000000100100100001010000000100001000000000000010000001111100001000000000000000000000010001000010000000100010010000010000000010000010100001000010000000000000010000100010001001000000100001000000000000010100010000000001010000
1100000000001000010000000001000000100000000000010000010000101000000000000000000000001000000001000100000010000100010010100000000000100010000000000000000000000010000000000000000010000001000000001001010000100000101000000000000010000000000000000001001011
0100000100000010010000001001000000100001100000000000000000010001100000001001010100000100000000000010010001000010000001011010000001000010101001100100000010000000000000000000000100000000000000000001000000001000010000011000010000010010000000001010000000
0010000010000000100001010000000000001000000001100001101000000000000110000001000000010000000000000001000100010000001000000000000000010000100110000000000000000100000000000000010000000101000010100100000000010010000000000000100101001000010000000000101010
0010010000010010100001110011001001000001000100011100000000000110010000010101000000010010000010000000110011000011000000010000000000000010000000000000010001000101000000001000000001000100000000000000100000100100001000001000001100000000000000010000000010
0010000000111000001000001000000000100001000010000000000010000111000000000000010000000000010001000000000010000000010000000010010000000000010010000001000000000000100010110000010101000000100000000000001000001010010001001001010010100000000000000000000000
0000000000010000110000000100000000001000000100000000000000100010000010000010000100100000000010100010000000010010010000111000000001000000000000000010000001000000001010000001000010101000010100000000000001001000100000001000010101010000100000000010001000
0000000000001000000000000011000000000001000001110101100100000100000000100000100000001001100000000100101000000000000000000000001000000001000000000000000001000000010000011100000000000000000100000000000000110110000000000000000100000000000000000000000000
0000000101010001000000010000000000000101000000010000000110000000100110000000000101010001001100000000100000001000000000000000000000010010000000010000000100000001000001100000000000011000010100010001000001010100100001000001110000000001001000000010100000
0000000100000000000000100000010000100001001111101000000110000000000000010000000000010000000000100000000000000000000011011001000100111000001001101100100000000000000000000000000000100011000000010000000010000000100000000000000000100000000010000000000000
0000001000000001101100100000001001000000001000000010000001100110000100000010000001100000000000000000000100001100001000000010100000010100100000100100000010000001101010000000101000010000100000001001000000000000000000001000000000000000000000000101001000
0000000010001000000000000110100000100000100000100000001100000000000000000001001000000000110100000000000001000000000000000000010000001000000000000000100101000000000000100010000000000010000000000000000100010000100000000000001000110010010000000010000011
0000010000100000000000010001000000000100010000000101000100010100000000000000000000000010000100001000000000001100000000000000001000010000101000000000000000001000000100100010000000010000110000001000000000000000010000001000000100010010000001000000000010
0100000100000010000001000110001100000011001010000101000000000001000000100010000010011000000100000010000000000000000001100000000000100000010100000000000000000010000000010000011000001000000001000010000000000000000000000000000100000000010110000010001001
0000000100000000000000100001000010100000000000001000010000000000011100000100110000000000000000001000000000001101000110000000000001011010000011001010001000000000000001100000000000000000000000000000010010010001000000000010000100010000000100100000000001
0000100000000000001100000000000100000001010000000100000110000000000010100100000000101000000001000011100101000100000001000000010000100100000000000000000001000000001000000010100010100000000000000000000000001010000000000000001000000000001000010010000100
0000000000001000000000000000000010001100000000000000000000000010001001000000100110000101111000010000000000001010000000000100000010000010001100100001000000000100010100001000000001000000000000000000100000000000000000000000000000000010000000000000000000
0000010110000001001100011000010000000000000101000000100000000001000010000000000000001000000000000000000000000000000000000000000000000000000000000000100000000010001000010000000000000110000001001000000000000100000000011000001000000000100001000000001001
0000001000000100000101100100000001000000101011011000001001000000000000000000001100010100000000000010000000010000010000001000100000000000110000000000001000000000010000000010010000000000101000001100010000000000000000000000000000000001001010010000000000
0000000110100100000100111000100010000001000000100001000000110010000010000001000000000000000000000000000010000000000000000000010011000000000000000000000001000001000000100000000000100010001000000101000000000001000000100000000000000100000000000000000000
0000001000000100100000001001000000000000100001000001000000000000000000000001000001000000100101000001000000000001000001000000000000010000000000000001000000000000010000000000000000000010000010000000010010010100000000100010000000100000000000000001000000
1000000010100000000001000010000000010000001000000000000000100000100000000000000000000010000000000000000001000000000000000100110011000110001001001100110000000100000000111000001100000001100100010000000001000011000010000101110010100000000100010001000000
0000001000000000000000001000000000010000000001010000100000000001000000000000000000000000000101000000000000100000000000000000000100100000001000000001100000000000100010000000000000010000000001100000110000000001100101001000100000000000000010000000001001
0010000100000100000000001000000000100000010000000000000001000000000001100000001010000000001101010000011000000100000010000000000010000100000000000000100000100000100000000110100001000000100010000000000001000000000011010000000000110000000001010000000000
0000100000001000010010000100010100000000001000000000001010000010010010100110001001000000000000010000000000001100000000100000000001000000001000000000000001000000000000010000000000000000001000110110000000001001000110000000000100000100000000000000001010
0000000001000000000000000011000000100000001100001000000000000000000000010000001000100000000010000010100001011100100100111000010000000000000001000000000000010000010000000000001000000001000100010110000000100000000000001000000000000000100000000000010000
0000000000100000000000000000010000000000010100000000101001000111111000000010000100000010100000000000110010001000000000001010000101000010000000000010010000001100000000000000000100000001000000000010000000000000000000100000100000000110000100100000000000
0100000011111100000000000000000000011000001000000000000010110001100010000010000000010010000000010100000000000000100000010010000010000000000000000000100000000000000010010000000000011000110000000000000001010001000000000110000000000000000000000000000001
1100000000001100000000000000000001001100100000010000000000001001000000000000001010000000000010100010000000000000000000000001000000000000010000100110000000000000010000000000000000010000000000000000000000000000100000000000000100000100100100001000000111
0000001000000000000001010000100000010000100000000000000110000000110100100000000100000000000000000000001010010100000001000100000000010001001000000000010000000100000100000001000000000000000100001010000000100000000000000100101000000000000000000000001000
0000000000000000100000000001010000000000001000000000000000001000000000010000100000010000010000101000110000100000010000000000110010110010100101000001000000000010110000000000000000000001000001100000001110000001000001000000001100000100001100100010000000
0000001000000000000001010000000000000000000010010000010000000110000001000100000000100010000000000000000000000001100001000001010010010000000000000010110000000010000000000000000011000000000000010100000100001000000001100000000001000000000000000000100010
1000100001010000010010000100000010000001001001000000000100100001000001100001000000101010000001001000000000100101000000000010100110000000010000000001000000000010000000000010010010001001100101001000000010000100000100000000010100000110000110000000100010
0000010000000010010010000000100100001000011101001000110001100000000000000000010000000000100000001110010000000100010001000000000000000001000010001010000000000100100000010000000000000000000110000000000000000000000110000100010000000000000011000000000000
0001000000000000000000001000000000000000001000000101000000100000100000001000001011010000001001010000000000000011000100000010010000000000000000000000000000000001000000010001100000010000001000100100001011001000000010000000000000110111000100000000110101
0110100101000000100000010010010000000000000000000111000001000010000000000011110000000000000000001100000000010010000100000001000000010000000000000100000101010000000101100000010100100010010000000000100010001001000110000000000100000010101001001010010100
1000000001000000100000000100101000100000000000000000001001000000000000001000000000100100000000000000010000011100000000000100100000001000000000001001100001000000101101000010000000000000000100101000001000000000100000010100000000001000000000000000001000
0000010011000100000000000010000000000010000000000001010000000000101000000000000000010010010000000000000000000010100000000000000111000010000000000000100001000000000000010110000000001000010010010000000000000000000100000010000000001000101010000000000010
0000100110000001110000000000011001100001000100000000100100000101010000000000101000010100000000011000000000100000000001000000000110000000001100100001010000010000100000000000100000000100000000000000000000000000111001000000100000001100000000000001000000
0000000000001000000000000000000011010000001000000000000000001000001000000000000000000000000001000000100100010000000101001000000010000000010001010000000001000111000010000000000100100001010010010001110100000000101010000000011010000000110000000000100001
0100000001000010000000000010000000000000100000000000001000000101000000010000100010000000000000000010000010000000010100000000000000100000000000000000001000000000010000010000000100000000000000100000000000100000000000000000100001000010000100000000000101
0000110000001011000000000000010000100000101010000000000000000001001000000000000000010011000000001100000000101000000000001101000001100010001000000011000000100001000000000000000000000000001000101000000110100000001000000000010100100100000010110001010000
1000010000100100100000000100000110100001100000010010010000000010000000100100000000001000110000010001010001101000001000000010100100001001010100000000000000100010000000010000000010000010000000000000000000100000000010000100000000000000100000011010000010
0000100000000000000000010000000000000000010000000000000010001000000111010000001110000100000000000000000001010000000000011000000000000100000100000110100101000001001000000000010000000000000000000001100000010010001000000000000000001000010000000100001000
0010010001000010000000000000001001010000010001000000000010000000110000001010010001000000000001000110001000100000000000010001110000000000000000000011000000000000010001000010000001000000010010000000010010000110000000000000100100000100001000000000001000
0000001101000000000000000000000000000100001000000000000000000000000000100000000100000000000000001000000100101000000000001000000100010000010010000000000001000010010000010000010000000001000000000000000100010000000010000001000000010000000001010000000000
0000010000110010011000110000001010000000010001000010000101000000000000000010000000001000100000000000001011000100001000000000001000000000000000000000100000000000000001000000011000001000000001100000000000000000000000001000000001101000101000000000100000
0001000000000010010000000010100011100000000000000100000000000000100000000000000000000010010000000010000100100010000010000100010000001000000000000010000000100100011000100000000000000000101100000100000000000000000001000010010000010001100000010000000100
0101001010000010000001010000000000000000000010110000001100001000001000010000000000000001001000000001000000000100000000000000000100000010011000000000100000000000101010010010001000011000001000010101000001000000000100000000010001000100000010101001100000
0100000001101000100010000001000000001000000010000000110100000010100001100001000001000100001011000000000100000000011000100000000000000000000100000000010000010000000000000100100000000001000000000000000001001100101000000000001000110000010000100000100000
0001000000000000000001000000100100100000000000001000110000000000000000010000000001000000010000100001010000000000000001000000011000000010000000000001001000100001100000100000100000000001000001001011100000000101000100000100001000000000010101010001000000
0000010000100001000000101100010110001000000100000000000100000001000000000000110000010010000100010011000000011001000000000100111000000001000000100000100000001010100100000000000000000000000000000000000000010000000000000000000000000000000010000000001010
0100000001111101100001000100100001000100010000001000000001000000100101000010100010000100010000000000000100110000000000100000000000000000100101100000000001110000000000000100000001000000010000100000010000000000000100000001100001000001000000000000001000
1000100001000000010000001000000000001000001000101000001000000010000000010000010000010000010101000101000000000010000000110000000000000000001010000010001000000001010011101000000010000010100101000010000000001100000010000000000010100010010001000000101000
0100101000000001000000010101100100000000000000000010010010000000000000000010001010001001000101100001000000000000000000000000100100001001000000010000001001101010001100000010111010000001000000000100001000000000010000000000001010101000100000001000000100
0000010010010010001000000001000000001000000001000011000001001000000010010101001000010010010000100000100000000000000001001001000100100000000010000000001000000010000000000000000110000000000000010100000001100000001000100000000000101010000000010001010000
0000101010000001001000000000110001100000000000000000000010000000001000001100000000100000000001010000001000000001010000000001001000001001000001000000000100000100000000000101000001000010000000000000000000100100000000100000000000001010000000000001100001
0000001001000000000001000010001000000000000000000010000000000000000000010000011010000001001000001011000000011000001000110000100000001101000011001100000000010000010000000010000100000000000000010000000000000000100000000000110000000000001001000000000000
0100000100000001000101000000100000000100000100000000000000001000000100000000100001000000001100000000101001001000000001101100000000001100101000000010000100000010000001000001010100000000000000000000100001100000010000000000001010011100000000100100100000
1110000000000100101100100100000000110000000101010000000000000000000000001000000000000001010000010000000000010010000000001001000000101100000000000001100000000000000000001000000000010000000000000001111000000000000010000000000000000000000000000000000001
0000011000100000011000001100001000000000000001000100110000010011000000000100000110000000000000011010000000100000010000001000000000010000000000010000000000000010000000010000000001100010000110000100000000000000000000100000101000000010000000100000001000
0100000000110000000001100000000000100001000001000010111000100000000000000100000001000001001100000100000000000001000101000000000000011000100000010001100000010000000000100000100000000000000000010000000000100000010010010000100000000000000000000000100000
0000100100000001000010000010010000000000000000010100100000010000010100010000000110000000000000000001010010000001100010000000000000000000000000010011000110000000000001010000100100000101000010100000100010000000000000000010000100000000000000100000001010
0000000000010100001000000000000000000100000000000100000010010100000000001000000001001000010001100100001000000001000001000000000110100000001000000000000000011000100000001010000000000000000001000100000010001001000000000111100000000001000000101001001000
0100000000110101100011010000000000000100000000100000000100000001001101000000000000001000000001000000000010000000000010100000000000000011001000000100010010100000100000100000000000000000000000000000000000110100000001100010100100100001000000000000100000
0100010000000000000001110000111000101011010000000000000000000000010000011001010011000001000010000010000000000000100000000000001010000101000000000000010000010001000010000001000110000001010000000001010000000000100001001000000010010010011001010000000100
0010000001000000000000010010000000000010000000000000000000000000000000010100000000001000000000000000001000001000000001000110000010000000000000000010000000001001000000000110100000000101010001000000100100000010000100000000000000010000001001100000010100
1010000100000010001010001000000001000100000000001000000100100001000000000000000000000001110100000000000000100110000010100000100000101010000000000010000000000000000000000100101000000000001000000010010111000000000000000000000100110000010000000001000000
0001010000000000011101000001000000000000010000000001000100000000011001000100000100110000111101111001000100011000000100000000000100010100010000000100001000100110110000010001000100000100100111000010000001100000001000100001000011100101000000100010001000
0000001100000000000000000000001100000001100000000000000000000100000000000000000100000100000001000000000000000000000010000000000100000000000100010000010000010001101000000000000000010100000100100111000000000000000100010000000000000000000001001000000010
1000001000000000010001100011000000000000000000000000000000010010000001000110000001001000000000000010000100001000000000000001100000101010000000000000000010100000000000110000000100000000000000000000001000111010101000000001010000000000101000000000000000
0010001000000100000000100100000000000001100000000001000010000000010000100000000000001000110001000011000000000000100000100000110000000000000000000000000000001001001000001100100000000000000000000001001001000100010000100000010001011000010000100000000010
1000100100000010000000010000000000010010000000001010101000110000000100000101000000001000000010000100000100000010001100000000000000000000000010001000000010000011000000111010000001001000000000000010010000000101000000000000000000000000011000000100001000
1000000011000100100000000110100010100000110010100100000001110000000100000000000001001001000100110000000011000000010101001000000100000000000000000000010000000000000010000000001000000000011000000000110000001000000010000010100010101000000100010000010001
0100010000000000000000000000000000010100000100000100100000100000000000001110000010010000001000000000011000000000001010000000000100100000010010000100000001100000000000010000000100000000000100010000100010010010000000000000000000010010000100000000000000
0000000010001001000000100000000000001101110000000010110000001010000000010000000000000000000010000000001000100000000000000000110001000100000001001000000000110001000001010100000000000000010000000000010010000000000010010000000000001101000001100000110000
0000010000110000000001010000000000000000110100000000000100100000000000001000000000000010000000000000011000000001001100000000000000000010000000010001000000010100000000010000000000011000000000000000000010000000000000000010000000010000000000100000110100
0100010010000001100000000011100000100000000101100000000000000000011000000110000000110110000010000000000010000000000010001001001000000001110100000000110100010000011000000001001100100000000000110000101000000000000100001010000011000000000100000000000000
0100010000000010000000000010000100000000010000000000000000000100000000000000100000000000001010000000000000011001001110010000000000100100000000000100000000100000000000010000010000000001100001000010001100000001000001100000000000000000000000001010000011
0000010000000000000100000000000000000000001000000000000000000000001010000100000001000100000000000010000000010011000000000000000100110000000000000000000000010000000000000000000000000010000000000001000000001000000010110010101010100000100000100100000000
0000000010000000000000010010000000011100100010000000000000010001100010110000001000010000110000000010000000100001110000000000000010000000010000100000000000000100000001011100000000010000000000000000100000100000000000000000100000001000000100001000000001
0100100110100000001000100000010111010000000000000000000000000000000010000000001010100100000001110000001001000010000001001000000000000110000000000001000000001000000100000000100000000000001000100100000000000000000000001000000010000000000000001001000000
0100010000010000000110000000001001100000100100000100010000101010011010000001010000001010000100000000011010000000011011010101010000000010000000000000000000110000011000000010000000000000001000000010011100000010000100000000000000000010010100100010111010
1001010001010000001010100000010000100000100000000000010100000100000000000000000100000100000000000000000000000100000010000000010110001000000111001000000000000001000001000010000000100000000000000000000000000000000000100010000000000101000000010000001100
0010000100100000100000000010000000000000100000000000100001000000000000000000101001000100010000000000000000000000100000000000000001001000000001000001100001000001000100010000100000000000000000001000010000111000010000000001000000100000000010000000000100
0110111000001001000000110001000000011000011000010001110000000000000000000000001001110000000000000000110001001101000000110000000000000000000000100010010000000000011000001100000100000100000000100000001100000001000001000000000000000111010000000000000000
0001000100000000000000000000100000000000110101000100000000000000001000000100101000001000010000000110000000000001000000001001000000100100100110000001000100100000110000010110000000011010001000100000000100101000001010000000000010111000000100000000000000
0000000000000010000000000110000000010101000000000000100001000000101000100000000101010001001000010000000000001000100000000000000000000000000001010000000000001001000001000000100000010000010010001000010001000010000101000010000000000000010000000000000000
64 134
130 207
