250 250
0000000000101110000000000000000100100000000010000000100000000000010100000000100000000000100000000001010100001000001001001000000010000000000100010101010000010000000100000000000000000101000000000010000000000000000100000001000100000000000100000000000000
0000001000010010001001010000000000010100000000000000001000010010000000000000110000100000000011000000100000001000000010000010100000010000000110001000001001100010100000000000100000110000000100000010000000101100001000100000000000000000000000110000000000
0000000001111100000000010101100000000000000000000000000101011000000000000000001000000010000000100000000010000000100100000000000010000000000010000000000000000110010000001000000000000000001000001000010000010000000000000001000000000000001010001100001010
0000000110010000000000000000000000000000001101000001000000000000001000000000000000001100100000000000100011000100000001100010000110000000000000000100001000000010010001001000000001011000010000000000000100100000010000000100100100010001100000000000001000
0010100100000010000000000101000010000100000010001000101110110000001000101000001000000001101000001000000000010011000100100000000011000000000000000000000000000001000101000000001000010100000100100000000000100000001011000000000000100000000000000100000000
0000000000000000011000110000000001000000100010000000000000010100100101011000000001000000000001000001000000000000000101000000000001000001000000011100010001100000000000101110000000000010000000000000000000001000000000001001010000000000001000010001000000
1000111000100101000000000000000000000100000000100010000000001000001000010010010000000000000000100000000011100000000000000110000000000000000000000000000000000000101000010000000000011000010000000000000000111000001000111100100000100000000001000000010000
0111100000100000000000010000010001000000111000000100100010000010000001100000100000000001000000000000000001000000000000000000110111000100001100100100100000001000001000000001000001000000010010000000100001010000001000000000000100110000010110000100000000
0010010001000010010100000010001000100000000000000000100001000000000101000001000000100000000001000100100000000010010001000100000010101000000000000110000000000001100001000000010000000000100000100001101000100000000010000010000010000100000000000100100110
1000010010000110000001000000000000000100000000000000000000000000000000001000010001000001000000001000010000000001000000101000011000000000000100000000000000001000110011000000010110011000000010000000100000000000000000010000000000001000001000011000110010
0000010000010000010110000000000010000101000000000001000000100001001000000100001000000000010000000000000000000000000010000000000000000001000000000000000000000000000000000000000110100000100000000000001010110001000010000000000100000000000001001100000000
0000001010000010000000100000100000000000000000010000000100001000000010000011000000001000000000010100001000011010001001000001000010000000000000000000000010000000000000000000000000110000000010000010100000000000000010101000000000000001001010001010000000
0000000101000000000000010000000010001001000110000100001000010000100000000000100000010010010000000110010000010000010000000110001000000000000000000000001000000000000000001010101000001000000000000100000000001000000000101000000000000000000011000000010000
0000001000010000001000000100010000010000000000000000000000101100000000000000010000000000000100000000110000010100000000011001010000000000000000000010010110000001000000000000000000000000000000000101010000000000000101100000100000001001000101000001000000
0000010000000000000100010010001000011100000000101000001011000000000000000001001000000000000000000010010010000110000000000100000000000010100000000000000000000000001001000000001101010000000010000000000000000000000000000000000001000000010000001010000000
0001111000000000000000000000000000101000100001000000100010000100001000000001000000100000000000000000000000010100001100000000000100000001000000000100000000000000000100010010010001001000000000000010000110000001000000100000000011000000010000000001000000
0001000000010000000000000010000000000000000000000100000000111010000100010000000100101001100010000000000000000000000101110000001000000000000101100100000001000000000000001010000000000001000000010000000100000000000000000100001101000000000000000100000000
0100000000000000000000000101000100010101000000000000000000000000000000001001000000000001010100010101000001001000101000110000100010000000000000110000000100000010000100000001101001000101001010000010000000000000000000010000000000000000100010100000000100
0101110000000100000010000110100001010010000000000100000000000101000100001000001000000000000010000000100010000000010010000000000000010001000000000100000010101000010100000000000000101000000110001000000000101000010000000010001100001000000000000101011001
1100000000000000000000000000101000100000000000000100100000010000001100000000000000101000110110100000000100001000000000000000000001000000001010000011000001000000101000011000010000000001010000110001000000101010000000000000000000000000001000000000010001
0000001101000000000000000000000000000101000000100100000011000010011010000000000000010000000100001000010000000011000000100000100000110100001000100000111000001010000000100100000001010000000000000000000000000000110000000110010010000000000000000000100000
1111000010000010001000000000010011100001000110100000110000101000000000000100000000010010000000000000000000010110000000000010000000000000101000010000010000001001000000000010000000000000000010000001001100010000000101000001000010000000010000010010000001
0000000000000000001001000000010000000000100000010100000110001000001000010010001000000001000010011100000000000000000000001000000100001001000110001000100000000101100001000000000010010000000110110100001000000000001000000000000000000000100010010010110000
1000001000001000010000001000000000110000000000001100000000001000000100000100000001000001100000001100010000000001100010010000110001000100001000000000000110000100000100000000100001001000001010000000000000010000000000000001010010100000001000000000000000
0000001001000000000001010010000001000001000000000000010100000000100000000000010010000100000001000000010000000000000000000100000100000101010000000000000000000000000000000001000110001000000000000101000010000000010010010000000000010000000000000000000000
0000000000000000000000001000010000000000000000110000010000010000000000010000000001101000000010000000101111000000000000000000000110010010000000010010100000000000010000000000010000000001010000000000000000100000001010000000010010001000110001001000110000
0000000000000100100000000010000000000000000100000101100100000000111100011001000001101011100001000000010000000000011110100001100001110000111001000000100000000000000000100100100000000001010000000001000000100100000111010000000000010100000000011100001000
0010000010100101000000000000000000000000000010010001000010000000000100000000100000000000000110100010000100010000010100000100101000000010100001000001001000100000010010000000000100000000000000000000000000000000011000000000100000010010000000100000010000
0000110000000100000010001010001000100000010110000010001000000000001101000010001100000000100001001000000000011000000000000001010001000000000000001000000000000000000010000010000000010000001000010000000000101000010100000000000001000000100000001000000010
1000100000001001000000001010000010000010010001000000100100000000000000010000110001000010001100001100101010001000000100000000011001100000100001100001100000010001010000000010010000001000000001001000000000001100011100100000010000000000010000000001100110
0100000000001000000000100001010001000000001000010011001000000011001000000010010010110000010001100010100001000110100100110000000000010101100001010000000000111110000000001000000010000100000000000001001000000001010000000000001000010000000000100010000000
0000000001001000000000000000001000010000100110000001000000100010001000100011100001100101000000000100110000100000110000000000000000000000100000010011001000000110010000110001000001000000000000100000000000011000000000000100100001000000000000000000100010
0000001000000000000010011000000000000000100000101000000000001000000000000010000000100000000101110010001001001000010101000000000000100000000000000000100000000000000000000000010100010100100000001010000000000000000010001000000000010010000000000000000001
0110001000010000000000100000001100000000001001000000000001101000010011000000000000000001000000000000000000000000000000000000010000001001001000100101101000000000000000000000100100100000100000010000000010011001011110011000000010000000100000000010000000
0000100000100000000010000000001000100000000010000000000000000001100100000010000001000001100000100000001010000010000000000000001000000001000000001000000000001000000001000000000010001100000101000000000100100100000000001000000000010000000000000000000001
0000000110000100000000000000000000010000000000000010100111000000000010000000000100110100110000100101000011000011001010010001000100100000001001101000000000001000000101000000100100000000000100000001010010000000100000100000000000000100110001010001000010
1001000001100000000000000000000000011001000000000000001000000000010000000000000000000000100000000000100000000000000000000000101000001000000000101100000000000000010100000010000000000001000000001000100000011001010000000000000110000000000000000000010100
1000000000100000001100000110000000100001010000000000000010000010100000000100000000000000000100010010100000010000000000000000011001000000000000000100000000000100000000000010000000011110000000001001000000000000100000011110001100000010000000100000000101
0101010000000000000000001000110000001000010100000001000001010000000000000000000000011000010000000000010000101100010000000000000000000010011001000000000001000000000000000000000000101101000001001000100000000000010000000000000000000000100000000100000000
0101000001000101000100000000100000000000000110000000101000000000000001010010000100100010001000000000000001000000000010000000101100100111100000101000000000000000000000000001010000000000000000000000001000000100100000000000000000000010100000001001000010
0000001000000000101000010000000001000000100000000100000000000001010000100001000000001000000111001000000000001001100100000000000100010101000101000100000000000000000000000000010000000001000111000000000011000001010001000100000101000010100010010000000001
0000010000000000101000000000000100000000000100000010000000000000000000000000001000000000000000100000000000000000001000000000001100000000000100000100100000000000000000000000000100011100100000001000000000010000010000000010000000000001000000000000100100
0000000000000000000000000100000001000001000110010100001100101000000000000000000000000010000000000000000100000000000001000000100000101001000010000000001000010000010000010100000010000100000000000010100010100000000001000000000000000010100001100000000000
0000000011000000100000100000000101001010000000000000000100000101000100000100000100100010000000000100000000000000001000000001000000000000110100010000110000001000100000010000000000000100001100011000000000001011000110010000000100010000110100000000000001
0001110000001000000110000000000000000000010010000000000100000000000010001000001000001000100000000000000000000100001100000000000000000000000000010010001000000010000100000000000001000000000100100100000000000100000010000100000000000000001000010000100000
0011000000010100000001011001011000010000110001000000011000011000010000100000000000000000010001001000000000000000010000100000001010101100000100000100000010000000000011000001000010000000001110000001000100000010101100000101000001000000000000101000000010
0000000010110100000000000001000000010100101001000000011100000000000010010001010001000100000000010000000000000000010000000001000000001100110011010100100000010101000000000000000100000000000001000000010000100000000000000000000001000001000010010000000000
0000100000000000000101000010100000000100000000100000000000000010011011000000000010000001000000000000000100000100000010000101000101000000000000000000000000000000000001001000000000000000000000000000000000000000101000010000000000010000000000101000100000
0001000110000010000010000010000000100110000000011010100000000000000000010000000001000010000001100000100111000000000000001000000110000010100000000000000100000000000000100001000000000000000100000001010100001001010000100010010000000000000000000000001001
0000010100000000000010100000000100101000000011111000000100000000000110000000000000100100000000100101000010000000010000000110001000010100000100000001000000001110000000011100000010000000000000000100000010000100001000000000000010000000000101000000000100
0001100000000100000001000010000000000010001000000000000000000000000000000000000100100000001000000000000000010000000000000000000000010000001000001000000000000000010101100001000000110010100000011011001010000100000100000001000000000100100000000000000000
0100001001000000100000001000000100000000000100000000000000010000000000100000000000000010000010000010000000000100100000010000000000000000000000010000000010000000010000100100010000100000000001000000000000100000010000100010100000000011001001000010000010
0100000110000000000100001001010001000001000000000011000011000000000000101000000110001000000100010000000001000010000110000000000000101000000010000000000000000000010000000000010010000000000010000000000000001011010000000000100000000000000001010010010000
1000000101001001100000001011000001010011000000000000000100000100010001001000100000010000000100000100001001000010000000000000000100000101100000000000111000000000001000101010000100010000000100010110100000010010000001100001000100010100000000000000000000
0001000000000001000010001100010001000100010100000001010000100000100000100100000000000000000000010001000110001010000010000000001100000101001000000000100100100000000000000000001000100000000100000100000000010000100000000100000000000000000010001100000000
0000000001010101100100000000100000000000001100010101100000000000100000000000000000011000010000000000011000000000000000000001110000000000000001000000000000000100000000011100000000000010000000000010010100000000000000000000000000001011010001000001000100
0001010000000000000000000000000111000100000110010000000000010100000001000000000000101000010000000000000000100010000000010000100000000000000000000001000000010000100000010000000000000010100000100001000000011000010000000000000000000100011000000000010001
0000001000110001000000000000010010000000000001000000001000001000000000000010000001001000010100000000000100000000000000010000000010010000100000000000000101001000000001000000000001100000001000000001000010010000000100110000111010000000000000001000100000
0101001001000000001000011100001000000000000000000011011110100100000000010010000000000000101001001010100000000001000000000000000000010000001000010010100000100101000001001000000010000000100000010000000100010010000001001000000000000101001010000110000000
0000100000010000001011001101000001000000010011001010000100000000100000010001000000010000000000000000000100101010100000000000100100000000001000010110100000000000000000000000010000000000000000000101001000000010001000001000100000100000100000000000000001
1000000000000010100000010100000000000000000000001001000000000010000000000000000000000000000001100000010100000100000000010000000100000010000100001011001000100000100001000100000000010010000010001101010000001000000000000000010100000101100000010000101000
0000010000100000100000010000010000001010000010100001000010001000001100000000000101000010000101100001110000001000000000000000000000000000000100010000000100001000001000000000000001101110000001010110000100100000000000000101010001000010100100010000010000
0000000000010010000000100011000000010000101000000101000010100010001100000100100000101000010000000100000000000010000010000010010000001111001000101000000000000000000000000000000000000100000000000100100000000001110000000000000000000001001000000100000000
0001000000100000001000000010001100000000110110000000000000001000010000000100000100000000001000100000000001110000000000100000000000101010100000100110100000100010101000000000000000010000110010000000000000001000000000100000010000000000000001000000010000
0000000000000000010010001000001000000000000100001010000101000010000000000010000010000000010000110001011001010001000001000000000000010100000000100100000010100000101000110000010000000001001100000110000000000000000000000111000100000000101100100001100001
0000001000011000000001100000010000000010000000000100000000001000000100100000001000010000110000101000000000000000000000000010100001100010110000000010000000000000000000011010000000000000000000000000000100000100110000010000001000000100000010010011000000
1000010001110000000100000100000100011000000000000001000001000000000000000000000000000000100010101000001000000000010100000101000000000100000001001000101010000100010010000101100000000000001000110000100000110000010001000000000100001000000110100000000000
0001000010000010000001000000001001000001001010100010001000000000000000000000000000000000100000010000110000100000001000000000000000100000010100010010011000001001010101000000000100000001001000100110000000000100101010000000000101000000000100000000000000
1000111000000001000000000000001000000100000100000000000100001000000100000010000001010000000000000010010101101101100100000000100000000000000100100001100001100001000000100001001000100000001010000000000010000000011001000101010000101000000000000100100000
1010000001000100000011000010010000000000000000000010000000000000010000000000000000100000000000000000001010001100100000001000000011000010100100100001000110100000000100000000000000000001000101001000000000010000100000000001001010000101011000000000110000
1010001000000000000000100000000000000100100010101000001000001000000000001000010001000000000000000001000100000000010101100000000100000010000000010000000010000000000000001000000000010110000010100000101000100000000000001000000110000001001000010000000000
1001000000000000000000000000101000000010001000010100100100000010111000001011000001000110000000110000000000000001000000000000000001000000000000000000000000010010101110000000000000000000000100010000000100000010000000000000000000000100000000100000001001
0001010000100111000100100100011000001100100000000000001000000000000000000011001000001011000000000010010000000001000000000000000100000100010001000010000000000100000010100011001100001000000010000001000000000000000000000000010110010010000000110010010001
0010000001000000000000000001000001010000100001000010000010001000001000000000010100000000000010000001000000000100000101100001101100010100000100000000000000000000110000000100011000000000001000001101000000000111001010100000000100010000000001010000010000
0000000010001000000000000000000110000000001100011100000010000000010010000000000000000000000000000100001000100110000100001000000010110000000011000000000000001000110110100000010000000100001000000100100101000000001000100110000000000010000000000100100000
1000000000000000001000001100000001000000000000000000000000000000001010100000000000000000000011000011000000100010010010000000100010001101010010000000000001000000001100000001001000001000000000000000000010000000000000000000000000010000000010100100000100
0001010000000000000100000010000000000100010111010001101000000100010000001000011010000001100100001000000111001000000000000000000001100001010000000011100100000100100000000000000000000010000001000100011000000011000000000000000000000100001100000000000000
0011100110000000001000011100000000001000100000000000010100000110000000100000000110001000000000001000000010001000010000110100001000110011100100000000001010100000001010000000000010001000000000000000010000110000010000000000000000010000011000000000000000
0011000100100001100001000000000000001110000000001000000000010011000000000010001000000000001000000000000000000000000001000000001001000010000000000010110001000000010000110000000001001000000000100000011010000000010000000000101001000100100000000010000001
0000000000100000000000000001000000000000000101001000100000000100010000000000100000010000000000100100110001000000000001011010000000100000001010000100000000110100000001101000000010001000000000100100000000000000000000000000010000101000000000100000000011
0000010100100000010000101000001010000001000100001000001100000100001101000011001101011101000001000000100000000000010001000001000000001001000010000000100001000010011110000000000000000000101010010000000000001100000000000110000000100001000100110000001010
0010000000000000000000000000010100000000101000100000000000000001000100000000000000000000100000001100000110000000000000010100000000010001001000100000001110100001100000000000100000100010000000100000000000000000000000000010000000000000000000011010010000
0010001000000000000000000010000000010000001000000000110000000100100000000000000000000000010000100000010010000100001001000000000000000000110001000000000000000001000100000000010001100000100000000000000100000001010000001000010000010000010000000001000000
0000000000000000000000100000000000000010101000000100100000000010001001000000111100000000000010000101000000000000101100001000000000000000010010010010001000000000000000000100000001000010010010101000000010000000100100010000000100000010000010000001010001
0000100000000011000010101100000000100000110001010000101000101000001000000000000010010011000010000010000110100000000000000001000000000010000000011000100001000010100001110000000000100000100100000000100000000000001000100000001000010000000001000100000000
0011000001000000010000001000111000000010000000000100010000010000010001100100000000000000000000110010010000000001000000001000000100000010001000010000000000001000000100000000000100010001000000000001100000000000001000100000000001000000000000000001000100
0001000010000001000000000000000000000100010000000000000000100000000000001000000000010100100000000000001000000000000000010001101010000011010000000000000001000000000000000010000000001100000000001000011110100010011000000100000010000000100000001000000000
0001000010000000000000000001100000101000000000000000010100010101100000000110000000000001000000001100100000000010010100001001001000000001000100110100001000110100010000001000000001001000001000000000000010000010000000000000010001000010000000000000000000
0000000010010000001001000000000100000000000110000000010100100000000010000000101000000001000100001100100001001000000000010010000001010001000000000000000000010001000000000000000000000000010000100000100000001000100000000000000000010010001010001000000000
1000110110000001000011101100000001101000000100000001000000011010100001001000000100100000100000000000000101000000000001010100000100100001000000000000100100000001000000000000000000000000001001001000000000100010000001100000100000001000000100001000000001
0100100000000010000001001000010000000000000010000011100000001101000001010010000010000100000001000000000000000000000000010000010001010000001001000101000000100000000000100000000000000001000010001101000000000000000001000100000000000001100000100000000001
0110010000100010000100000000000000001000010000100010100000000000000000100000000000010110000100000000000010011000001011000100001010000000000000000000000001100001100000000100000000001000000100010101100100000100100000010010000000001001001000100000000001
1010010001000000001000010010000000001000000000000000000000001010001000000000010011000000000000000000001000000000010000001000000000000010100000001000000000001000000000010000011100000000000000000100001100000000000000100000001100000000000000010101000000
0001000000000000000010000010010000000001001000001010000000100000100000001000001000010000000000101000000110001000000000000000001100000000000001001000000000000111100001000000100001010110010000001010100010000010101000000010000010010000010001010001010000
0000100000101000101000000100111000000010000000100010100010001001000000000000001000100010000100000000000000001000100010000000000000000000010000000011000000010000000110100010001000001010000000000000001001001000000010000010110111001000100000000000110000
0000000100011000010010010000000001000000000010000010000000000000110000000000000000100100000001101000000000000001000000010100000001000000000100000000000100000100000100011100000010000100000001000010000001000000100000110000001010000000000000100111000000
1000001000000000000000000000000000010001010011100001010001000110110000101000000010000001100000000100000000000000100000001000000010001101000001000010000010000000000000000001000000000010000000000110000010000000000000000100000000000000000000000000000000
0100011010100000000110100000000000000000000010110001001100000000110000000000100010000100001001100000010000010000010000010000000000000000000001010000000011000010000000000000010000000001000000001000000011010000100001011011010001000001001110010010010001
1000000000000000010000100010000000100100000010000000001010001000000000001000000100000000100110000000000000001000010000000000000000000010000110000000000001000001010110000000000011000010011110000000000010000000010101001000000001000000000100000000000010
0010000000000000000100000011000000000000000000000000100000000000000000011000100000010000000001000000001000001000000110000100000000000011000001000000000000100000000000000101000001000000000000100100000100000000010000000000000011000100001001011000000000
0000000000100010001000100010000000000000000010000000100000000000110000100110001000001001001100100000010000001001000001000000000011110000001100010000010000011001000101100000000000110000000000000000001000000000000000000000000110100000000100001000000100
0000000000100000000000010000000000000011000010000000000000000010000001000001001001010000101000000010100100000000000100001001000000000000000000010001000000000000000000010000010000010010000010101111001001000100000000000010000000010000001001000000000001
1000001000100000000000000101100000001000000001000000000000001100100010010000010101001000000000000100000000000010000001000100000001010000000010000000000010000001000110000000000000000000000100001000000101001100000000000000110000001000000000001111000000
0010100000000010000000000100000111000100000000000000100000000000000001110010001000010100000000000001001000000000000001000000111000000001000010010110000100000000001000000001010100001000011000001100010000000000000000000100000000101001000000010000100000
0000000011010000000010100000100000000000110010001010000000001010100000001010100010000010010000000000000010001000100000000001000010000000000100000000000000000000010100001111000000000001000000010000010100000000000010000001000100001000001000000001000100
0000000000010010000000100000110000000000000000000000100000001001000011000100000000000001010000001010000000010000001010000000000000011000000100000000000000001010001001000100001001000000000001000000000000000001000110000000100000000100000100000000010100
0000000000000000110000000001000110010000000000000001000010100000000110000000000110000010001011010010001100000001100000000000000000000100010000000010000000000000010000001000010000000000101100000000000010000000000111001010000000000000001010100000000010
0000000100000010000100000000101000000000000000010100000001000011010001001001011000000000000000010000000000001000100001000110000000111000010010000000011001000000000000000010010000000000000000000000001000000100100000001000000100000000011100000000010010
1010001000010001010000100011000010001000000000000000000100000000101000010101000000000000001100000000000010010100000100100000001011110000110010100001000010000001001000000101000000000000000000100000000110000001100000000000000000000001100000000000100000
1000100000010001000100000000000000000100000001000010000000000001000000000000010001000000000010000001110000000011000000000000000001001010000001110100000000001000010010100000000010010000010001000000100001001100010110100101001000000000010000000100000010
0000100100110000000000000000000000010000011011000000000000000001000000000010001000010010000000000001010010000000010100000000001100000011100110011111100001000000001010000000000000001001000000010000010001100000000010000000000000000000010000000000000000
0001000000110000000000001001000000100001010010001000010000000000111000010110100000000100001000000000001000011000000000000100000000000000001000000111000000000001000010000000010000001000000000010000000001000111000000010000001000000000010000100000100000
0100001000000000010000010000000000001000100000000000000000000100010100100000001001000000000000100000010001100000001001000000001000000000000000100001000000000010001010101010000100000110000000100101000001100000010101000010100001110100000000000000000001
1000000100100010000000000000111000110000000000001000000000000000000000001001001100010000001011000100001001100001000000000000100000000010000100101000001000000100000000001100011100000001000000010000000000010010001000100000000000010000000100000000010101
1000010000010000000010001001000100010000000000000100000011000100000000000011000000000000010100000110000000000000100000000000010001000000000001001000100000100000000000000000000100101010100001001000000001000010000010001100000001000000101000000001001011
0010000100110001001000000000010000100010000000000000000000010001100100000100101000000100000000000111000001000000000010001100100100000000100000100000100000100000000000001000100001000000010000001001000001100000100001000000000100100000001010000000000000
0011100001000100010000000000101010100010010000010010000000000111101000010000001000000000000001100011000001000000001000010001100000100000000110010000000000001100000100000000010100000000000000101000000000010000000000000000000000000000110001101001001000
0001000010100000000000001000000000000000010100001010000011000010010000000011100000000000101000000000000000111000000000100101100001010000100100001100001101001001100000000001000000100110001100000000010000000000000000001001100001000000010011000110000000
0010011111000000000000000110000000010100001000000001100000000000000000000000100000000011010001000000000100000010100000011000000000011011001000000000100100000000001000000000000010010000110100001000000000110000000000010000000000001000000000000010000000
0010010000001010011000010000000000011000000001000000000000010000110000001000000000000010000000000000000000111000000010000000000000000000000100001000000000000010000000001000001000110000000010010100110100000000000000000000001000001000001010000100000000
0000010100000010000000100001000110001000001001010001000110100001000000000000000010010000110000010000000000100000000000100000010000010101010000000000000011000100000101000001100101000010100001000110000000000000010100100010000000000100000000000001001001
0000000101000000000010000010000100000000010000101000000000001110000000010000000001001001000100000000100000000001010011001000000000010010000110000000010000101000000100100000000000000001010000000000000000000000000110010000000000000001001010001001000000
1010000000000000100000000010001000000000000000011000000000000011000100000000000000001000000000010000010000000101000000000101000000000010100000010001000000000010000000100001000000000010000010000010000001000000000010000000100001100001010000000000000000
0000100000100000000000000100000000000000000100100100010000000100000000010000000000000000000010101000000010000100000001000000000000000000100101001000001000110000000001000000101001001000000000000000000000000000000101000100100001000001000000010000000000
0000001100010000001011000000001001000010100100000100100000010100000000000010000100000001101100000100100001000000101000000010001000000001011110000100000000000010000000010000001000010000100000000000000001101010000000000000000010000000010010110100100001
0100000000010000000000100000000100100000000000000000000000000100000000100100001000000001010001000100100000000010000000000000000001000000000100000001010000000110100010011000010010000000000100010000000101010000100001100001000010010001001000000000000100
0000000000000010000000000000000000011001000000001001000001001000000001101000001000110000010010011101000000000000000000000000000000000000000001000000100000101000100000000000010010000000000000000001000000000000000000000000000000000000011000100000000000
0000000000001000000000001000010100010000000001000111001001000000110000000010001001001000100000001100000000000000000010000001000000000001000000000000000100000001011001000010010000110000000010001100000000010000000010000000001000100011010010000101000100
0000010000000100100000000000000001010001001000000000001001001001000000000000010000001000000010000000000001000000000000000001001001000000000000101000000000000000100000001010000000001000011000000000010001000000000011000000010000000001001000010101000011
1001000100000000100010001000000001000000000110000000000000001000001000000010010001000000000100010001101000000010000000000000001000000001000000000010000110000101000010010010100000001010000000000000000010001010000000000100100100110000000000100001010000
0000000000000001101100100010000000000000000100000000000000000000000001000001000001000000000100000001000000000010000000000000000100110000001001001000000010100000010000100000001010010100010000101000100100000100000000000000001000000100000011001010001001
0110000100000100001011000100000000000110000010010100000000100000000100000010000001000000000000010000001001000000001000001000010000110001000010000000010010000000000100100000010100000000000000010010000000000000000000000010000000000001010000000000000001
0000000100001011001100100000000010010000000000000001100100000000000000000000000010001000000010010000000000011100000000110000010000000000001000000000000001001100000001000100000000000000100001100000010010000000001000000101000000000000000000000000010100
1000100000000011000000000001000010000011100100000000001000000000000000000000000000010000000100000110000000000000000000110000010000000000010000001000000000001001100001000000010000000100000010100001100000000100000000010000001000000000000010000001010000
0100000000010000100010001000100010000000001110000111000010000001000000001000100000000000000001000000101001100010000000101000000000000101000001000100110000000100100010000000000000000000000101100000010000001001100000100100000000000010000001100010010000
0010000000000000100010010000010000000000000000000000000000000100100000001000000100100000001011010001010001000001001000000000000101000000000100000000000000000000101010010001000100000100001000100000000010000001001001101001101001010000001010000000000010
0000100010010000000000100001000000110000000000000000000001000000000000100010110010000000101000010100000000100000101000000010000000010000000000101000001010001000000010000001100000000000000010110000000000001000000010001000010000000100001000010000100000
0010001001000100000000001100010000000010000000000000000001000100000000000000000000010100000000000000000000000010000100000000000000100100000000010000001000000100000000000000010000000100000000000000010001010100100000000000000010000000000000011000000001
1000000000010010000000000000000100100000001001100100010100000100111010010100000000000000100000000000010000010000000000000010000000000000000000000010010001000000001100000000000000001010000000010011100000010001000100110000010100000000000000111100000001
0000000111001000010010000000010010001101000000001000000100010100000000100101000000000000010100001000000000010001000001000001100000000000000000101001000001110000000000000000000001110100100000010011000100000000000000001000000000010000000000000000010000
0010000000000010000010000000000010001000000000000000001000100010000000000001000101000000000010000111000100000000110001010000000000000001000000001100100110100000000000000000100000001000000010001001000000000000101000000001000000000000100100100000001100
0000000010100001010000000000000010100100000000100100000000000001000100010000100001010000100000001100010000010000100000000000001100101000000000000100010010110100000001000000001000101000000010000101000100100000000100001000000100010100010000000100000000
1001000000000100000000101001011000100011001000000000000000110001000000000001100000000001010100000001000000000000000000000110000000000000001100000000000010100001110000000000100000000011000000010000011000010000010001000010100000000000101001000100100110
0000001100000001010000100110000000000100010101001000000100001000000001110010000000000010110000010100000110000010000000010010000100000000001000010000000000000000010100000011100000001000000000100000000000100001000100100000010001000000101000000000000000
0010000000000001110000000000000101001110000000000000110100110000101010000000100100100000011001000000011110100000000000000000000000010100100010110001100000000000000100010100111000000001010100000010100011100000100001001000000010000000010010000100000000
0000000000000000000000000010000001000110001100000000100011100010000010100000100000000000100010001100100000000010100000000100001000000000000000000010000110000000000000010100000000000000010000011001001100100000010000010000000000000000100011010011100001
0000000000000000000001010000000000000000000000000000100000100001000000000100000000010000000000001000000001100010000001001000000011001010000000010000110000000001000001001000100101100001000000110000000001000100110001000001000100000100010000000000010000
0000000001000010010001000010000110000001000001000010010001000000000001000000000010000000000000000000100000000001000000000010000000000001000100000000000000000010000000000000000010000000001010000000000010000000000000111000000000010000000010001010001000
0010000101010010001010001100100000000000000000100000000000000010001010001000000100000000000000100010000000000000000000000000100010000000111001100001000000010010010000010000010101000011000100100000100000100110100000110000000000011000000010000000100000
1100100010010000000110000000011000000000001000001000000000011000001000000111000000000000010000010101000000000000000001000100000000001000100000000100010000000001000010000100000010001000000101101000000100000010010000010001000001000001000010010000010001
0010010010000010010000101000101001000100000011000100000000000000000000000000000000000001100010001010010000000000101100000000110001000000000010100110001010010000000000000000000000001001000001000010000000100000110000000010000000000000010000000001010001
0000000000000000000000000000000001000000010011000000000000100000000000000000001100000000000100000001000001000000000010000001000001100000000000000000000000001000000000000000010000000000000000001000010001000000000001000100000010000000000100100000000010
1000000000000000000001100000000001010000000000011001000000001001000000000110001010000010100000100010000000000000111000010000000000000100000000010100000000001000010000100001000100000000000001000000000000001000000000010100000110000001000010000100000000
1000001000110000000000000000000000000000001101100000001000000001000001000000010000001000110011000000101000001000000000001000000000000001000000100000011000000100101001100001000000000000100000001010000000000000000001000000000000001001000000000000000100
0000000100001000000011000000000000000000001000000000000000011100000000001010000000000000000001000000100000001000101001100000010000000000000101110000000000010011100000000010000010000010100000000100010000001000001000000100001011100000001000100000000101
0000000001001000000100000010111000100000000010000001000000000001000000100101000000110000000000000000011000000001001000001000000000000000110000001000000100000000000000000000110001000100001010000000111000000000011000010100100010000000000000000000001000
0001000000000000000000100000001100010100010000001000000010000000000000001000000100100100010000000000000000000000010001000000000000000000011000000110000000000100010100000000001110000000000100010000000010000010000111011000000100000000011000000001000000
0000000000010010100000000000011000000100000100010001000000000001000000000000001000000001100000001000000000001000000001000000000000001001000000000000000010100000100000000000000010010101000001000000000001000001000000000001000000101011000000000000000000
0110001010100000000101000000000000010010000000010010010000000100000100100000000001000010000010000100000010001001000000000000010100000100000000010001001000001000000100001100000000000000100000000000000001000100001000001000010000000001010001010010010100
0010110100000000110010000000101010001000001010000000000000110000000000000000000000010010000001000001000010000000100000001000000110010100100000101000010000010000000100000000000000000000110000000000001000100000000000100001000001001100010000000000000010
0000000000010000000000001000000000000000010000000000001000000100100000000101000000000000000011001110000000000000000000000000000000001010000000000000000010000001010000001000000000000000000000000010010100100000000000000000000000000000000000000000000000
0000000000000000000010010000100001010000011100100000000101001001010100001000010100000000010000000000000100001000001001000010101000000000000010101000000000100000100101100100101000110100111001000001010001000000000000000001000000000000010000000000000001
1000011000010000000010000100011000010100000110000000010000000101000000010001000000000100000000000000000000001010000101001001001000110000100000100001001100110000000000000000000000100001000101000010100000000000000010001100010000000000010010001001100000
1000101000100000000010001000000100000001001000000000000001100000000010010000001000010000001010001000000000000000000010000000100000001100000010100000010100000000000111001101001000000000000000001100000000000000000001000100100011000100100000011100100010
0000111010000000010000000100101000000100000000000000101100110000000000000000000000000000001000010000000000000000000000001100001000000000010000110000000000000000001100000000000000010010010000000000000000000000001010000000010000000000000000100000010100
0100000010000010101000010000110000000000100000100000000000010000000000100000000000001000000000010000001110100001000100000000000001000001000001010001000000001000000111101000000001000101001000001000000000000000010011000010001000000001000100000001010000
0000100000000001000000000010000011010000000001000000101000000000110000000100000000000000001000000000000100000001000100100010000000000000000000000000100000000000100000010000000000110000000010100010000001001001000000000010000000011100100011100000000011
0000100000000000001001000011000000000000000000000010000100100000000010000000000000100000110000000000000100010000101000000000010010100000010000000000000010000000000100000001010000000100100010000100100000000100000000000100000001000000000000001000000000
1000000000000010100000100000100000100100010000000001001000111100000100100011010001000000011000100000100000100000000001000000000000000100000000010110111000000100000000100001010000010000000000000010000100000000100000000100110000000100000100000000000000
0000001000000000001010010000000000001000100000000000001011000100000001010000100000000001000000000001000000100100000000000000100010000000001000000000000000000000000000000000000001000000000000000001010000110001001000100000000010100000000000001100000010
0100100000000010000100000010100001000000000000000100000000010000000000000000110000001100010000000000100000000000000000000100100000000000000000000010100001100000100001010001000100000000000000001000000000100010000000000000000000000000010000001100000000
0000000110000111000000000001001000000101010100000000000000100000000000100001000000000100000001010010010000010000000010100000011000000010010000000001000000000000001001001000000001001100000001110000000010000000000100000000000000000000000100000000000000
1100000000001000000001001001000000000000000000100110000000001000000000000000000111000000000010010000000000000010010000000100001000000100000000000100000100011000000010000000000000000101000000000000000000010100010000100001111000010000110000001000000010
0000000000000010001000000000000100001110000010000100000010010000000110000001000010100000000010101000000000001000100000000010000001000011000000000100010001010000000001000100000001000100001000000000000110000010010001000110000000000000000000000000010010
0000000000000000001010000001001100000001000000000100000001100011010000010000011001000000000000000000000000000000100000000000100101000100000000000000000110000100001001000000000000000110000000011100010000000000000100001000000011000000000000101010000000
1000000000001001000010010101000000000000000000011101000000000010000000000000000000000110000000000000000010000000000000000000000100000000000000110000000000001001000000000110000000001100000001010110000000000000000000000000000000000000010010000000001100
0000000000000000100010000100100000001001100000100100000000010011010010000000000000000100110000000000000000110000000100000000000100010001000000000000000001000000000000000000000011000000000000000000000010000100000000000000001000001001010000000000010010
0010000000000010000100010100000000000100001000001000001010000000000110000000000000000001100000010000000100010000000000001001100010001000000010001000000100000000001000000010000000000000000000000100000110000000001010100000000000001000111000000011000010
0010000000100000000000100000000000001011001100010000010000000000000000000000001000011100000100010100000000010000000000101000000000001000100110010100000000110000000000010000000000000010111001011001001010010000000100000000000000000000000000000000010000
0000000001000001001000010101001001100000000000100010100000100100001000000000000000000000100000000110000000000010110000000001110000000100100000010100000000000011000000000000000000000010001000000111000000010000001100000010000000000001000010000000000000
1000000001000000100100100010111000000100001000000100000010000000100000000000001001000000000000000000000000010010000000000101000000100000000000010000010000000000000000000000000100000000010100010100000000000000000000100001000000000000000101000000001000
0100100000000000000000000010000000000100000001110000000010100100011000000100000000001101010011000000100001001000010000100010010000011100001000100000100100000000000000011000100000000101111000000000000000000100011110000000000000000100000000000000000100
0110100000000000100001010000100000010100001001001000000010000010000000100000101000100001000001000000010000001000000000000010000010000000000000001000000010001001000111000010010010010101000101000000000000000000001000001010000100010000000000000000100000
0000000000101001000000011000000000000000010010000000010000000001100011000001000000000110000000000000000100011000010000001001000000010001010010100001100000001000011000000010000000000001010000000100001000000000100000000000000100010000001000000000011000
0000100011000000010100000100010100000001001010010100010000001001010000000000000000000100000000010011100000000101000001001000100100001010001000000101000000000001000010100000100001000001000000000000100000000000000000001000000000001000000010000000000100
1010010000100000000000000110000000000011000000001000000000001000000000000000000001110000010000000000010000000000000000000100000000010000000000011000000001000100001000110100000010000110001001010000000000000000000010001000100000100100000010100010010100
0000000101000010000000010000010010000100000010100000001000000010000010111000001000100000000100100001000000000000100000010000100010001000000000000000100111010010000000000000000001000100000100000000000001010000000100100000100000000101101001000000001010
0001000000001000001100010000010000000000100000100000000010001011000000000000000001000000000010000001000000000000001000000000000000100001000000001010000001000000001010100000100000100000000100000000001000000000000000110000100000000000001000000000010001
0011001011010101000000000100001010000000000000100100000000000000000100001000000000000000001000001010001000000000000000000000001000000001000010001000110101100000010001100000001000000001000001000000010000000100001000000000000010000000000100001000001000
0000100000101010000010100000000000000010000100100000000000010000000000000010001001001111100000100000001001001111000000100110000000000000100000000101011100000010000001000000010001100100100000100010000000000001010000010010000010000100010000000010101000
0100000001000001000000001001000000000000000000000001100000000001000001000000000011000101000000100001110100100010000000000000110010000000000100000000100000000000000001000101000000001001000000000100001000010100000010000010001010000010101100000000000000
0001010000100000100010000000000000000000000010000000001000000000000011000000000001101100000001000000011001100010011000000000110001000000011010100001010001000001001000000010001010100000001000000111000001000000000010100000000000000001000000000000000000
0000000010001000010000000000011000000010001001000000000001000000100000000001000000100000010010000000010010000000100000000000000100000000000000100010000000000000110000000000001000000010010000001100000000000110010000000001000000000100000100010010000000
0000010010010010010100000000000000010000000000100110010100000011000000000010000000010000000000000000000011000101000000000000000000000000000000010011000000000000000000000000000000111000010111100010000001000000001001010000000000000000010010100000010110
0010001000000000000000001110010000100000000001010000000010010000100100000100001000000100000100000100101000000000001000100010000000001001000010000000000000000000000101000000000001000000011001100010001000010000000000000100000000010000010010010000010000
0001000000100011000000001000000000110000010100100000100000110001000100000000000100100000000001000000000000000000000000000000000000010010000000011100000000000000000000000010000100001000110000000000000000000000000000000010110010010000000000100000000010
0100010100100010000100001000100000000000000000000000000000001000000000010000010000000100000001000000011010000100000000010010010110000000111101000000000000000000001001010000000000010000110000001000000000000000010010000000000000100000000000010000100000
0001001001010011000000000000000000010000000000000010000000000000000000000000010000110110000100000000110001100000000000001010100000010100000001000100010100010000000000100100000000010111001100000000000001100000000000000000000110000000000010100000100000
0000100000100000000000000000010000000000000001000000100000100001000010000000000001001100000000001000000000000000000000010100000100000100000000000000100001000011011001000000000001000000000000001000000000100100000000110101100000000001000000010000000000
0000100000010000000100000000000000000001000010000010000000000000100000000000100010001000000101000000100011000010000000010000010000000000010000000000101000000010000000100000010000000000100000000011000000000100000000010000000001000000001000011100100100
0000100001001000010010000110000010000000000000000000000000100000000001000100000010000000000000000110000010010000010001000000110001100000001000001000000100010000011000100100000100000100010010011000001001000000000010000000000011000000101011100101100000
0000000000100100010001001000000000001000000010000100001000001010000000000010000001000000001010100000100100100100000000000000010010010100110110000011001010001100100100010000000000100010000010000111100000000101000000011000000000010001100000000100001001
1101000000000000000000001000000001001010000000000000001101011000010000000100000001010001100000000001010110000000111000000000010100011000000000000100000010100001000001000000000000000001000010000100000000000000100001010100000000001010001000000000000010
0001000100001000011110000000000010001000000000000000000000000100000010111100000000101100001000001000000000010100001000000000000000000011100100000000110100000000010000000000000000000000000010010110000000001000000000100000000000000001000000001000000000
0010000000101100100000000000010001000000000000000000000000000000000011000000000010001000011000000000000100001000100011010100001000011000000010000100000100010100010000000000101000000000000000001000000000000000000100000000000000000000010000000100000100
0000000101000010100010000000100000000000100000101000000010000100101100000100000000000000000010010100000001000001000001100000000000000000000000001100000101100000000101000000000000000000000000000100000100000001001000101000000000000000000100000010100000
1000010010000000010101000001000110000000000000000101000000001001111001000000010010000010001011000010000000000000001000000000010001000000000001010000001000000000000000000000100000000000110100000100010101010000000001000000000000000100000000010011000000
0001000000000000100000000100000100100100000110000000000000000000010000000000000000010000100000000100000000100010100000000010000000000001001000000000000001000000000000000100000100100100000000000000010010000000010010000000000100000000001000000000011000
1000000001000000000010100000110100100000101000100100000000000001000000000001100001001000000000010100001100000000001000001000000110000010000000000000000000010000000000001000100000110000000000000000010100000001000100010100100100001000100000000100001000
1100001010000000100000010000001000000000000010010001110100000000000101000000011000000100100000000000010100100000000000001000010000001100000100000000100000010000001010010000100001010001100010000000001010000000010100000000000100000000000000000000000110
0000010000000000100000101001000000000010000000001000000000000100001001000000110011000000000000100000010000000001001000000001000110010000000000000101100000000001000100000000000001000001010000001000101001100000000000000000110000001000010001000000101011
0100000010000000000000000010000000011000000000100000010000011000000000000000000000010000000110000000010000000000000000011100111000001000100000100001010000001001100000000001011000100000000000010000000000000100000000000000000001001100011000010000000000
0000100000000100101000000101111000101000001000010001000010001100010100000000000000000000000000000100010001000001110000000000100000000000000000100000010000000000000000011010000110000000100000010000000000000000000100011001000100000000001010000000100001
0000000000000000000000001000100000000000000000000000000110100000011000000000000000100000000000100100000000000001010000000100100000000000000100000000000000000000000000000000110000000100000101001000100000110000000110010000000001000000100000000000000100
1101000000100000000000000000010100001000000001100000000000101001000000000010000001001000000100111110000101010000100001000000000000000000100000000001000000000000001111000100000101000000100000000000100001001100000000010001000001000000001011000000010000
0000010010000000100000000000001000000100000000000000000010001000100000000000100100100000100000100101000000010001000000011100000001000000110010000000100000001000110001000001000000000000010000100000110000001000000101001010000100010000111000010000000010
0000011000010101100000000000010000010000100100000000000000000000100001000100000110000001000000000010000100101100000001000100000000111000010101000000100000000010000000001100000000100000000001000000000101000001000000000000000000100000101100000010000000
1000000000100000100000001000010100000010001001000010100100101000000000000000001101001110100010000001000000011000011110000000100001000000100001000000000010000000010100000110000000100000100000100110000101000110000000001000000000000000001100101000000000
0000000000000000100000001000000000000000000001001010000000000000001000100000000110000000000000110010000100001010000000000010000000000001001001000000010011101001100011000000000000000000000000000001100000000000000000000001000010000000001000000001000010
0000001000000011000010000000001000000110000010010000000000000000000000000000000000100100001000000010010000000000010000011001000010001001001010001000000000010000000001001010100000000000010010000100100000010001000001000111000100000000000100100000000100
0010011100000010010100000000011000000011000001000000000100000000000000001101010000001000000110001100000000010011000011000000001000000010110000000000000000000000000011110000000010000000000000000000000100010000000010000000010100000000000000010000010000
0000000000010010101000000000000000000000001000100010100000000000000100100010000000000010000000000100110010100000000100011000001000100000001000000000110000001010000000000000000000010100100100100001010000000000100100000000100100001010000000100000000100
0000000000101110100000000000000000000000000000000000010001000100101000000100100101001000000000010000000010000000000000100010000000100000000100000101000010110010000001000100000000000000000000101000000000010001110000000001000000000100000000000001010000
0000010000000000101000001011000100000000000000001011000000000010000000100000000100011000000000000000100000001000000000100000000000000100000000000000000000010000000000011000000000000010010000100010100000001000001010010100101000000000001000000000110000
0100000100000000000000000010000000011000110000010110010000010000000010100000100010000000000001000001000100100000000001000000100000000001100000010010000000000101000000101000000010100000000000000000100000001010001001000100100000010000100000000011000000
0000000000000000000000000000100000000000010000011000100100010000010100010000010011000010010000001010000000000000100000000000100001010000000000011000000000010101000000011100010000001010000000000000010000000000001000010000001100100000000000011000100000
1000000000000000001000000111100100000001000010000000100101000000000000000000000000000000010100100001000000000000000000000000000000100000010000001000000000000110000001110110100010000000000010011000000000000101001000110001000000000100000000100000000010
0001000000001001000010000000010010100000000100011010001000100011000001000000000001000111100001000101000001000100000010000000100001000001000000000000001010000000010000000000000001000000100001001000000000010010100000100000000000000000000000000010001000
0010010001001000100000000000100000100010000000010000000000000100000000001000100000101111010000101000000100000000100000000000000100000010100000000101000010001000100000010000000001000010010010000001000000100000000000000010000001000000010000000000001000
0000010000000101000010000000010110000000100000000000000000100000010100010010100000000000110000001001000000000000100001000010000000010000000000100010000000000100000000001000000000001000000100100000000000010000000001000001000001000100000100000000000000
0000000100010001100000000000101000100000001100000000000000110000000000101000010010000000011100100000010110001000100000000001011000000010001001000000000000000000000001000010000101000000000000000000000001011000000001000000000000100000000000001010000000
0100000111001000101000000110001000100100000000000000000000100000000000000000000100000001000000001000110000000000000000000100001100000000010000000111000000000101000000000000000000001100000000000000000000010000000001010000000000110000010000000000101010
0000000000001010001000000011010000010000000000000001000111000100000000000010000000000000000000000000101000111001000001000000000000000000000000100000010001100000000100000000000001001010010001000000100001010101000100000010010100010001010000000001000110
0010000000000000100010101000000001000000100000001010000000010000000010100000000000110010000000010000010010000010000101000000000000000000000001000000000000000110000000000000000001000100010000000010101010000010010000000000000001000001100000000001000000
0001010000100010100110000000100000000001000101000000100101000000000000000100010000001000001100000000010010101001000000010001010000101000000000000000000101000000010000000001000010000000001010001010000000000100100000010000011000000000001000110010000000
0100000001000001000100101010011000010000011000000000000000010000000000000000000001000000100000000000011100010111000010000000000000001100000000000000000000000000000010000000000001000000001011000000000000000010000010000000100110010010010001000000001000
0000000000100010000000100010011000010000000010000000110000001001010000000001101000000000010000000000000010100000010000000000010000100000100010000000000000001010000000101000000000010000100000000000101000010010000000010110000000000000000000000000000100
0100101000011000000000000000000000000100000001100001000000000000000000000000000100000100001010100000000000000000000000000000000000000010000000000000000001001000000000000000000001000001000100001000110010000000000100000100000001000000000000001010000000
1000000001000010000010000000010000000100000000000010000101100000000000000000001101000001000001000100100001000100100000000000010000100010010000100000010000001000000000000000000000100000100000000100000100011000010000000001000110000000100000001000000000
0000000000000000000000000010000001010000000000010010000100000000000000000010101000001000000000000010000000010000000000000000000001001010000000000100000000010100000111100000000000100001000000000010100100000000000010100000000001000000000000000000000001
0000010011100000001000001000000101000000101000010100000000000010000000001000000000000000000000000100001000010001001000000000010100100000000010000110001000001000000000000000100100000000000010001000000000000000010000000000001000010100000001000000000010
0000000100001100000001011000100000000010000000000010000000000100000001001001100000000000000010100010000000000000000110010000000110000100001000000000100000000000100000100000000010110011000100000000001000000000000000000010010000001000000000000000000000
0000010000000000100100000100000100100000101000101001000100001000100000000000000000000110001010000000000010000010000000000000001000001000000000000000000100000010000010101000100000011000001000010010000010000100100001000010001001000000000010100100000101
0000001100000000000000000110001000100000010000011100000010000000000010100110001000001000000010001000001010010000000000000000001000000000001101000000010010000000001000000000000000000000000000010000000000100000000000001011000001000000000100100000000000
0010101000000110100000000000001000110001100000111000000100000011000001001000011100110100011110011001000001010010000100111000000001000001000000100111000000100000010000010000000000000100001000010011000000000001100000000000000010000000000000000001000000
0000000001000010000001010010000000100000010000000100000000100110100010000100000110000000000100001000000000000101000000100100001000000010001100000100000000000100000101001000010000100000100000001000000001000001000011000000000000100000000000001100000001
0000000000000000000010100100000001010000000000000010000001000000000000011000000000000100001001000001011010000000000000100000010101000000011001001110000001001000100100000000000000001100010011001011000000000000000010010001000000000100000001001000000000
0001010000000010000000010110101010100000100000000000001000000001001000010101010000000000010100000000011001000010000010000000000000100000101010000010000000000000001000000000000100000000110000000001000000000001001100000000000000000101001001000000000000
0000000000110111000010000000010000011110000100100010010010000000000100000100000100000000000000100101010100000000000011100110001100000001100100000000000010010101010000000100000100001100001001000000000000010011000000100000000101100010000101000000001000
1000100000000000000000000010110000100010000000000000010001000011000001010000110010001001000000000010001000000001000000110000000000010000000001000000010000000011000100110110011000000000000010000000000000010000100001010000000000000000000001000000000000
27 214
229 17
