250 250
1000001011000000000000000000010101000000000100000100100001000010000100000100100010000000000000110000000000000000000010010100001000101010100001000000001000000001000000000000010100001000010000001000100000000100000000000101000000100000000000010100001000
1000110000000001000000001000101100000100001100000010110000100000000000001000011010000000000001000010000001000001010011000010000000000010000000110000001000010000000011000001010000101001000000000001100000000000000010000000001010010000010000000000010000
0000001000000100100100000000000000100000000010100100000000100000000000000001010100001010100011001010000000000000000010000000010000000000000000000100100010000000000000001000101100000101000100011100000100000000000000000001010000001010000000000000000001
0100000100010100000001000000000000000000000000100001000000010010000000000100000000001010001000101000010100001000001000000000000000010010001000100000000000001000000011000100000001000110000100010010000000000010100000001000000000010000100000000001101001
0001010100000000000000000010100000000000000000000000000011000000100000000000100000000000000010100000000000001000110000010000001000010000000000010001000000001000000000001010000000000000000100100100001000000000000100001000000101100000000000001011000000
0001000000000100000000000000100000001000000000011001000001000010000001001000000100100001000100000000001001000010101010000010000000100000110000000011000001000000000000000000000001000010000000001000010001010010100000000000001100000100001000101000000000
0000000000010010000001101000001001100011000100001000000110001000010000000100000010000000000100010000001000000000001000110010000000000001001000100000000001000000000000001011000000010000110000010100000000000100011000000000010000000000001000000101001001
0100010000000000000000010100100000010010100000000000100100010011000010010000001000100000000000001000000000001000000110000000010000000101001010111000000000000100000000001010101100000000001000010001000000001100000001001000000101100000111000000001010010
0000010000000000000000100000000010000000010001000000000000000000100000000000000000000000010000100000000000000000000000010100000000010101000000001100000000000000000100010000000010010000000000100000010000010001100100000000000010110001000011000001001000
0000101101000000000000001100000000000000000011101100000000000101000000000000000000100000011000000000000000000000000000001000001000100010011100101000000000000010000100101001110000000000000010001000000000000010000101010100000101010000000000010000011010
0000000101000000010100000100000010000000100000000000010011000100000000010000000100000000001101000000101000000100001000010000010100000110011000000000010001000001000000000001000000000000111000000000100001000000011001000000100000001000001000000110000001
0000100000010000100000010000010000000000000000100000100101000100000000000010100010010010101000101000010000100000000001000000010001000001000001000000000110000000010000000000000110010001000011000010000000000001000110000000010000000000101100100000000010
0000000010000000000000110000010100000001000010100001110010010001000000010000000000000000100010000011100000000100100000000000000011000000000000000000001000010000000001001000000100000000010000000000011000000001001000000000001000000000000001001101001000
0000000000000000100001000000000000000001000000000010000101101000110000001000000000100000000000101011100000000000100000010000000010000100000100000000100100000000000000000001000100000000000110000000000000000000000000000100001000000001000000000000100000
0000100100000000100000101000000000000010000000000000111000000010000000001101001100000001010000000000000000000000000001010000001000000001000010000000101000101011100000000000001010000001000000001100000000000000100000100000010000000000001010100000000000
1000000100001000000101000000010000100101000000000000000001000010011000010110011000001000000001000000000001000000000010000000011000001100000000000000000010001000000110001010000100000011000000001000000001000000000000001000010100101100000000100000010010
0110000000001000001000000100010000000000100000000010001000000000011010010000000100000100010000000000000100110000100110000000000111100001010000100000000010110000000000010000000000001000000000000000100000000001011000100000000100000000000000000000010000
0010000001000000000000010000110010000010000000101000100010100101100000000000111001100010000000000000010000000001000000001000010010100000010000000011100000001010000010000010010000000001010010000000100001110000010000000100000000010000000100010000010100
0000010010110000000000000000000010000000000000000000100000000000000000001000000000000000000100000001000000000000000001101000001000010010001000101000000000000100000000001000001010011001000000000000110000100001000100011000010000101000000000101000110000
0100000000000000000000010001001000000001010000000000000000010010100000000000000000100000000000000000110000000010000000100000000001000000000100000010000010000000100001000000010000000011100000100000000001000100000000110011000000000000000111000000100000
0000010011000000000010100000000011000000100000000000000010100000100100000001000000101000010000000000110000000000000010000010000000000010000010000000011010001001010000000000000001000000000100000100100000010100000101010011001000000000000001010010101001
0000000000000010011001000000001000000000000000001010000000001101100000001000001100000001100000000001011000100000010010000010010000000010010000100011000001100000000000011000010010000001000001100010000000010100010001000000001000100000000000000000000010
0000000000000000001110001100000001000000000000000000100000000000000000100100000000101000000010000000000100000000000000000000001100000000000100110000000000100000000000100001000000000100000000000001001010000000000001000000001010000100000000000000100100
0000101001010000100000000000000001100000000100000101001100010010010100000000100000000100000000000000000000101100000000001000001000100000001000000010010000001000000000100000101000000000000000000010000000000000000000000000001010000000001111000000000001
0010000101000001000010000000000010000010001000010000000001000000100000110010000000000010000000010000000101010000000001100000000000000000000000100000000001011000100000011000000010011000001000100000000001000000000000000110000000000000000101000001100000
0001000011000000000110100000001000000100000100100000000001000000010010000000001010100000000000000000100000000000000010100010001000000001100001001001000100000000000001010000100001000000010000000100000000000001000000000001100100100001001000100100000000
0000000000001000000010101000000001000000001000001000000000000000000000101000000000000000110100000000001000000000000111000010100000101000110010000001000001001010000000010000000000000000000000000100010000100000000100010010000100011010000100000000000000
0000100010110000000000000000000000110100000000000000000010100000000000000000000010000000000010010100000000000010000000000000000000000001111000000000000000010000000010000000100001000000000100000000000001000000000100001001001000100000100001000000010000
0000010001000000010000101000110001001000010000000001100000101001000000101000000000000001000000000001001000001001000110000010000011000010010000000010101001000000100000001000000010001000000100000001011101000000000000000000001010100000010000001100110010
0011001000000000000100000000010000000011000000000000010000001000000001000000100100001000000001010000110000000010000000000000100011000000000000000000100000100000000000010010010001000010000000000000000000000001000000001000010000001010000001000000001100
0000000000000000010010100000000100000010000010010100000000000100000100000010110110010000000000000000001000000000000000100000100000001000010001001000010001010000000000010000001001000001100000000000000000010110001000000000011000000100100001001000000010
0000100000001011000010100010000000001000001000001000001000000110000000000000010000000000000110110110000101100010010000000000010001000100001000000000100000100011000010000000000000000000110000000001000011000000000100000001000001000000010000000011100000
0100010000001100000001100000000000100100000000000000000101000100000000000000001100010110000100010100000000000000001000000000000000011010011000000011110010000100000000100000010000000011001001000000010000000000010000010110001000011000101100000000000000
0100000000000001010100000011100000000101010000010000001011000010100101000000000000011000100100000000000000000000100000000011100000010011000011100000000001100000001010000000000010100000000100000010001100000100000000000000000000100111000000100010100100
0000010000000000000100000001000000000000000101001110000100010010001000000000000000000000100100000011000000000000000010000100101010010010000000010001100000010001000000000001000001100110000000100010000000010100000000000000000010100001001000000010100010
0001010001000110000000000001010001000000010100010010000000001011000001000000110101000000000010010100010000000000000000000000000000000100010100001000100000000000100001001010000000100010000000011000000000000000000000000010110000000100000000000000000010
0000000000000100010000000001000010000001001100001000001100000001010100000000000000100110000000000000010101000000000000000101001000011101100000100000000100000101001000101000101011000000001010100000000001001000000010001000000000000010000000000010000000
0000010000100000000001000010000000001100000000100000000010010010000000000010000000010000000100000100111000010000000000100000100000000110000000001000010000001000000000001000100000010000000001000001000000000000100100000001010000001000011000010011100000
1000000010000000011100001011001101100001001000000110001110001000100000000010000001000100011000000001000010000110000000000001001000001000000000000011001011000000000010000000000000010000110000000010101100100000000000000010010101100000000010000000000000
0011010001000000110110000110101100011010001000100010000001000001000000001010001100000000000001000000100000100000110000000000000010000001000000001100010001000000100000001000001100000000001010001000010110001000000100001000001010010101000001111000000010
0000100000000001010111100110001000000100001010000000010000001000010010000000000010000000010001001010000001000000000100000000000000001000011000000010101000000110100000100100100001000100001000101000010000000001000001000000000000000010001100001000010000
0001000000000001000000010100100010000000000000100001000000010000000010100000001100000100000001000010000100101000010100000000000000110000000001000000000001000000000010000000000101000001001110000000000100100010100000100001000000100000101000000000100000
0100100000000000000000000000000001001100000000000000000000000000000000001000111000000001010000100000000000000000000000001010000001010000101000100000000000000000000000000000101000001010000000000101100000001001000000000000100000100000000000001010000000
0000010100000100000000000011000001000010000000010000010000100000000000000010100000001001000010000000000010100000110000001000100010000100000000000110000001000100000000000010000000000000000000001000101000000011000100001000011000000000000000000000000010
1100010001100001000000000000100100000000000100000000010000000000000000001110000100001000000000101000000000100000100100000000000011010000000100001000010000010000000000001000000100000100110000001101000000000100000100001000000000000001000000001001000010
1101000000000000000000000100001000001100000000100110000000000100000100000110000000000000001000100000001000001000000000000001000000000001000000000100000000011000101000010001001011000000010100000000000000010100100001100010000001110000100000000000000101
0000010001000011010110000000010001001110101000100000001000000000010011000000000000000000000001000100010010000001101001010000001000110000000000000000000000100011000000100010000000000000010000001100010010000000000001000000101101000000000000000000000000
0000000000000000000011010000001100001001000010001100000000100000000010000000000000100000100000010100000000000000000001000100010000010000010010000000000010100010001000100000000000000000000000010000010000000000000000000000000000000100000000000001000000
0010100000000100000100000000000110000000000000000000000000001000000000001000000000000001101000001010010100000000000000100010010000000000010000000000010000100000000001000000000000000000100000000000001000001000000000000000000100000100000010000000011010
1000001100000000001000010100101100000000000010000000100011000000000000000000000100000001001000111000000000100000000100000000000000000010000011100011000000100100100000000110001000000000000000001000001000000000000111000000000000000000000000110010011000
1000000110001000010000000001000010001000000001101000000000100000000000000001000000000000011000000000000000110000000000100000100000011000100100100000100000001000010000000000000000000001000000000000010000000010000101000000011000000000000010001000000100
0100100010000001000000000000000100000011000011001000000000100000000000000101000000000100000100000000001000000010010000000000101000000000000000000000010101000000010000000001001011100100100000000010010010000000000001000000101000000010101000100011000100
1000100100010000000100000100000010000000000000000000010010000010000000000001010000000000100010000000000100000100000000000001000100000100000000000000110010000010000000000000000101000100000000000010000000000001000000000001000000000010000011000000000001
1100000001000110000000000000000000000010000000100000000100000001000000000100000000000100000000001010000001000000011001000001000000010000000000000001100010000010000100000000000001000000010001010000100100000101001000000000100010110000000000000000000000
1000000001001100010000010100100000000001000000100000001011000000100101000000001001000001000010000011001011000010000010000001000000000000010100001000000100011001010001001010110000000100110000100000000000000000010100000001001000100110000101000001011100
0011000010000000000001000000000000110000000000000011000000101100000000001010000000110000000001000000000100000000000000001000000000000000000001000001000000011000001000100000100000000000000101000101000000000000000000100000001000000001000000000000000000
0000000000110000100001000000000001000000000001000100000001000010000110010011000000000001000000010010000100001001001001000010001000010000000010010000001010000000000100000000001101000000001011100000001000000000000100001000010000000011010000011000100000
0000000000000001000000000000000001000000000000011000000010000111000000000010000000000000000000100000001100001100100000100000000000000000000010000100000001000000000000010000110000001000010000101100000010111000000000000111011001000000001101101001000000
0000100000000000001000000000000000000100100000000000010111000010001000000100000000000000000000110000000010100100000101101000000000100000000000000000000000000110000000000010000100000010000000000000000000100011100000010100010100100000000000001010000010
0000000000010100000100100010000000000100000000000000010000010000000011001000000001000000000001000010001100000000010100000000010100000000000010000101000001001000000000010000100100000100100000100101000110000000000001010000000001001000000000000000100000
0000000000000001010010010000100000000000000010001000000000000001000100000100000000110011010100001100000011000000000000010100010000000000000000000010000000000000000000000000001101101000000000000000000001100000000001010000000000001010000000000000001000
0000000001010000000000000100100010000000110000100000000110000000010100000100011000001001000101000000000000000000000100000000100000001000000100001000100100000001100000000000000110000000010110101000011000100000100000100010000000000000000000000000000000
0100000000000000000011100000100100000000000001100000010000000101110001000000001010010000001000000000010000001000000100001000000100000000000000100000000000000001000001000100000000000000000000110110010000000010000001000000000100000000011101000010000000
0100010000000000001001010000000001010000001010000000010010000000000000101010000100100000010000100010000011100000010001000000011000001000000000001000000010000000000000000000000000000000000100000000001100100000000000000000000000010000000000001000011011
0000000000010000000000100000000000100100000000100101001000010000000100000001001000000000010000000100000000100001001000001000010000111100011000000000000000100000000000100010100000100100001000100101000000000000001011001000000000000000000100101100000000
0101100110010000000000000000001000100000000000000100100000000000001011000000000000000001000001100000000100000000000000000000000000001000100100010100100000001000010000000000010010100000010000000000000001010010001100000100010100001000000000100100000000
0000100000000000000000000000010000000010000010000010000100000110010000010000100000010000000000000000000100000110010110001010000000001000101001010100000001010001001000001000000000000000000001100010000010000000111000110001001001100010000100110000000000
0100000000100000000010001100100000010000101000011011000001000000000010000000000000000010001000000001000001000000000010100000100000001001100000001100010101000010001010010000000000010011000000000010000011001011000100000100000000001000001010100000000000
0110000000000100000001000000010000000101010000010000100100100000000011000100100010000000000000110001000100100000100000000000000000000100010000100000000000000100000010001000010111001000001000000010000000000000000100101001010010001000000000000110000100
0000000000000000100100010000001001100000000000000000001001000001000001001000001000000000000000000110000000101000000100001000000000010001000100000110001000000000001010100000000000000000100000000110010010000100000100000011010000000000000100000001000000
0100000000010101000100100000010000100100000100000001010000000000000001101000000000000100000000000100000000000000000010000000001000101000000000000000000000000001000001000000000001001100000000000100000001000000110010010000000000000000010000000100001000
1000000000000010100000000100000000100010001001000001000000010000000000100010000000000010000111000000000010010010101100000000000100110100100100000010100100001000101010000000001000010100000001000010001010100000000000000010100000001001100010000000000000
0000000000010000000010000000100000010000000000001001000000000010011100110110001110100100000000001000000011001010010000000000010100000000010010010000100100001000000000000100000000010100001000100100100000001001000110100000000100110000000000000000010000
0000100000100010000100100000100001001101000000010000000100000001000000001000000010000110000000010100000000100000000000000000000010000000000000000000001000000000000000000010001000001000100011000000000000001000001000000000001000000010000000001000000000
0010001010000000000000000000000000000100000000000000001010000000000000000000100000000111010000001000100011011000000010011000000000100000000000000010000000000001000000100001000000001000000000100000100000000000000000000000000100000000000010001000000100
0010110100000000000000000000000000000100010000000100010000010000000001000100100000000010000101000111000000000000001000010100001000000000000000010000100000100001000000000000000010000000000000001101100000010110001010000000000000000001000111000100000000
0010000010000101001000000000010000000001000001100000000001001000010000000000000000000100110000000000010000000000000000000110000001001000001010010100010010010000101000100000000011000010000001011100000000000000001100000001000000001010001000000000010000
0001010101000000010100110001001000000000010110001100010000000000100000000000000010000000000000010010100100101001000000000000010000001000000000000100000000000010010100000000100011001100001000010010100000101000100000100000000010000000000001000001101010
0000100000000000010000100001100010001010000000000110000000110011000000000000001000010010000101000000000011010000000000000001001001000000010000100100000001000000010000000001000000000000010000110000010000110010010000010001000101000000000000000000000000
1000001000010000000000010000000000000001000000000010000000000101100000000100000000000000000110000000100110001000000010010000010000100000001000001000000000000000000000000100000000000011000110000011000000100000000100000000100000000000010000000000010000
0000101000001100000110100000000000000010000101001001000100000100101010000010000001000000010000010100101000010000011000100100100000110101000000010010000000000000000010000010000000000000010110010010000111100101111000000001000001000000000000000010000000
0010000000001000000000010100100000000100000000000000001100000000100100010001000000000000000110001000000001100000001100001000000010101000000000000010000010000000000011000010000100000111100000000001000000000001100100010000000000010000001000000011100010
0000000000100111000000100010110000000000100100000000010010001001000100000001100010000001000101100000100001000001000010001000010110000000001000000000011000000001000001000000000001000001000000000000001001010000000000000010010000000010001000000000001000
1110000000100101000001101000010100010000000000010001000000010100100010000100000000000000100000000001000000000000001100001100010000001000001000000000110000000100010000000100000010110000000100100000000000010001000001010100000000100000010010000001000000
0000000000000001100001000001000001000000100111110001000011100000001000001001000000000000110010010100000010000000000000100000011100110000000001010010010000110010000100000000000110010001000000100001000000000100001001000000000000010000001001011000000000
0010000101011000000010011000000010000000100000100000010011010010010100100000000000001000000010011100100000010101000001000001010001000000000000000000000001000000000000000000000001010100000000100000000100000000000000000001010000001000000000000000000001
0100000010000010000011000000000000011001000100000000101000100000110100000001010000000000010000001001001010011110100100100000100000000001010000100000000000010001010101000000000000000000001000010000100000010000000000000000100000001000100110001000000001
1110000000000010100000011000010000000000000000100100100001000000000000001000010000000001000100000001000000000001001001010000000000000001000000100100000000000100000000000000010100000010100000100000000000000001000100001001000000000100000000001000101000
0001010000010000000011100000010001000000000000000000010010000000000000100011000000011010010000000000000100100100001001000000000000101000010100000000000011000001000000000010001110010000000000000100000001000000000000110110010010001010010100001000101100
0000110001001001000101100001000100110100010000000010010000000000001000000100000000000000100010000110000000000000000001000110000000000010100000000100000000000000001011000000000001110000101000100000000000000000101100000000001000000000010001000000110000
0010000000000000000000100000000000000101111000100000100000000000000000010000000000000000000000100000000001010000000100000001000100100000100000000001000000000000000000100000000000001101001010110000010000000000000110010110001000010001001010000000001000
0000000000000000100000010001000001000110010001001011100000010000000001010110001100000100000000010000000010010000000100000011010100100000100000100000001000010000000001010000010000000000000100000000110010100000000000010000000000000000001000000000000001
0000000000000000000000011000010001000100001000000000000010110000000100000101001000000000110100101011000010000000000011000000000100000100000000110101000100000001000000000000110000110010000010100000010000000000010000100000100001000000100000000011010000
0001000000000000011010000010000000110000000100000000100000100001000000000000000100100001000000001010000101000100000000000001000000000000001000010000001100000000000010000000100001000000011000000101000010011000100100000000100000000010000000100000001000
0000100000000011000000000000110000000000001000001000000000001000000010001000110001000000000000010000000000010100000000001001000010001000100000001001000000101010000000001010000000100010100000000000001000100000000000001110000100000000100000001001000000
1000101001001000000000000100000000000000100001010000000000000000100000001000000001000001000000000000001000000001101010000000000110000010000000000001000000000001000001100001000000100000000000100000000000000010001000000000001000001000010000010001000010
0000000010100100000000000000000000000000001000000000000010000100010000000011000000011101000100000000000010001000001000000000100000000000000000010101000000110000100000010000101000010000001000001100011101000000000000010000000001000000010010000000000010
0100000000010000100000000100000000000110001010001000010100010000000000000000000000110001000000010000010001000000000000000000100100010000000000000000000100000100000010000001000000000001010001000010100000000001000000000000000100000001000001000010101001
0000000010000000101100000100000001000000001010000000000001100000001000010000000010000000000000011000000000000000100000000010000000010000000010000000010100100101000100100011000000000000000100001100100000000000001100000001101000000011100010000001010000
0001000001010011000000001001010000110000010000000000010010000001000000000001001000000000000000010000000000000000000000000000000000010000000010000000000000001000001010001010000000000000000011000000010000010000001001100000000101000100101000010001011110
0001000000000000000001000000000000010000000000000000000100100100000000000000000100100000000000000000000000001000001000000000001000000010101001000000001010000010001000100010000011100010100000001000000000000000010011010010000000100110001000010000000000
0000001000011010000000100000010000000000000000000100100000010000000000100000000000101000010000100110010010000011000000000001000000000000000000011000000000000000000100100100100000000000000000100001000000000000000000000100010001000000000000100100000000
0010001001000000100000001000000000000000100000000001001001010000011000001010000000000000000010110000000010100000000000001000000100000000011000100000001000000001000000100000100110000000001000000000000000000000000001000000110000000010000000000000110000
0100000000111011000000000101001100000100000011000001000010010000101001000010000000000000000000010000000000001000100000000000100000000000000000011001000000000100000000000000000000011100000000000000000000000000000010000001010001001100000001100001000000
0000000000001100000000010000010000101010000100001100010000000001000001010101100010000000000000000011011000000000000000000000111111110000010000011001000000101001010010001100001000000011011100011010001000000100000100000000001000000000000000000100100011
0000001010000000100000000000000000000000000001000000000010101010000000010000000000000000000000100001000000000000100000000001000000000000000000100011000000101000000101000000101101000000010000011011110000000000000011010000001000011000001000110000000100
0011010000000000110000100000000000000001000001100011000000000000000000001010010000000000001100000000000001001100000010011010100000011010100000010000000000000000000000011010000000000000010100000000000000000100100100000010000000000000000000000001000000
0010000000000000000000001000001001000010001000000000000001000000010001100000000100110000000001000100001110100100000000000010011000100000010000000100000010000000000000000000101100000000000100001000001000000100000110000000000100000011001100000001100001
0100000000000000000000000000000000001001000000000000000000100000000000000001000001001100001100000100000001000000101000000000000000100010001000000000000000100000000000000010100000000000011001000100001000100000000000100100100000000000011100000000000000
0000000100000000000000000000010010000000011000000000000000011000000000000010000001001011100001000000001000010101000011000000100000000010000000000000010000000001101000010000000011001000010100011010000001000000001001000000010010100000000000000000100100
1000100000001000000010000000100011000000000000000010000000000000000000100000000001000001001001011000000100000010000100000010000000001000100000010000001000000000000000000000000001010000000000000000000000100000110000000101000000000100000000011000000000
0100000000101000000000010000000000000000000100000010000000000000000000000010100010110000000000101001100000010000100100000010010000000000000000100001011000001000010100100110000000000100000000000100000010000100000000000100000000000000010000000000000000
0010000000111001000001000010000110010001000000100000110000000000001001000000010000100100000011011001000000011010000000000100000010000100000001010000000000000010000010001000101000000000000010100000010010000001000000001100000010000001001100000010100000
0000110000001000001000001000100000010010000000000000001000000001001000000000000100000011001001100000000001100010010000000000000000000100000000000000001000001000000100001000000010000001000001010001000000000110000100001100000000000000000001000100000010
0000011000001100000000000001000000001000000000000000000001010001010010000000000010010000000000000010010100110000000000010100000001000000000100001000000100000100000000001000100100000100000000000000000010000010000100000000000000000001000000000001000000
0000001000010100010000000000000001000100000000001010000000000010001001000000000000100010010100000000101010000100000000001000000000100001011100000001100000000001001110000001100100000010100001001000011100000010100000000000000000000011000100000000000000
0100101100000000011010000001000000000000001000000000001001001100000000010000001100001100010010010000100000100000110010000000001000100100001000000001001010000000000110000000100001010001101000100001000010000100100101000000010100101000000010000100000000
0000010000000011010000000000000010000100001011000001001001000001000001000000101001000110000010000001100010000010010000000000000000000001000010010000001010000000001000000000000000010000000000000000000101010000000000000000001010010000000001000000000000
0110001001010000001000010000000001000000000000000000000001000000000000001010000010000100000000000000010000011010010000000000000100000000000000000000000001000100000100000000000000100100000000000000000000000000000010000001100000010010000010000000000011
0000000000000010000001000011100100000000000011000000101011000000000000101000001010000000000100000001000000000000000000000101001000000000010000000001000000100011000010000100000100000000000000100000000000010100000000010000100010101001000100010000000000
0010000100000000011000001100000000101001000000000010110000011000000000100001000010000100000100010000100000000000001000000000110000011000100000000000000001000000000000011000000000000000010100000010000110000000110000000000000100010000100000000010110100
0000000000010000000000000001001000000000000010010000001100000000001010100000000010000000000000101001001000000000010010000001100000000001000011000011111000000000100010000100000000000010000000100000000000000100100010010010000100100000000000000010000000
1001010000010000000000010000000000000000010000000000100000000000000100010000000100000000000000000101010101001000000110000000100000000010000010000000100000000000000000010000001010000001010000000001010000000000000001001000000000110001010001010000110000
0110000001010000000001000000010100001100001000000000000000010000000000010000000000000000001000000000000000010001000010001010000000000000000000000000010000001010000000001000000010000000010000001000110000000100000010100000000000000000000000000000110000
0000010000000000000100000011000000000000000111000000000110000000000001000010110000011100000000000000000111000100001000010010000000000000010001000000011000001000000000010100000000000110000000100010001001000010000001010100001010000000001110000000010110
0100010000000000000010000000000000000000110000100000000001000011000001000000000001000000000001000001010000000001000000010000010000001000100000000100001001001000011000000000000000000011000000000100000010001000100000001101100000000000001100000000010000
1100001000000000000100100001000011010001000010000101000000000001001000000010001000000000000100000000000010100000000001000000001010000000100000110010000001000000000000010000000001000001001000000000000000000000100010000000000100100000100001000001000101
0001000101000000000100101000101000000100000000001001001000101000000000000000100001000000001000010000000000000000010000010000000000011001000000000000101010000001000001100000000000000000000000010010000000000101010001000010100011100010010100010010000000
0001000010000000000100100000000000110000100001000000000001000000000000000000001000000010000000000000000010000000001000000000100101101000000000000000011000000000100010001000000000100000000000000000000011000000000000000000011000010000000000001010000000
0100001000000100001001000000000000000100000001010000000010100000000001000000000000000000000010000001000000000000000100001000000000100000000100000000001000100101000001000000000000000000001000010100000000000010000000110001010001001111001010010000100000
0000100000000000000000001010000100000001010000000000000100000000010101100000100000000001000000100000010000000001000011100000000000001000001000110000010000000001000000000100000000000000000000000000000000100000000001000100100111000000000010000100000001
0000001000000010010001000001000100101000000100101100001000011000000010100000000000000000000000000100000000010010101110010000000000000000000000000000000100000000000100000010001001110011001000000000000000000000000000100110011011001000000000000001000000
0000110001000000001000000100001000000001010101000001001000001100100100010000001000010000000110000100000000000010000000001100001010001000001001000100000000001001000000000000000100001000000010010100000001100000000010010100100110100000001000000000010000
0011000000000000000001010000000100000000000010000100110001000000000010101000100000000001001000100001000100000001010100000000010010001010000000000010100000011001000000000000100001000000100000100010101000101000010000000000010001000001000000000000010000
0010000000000000100000000000100000000000000000000001100010010001000000000000000100100000011001000010100000001000000000001001000000001000010010000000100001010000000000000000001010110100000010000010000000000000000010001000000001000100001000001000000000
1000000000000000111000010000000010000100101000000000000000010000110000000000000000000000110000000000001000000000000000010100000000010000010100010001001000100010000000010001000100100001010100000001000000000000001000100001000000000000000000000000001001
0000000000101001000000001000010000000001001000000000001000000010000000000000000000000010101011000000000010000000100100000101101011000000010000010101100000000000000001000000001000000010000000000000000010000000000100001000001000010000000000000001010001
1001000010100000010000000100001010000001010000000000000100000000000010001001000000001000000000000000000000000000010000100110001000100000000001000100100000000000100001010001000000000000000000100000000010000000100000000000000110001000000001100110100000
0100000000000000001000000000010110000100100001000000000010100000101000000000000010000000001000010100010000001000010010001000000000001000000010010000000000000000000010101000000000000000000000111000000010000110000011110000000110001000000001010010001000
0000000110000110001000000010000001001010000110011001000001001000001000000000000000000000001010000000100001000000000000000000000000000000000000010100000000000000000000000000000000001000000000000101000000001110001011101000001010100000000000000000000010
1000000000000001101010000000010000110000000010000000110000000110010010001000001000000100000000001000010010000000001000000000000000000000000010010000000100000010100000000000000000000111001001000000000100000000000000101000000100100000000100110000000010
0000000010000000000000000100010000001000100000100000000000010011000000001000000000000101000000000100000001010011001010001000000000000000000000110000001000111000010100001000111100000000000011000000000000100001010000011010000000011000000000100100001001
0000000000001100100010000000000000001000000001000000101000010100100000010001000000000001000000000000000000100001000000001000000001100101000000110000100100100000000000100000000000100000001000000000000000000000101000000000011011010000101100100000010001
0000000000010000000000000000000100000000000000000000000000100000011010000011000000000000000010000001000011000000000000000000100000000100110100110100000100000101000001100010000010001001101100000111010001000000000000000001000000000000010000010000100001
0010101000000110100000100000000000000001010000000010100000000010001000001010010000010000101000000000101000000011000000000101000000000000000001101001000010001000000000000000000000011000010000110100000101010000001000110001000000010000000010000000011000
0000001000110001100100001000110000000001101000001000010100000000000110001001000000010001000000100000000001000010000000001000000100001110000001100010000101110000100001100000111000000001010000000000000010000010001000000000100000100000000000000000000000
0000000000100000011010100000001000100100100100000100000000001000010010000010000000001010000000000000000100101100100001000000000000000000000000001001000001000010000010000000000000000000000010000000100010010010000010000100000000100000000001101000000000
0000000000000000010000000000001000000100010000000101000100000000010000010000100000000000011000000110000000000010000000000000010000100000000000100010010010100000100001001000101000001000000110001001001101000100001000001000000001000000100100001011100000
1100000000000010000000000000000000101000000100100110001000000000001000000000000000001100000000000010000100010000001000000010000001000000001000000011101001000000001000000001010000100000000000000000000110000010010000011000000001000010110000000000110100
1000000000100000000000110010000001010010001010000100001001000010000110100000000000000001000001100000000000011001000000000101010000000000000000111000000100000000000001000100001101100000100000100000010000000010000001100000000001001000001000100001000000
0000000000101100110000100000011100000000000010000000000100000001101000001000110000000001000000100000100000000100011100000000010100010001010101000000000000000100000000000001010000000100000000011101000010001000001101100000000000010001010000000100000100
0000010000000000000010001001000000000100000000000000000000000000110010010000001000000001000000000000001000000000001000001000000000100001100000010000000000001110000010000000110000000000000000000000000000101010100110000000000000000000000000001011000000
0000010010110000011000000001000000000000010100000000000010110100000100000000010101101001011000100000000000001000111100100000000100000000000000100000000000000100100000000000000010000100000000101010000000010000001000000010001000000100000000000000100000
0000100001110101000000010000100001000100110000001100000000000100100000000001100000000000000000000000000100100000000101000000000100010000000000000010010000000000000100000100001000000000000001000000000000001101001001000000110000000000000000010000101100
0011100001100000000000000000010011000000001000100100010001000000100100000000000000010000000001000100000001010010000000000000001000000000000001100000001000001100000000010000100010000000001010001000000000100000000000000000001001001000000000000000000000
0000000000100000011000100001010000000000100000000000000001000000000000000000010001100100000000000000010000100000100010001001110100010001010000011000000000000010000000001000000000000000000000001101000001000000000001000100000000000010101000101000000000
1000100010000000000000000000001000000010000000100000100001011001100000001000000010010100000000000100011100100010001100000000000000000000011010000010010010000000000100000000000000000000000010001000100000000000110000000000100000100100010000000001000000
0100000000100001100011000000001000000000000000011000001000001100010000010101000110000000000000010000100100000000000101000001010101001100001000000000001011010001000000100000000101000000000010001010000000000000100110001000000010001000100000000000001000
0000000000000100010000000101000000000010000000000000010000110101000100100000000000001101000000010000000000100000000001000000000000010000100100000010000000000000100000000000000000000001011001010001000000000010000001000000001010010000011000000000001100
0000010001000000100001001000110000000001000000000100100000000000100100000001000100000000010000000110001000000000100000000000000001010010000001011000000000000100000000000000101000010000100001000000100000010011000000011010000000001000000000000001100000
0000110000000101000110000010000000010001000000000000000000001000010011010000000000000000000100000000101000010001001000000011000100011000000101010001001000100000001011011100000000000000010000000000011000000100010000000001001001000000010010100000000000
0000100000001001000100000100001000000000000001000000000001000001000010010011010000001000010000000001000010000000101010000100110000010000000000000101000001110000000000000000010000010000010000100000100000000000100100100000000010000101000010100100100001
0000010000010010000000000001000001100001000000110000000100000000000000000010001000000000000000000100110100100000000100101000000100000000000000010100000000011000000001000000100011110000000000000000010000010000100101000000100000000100000000100000000000
0000001000010000100101000000000100000011100110000000000001000000001000100000000000000010000000100000000110000010100100000101001000000000110100000000000000100001000000000000000000000000100100000000000001001100000011000011101000000000000000000010000010
0001000000000001000101000000010010000010100000001010000100000000000100001001000000100001100000110000000100000000100001000110000001000001000000000001000000000001001000010010000000100001000000010000001001001000010101000100000000001000100000001001000011
1000000000011000000000001101000000100010010001001000000000100011000000000000001000011000010001000000100000000000010000011000000000100000100000000000000110110000010011000010010000000000000000010100000010000010000010000100000000001000000000011001001000
0000010100000010010000000000101000000000000000000000110000000100000000000000100001001100000100000000000110000001001000000001100000010000000010000000000000000000000000001000000000000000000000000101000010000000110000100011000000000010000000011000000001
0000000000000000000110110001000010000000000001000000000000100101000010000001000000011000100000001001010100010100010001010001010010000010000000000100010000000100010000001001000000000010011000100100000000000000000001000010000000010100000000110010000001
0010001000000000001000000000000000000000000001001010000000000100010000001000000100010000010000010000100011110100010000000100000000000000110000000010010010000000010000010000000000000000000010100100100010100000001000000000000000100000000000000001001001
0000000000000001011001000000000100101000000101000100000001101000001000000010000000000000010000000010100000000000100000100000110100010000001000110100000010000100010110000000100100010000000000000000100000000000100101000000000001000000000010000010100000
0000001000000000001000000000000000000111010010001010000000000000000000000000000000000001001100110010000000000000110000001000000010101000000000100001000100011000100000000000000000000000000000101100000000100000000000101000000001111100000010000001010100
0000000000000010000000000100000000100000000000000101010000001001001000001000000000000001101000000000010001001000010100000100000101001000000101000001000001100110000000100100000100100000010100000100000000000000100100000001001000000000011000001000000001
0000100000100000000000000101000001000000000101000000000000000000010000000001001001000011010110000000000101000100000000001110000000001010000000001000000000000000000000001000000000000001001000000000111000010000000010101000100100000000000000001000100000
0000000000000011000000000000100000100110010000000010010000000000000000100100100000100000000000100000000000000010110101000000100000000000100000000010001101100000001000000110001000000001000000000001001000000010001100001000010000010000000000000001010100
1000000000000000000000100100000011010000000000011000010100011001000100000000000100000101000000111001000000000100101000100000000110000000000000000000000000000000000000100010000100000000010101000000101000001000001010000000000010000000000000000000000100
0000100010000000010000000000000001000001001000000010000000001000000000000000100101000100000001000000000000100010000000000100000000000000001100000001000000000000001000000000011100011000000100010000010000000000000000000010000000000101010001001000010000
1100000100101000001100000001000000001100000010000000000010000000011100011000100001001000000000000000010000000000000100000000000000000101000101010001000010000000000000000001000000010000000100100010000000000000010100000010000000001011000000010000111100
0000001000000000001100000000000011100001000000100000000000001000000001001000000011000000010010000011000000110000010000000110100001000000000100010100000000000000000000000100000100101100100000000010000000000100000001000000000000010000000000000100001010
0100000010100000000100100000000000000011000100000011001000010000001000000000000000000000000000001000000000000010010000001000000000000010101001000000000010000000100100000001000000000100000000001001000000101010000000000000000100000000100001011001001100
0000100000000000000000000001000100000001000000000000000000000000000000100000000000000100000000100101010000000000000000000000000001000001000001010010000000000000000000000001100000110100000000000000010000000000000101000000000100001000011000010100010010
0010010010000000001000000101010000000100100101001001011000000000101100000010001100000100000010000010000000011101100000000000000010000000000000100100000010000100000000010101000000000000000001000010000000000000000000000010010010000110000100100000010100
1000000000000010000000000000010000110000000000000000100000101010001000010100100000010010000000000000000000000000101000101000000000000010000001100000001000000000010000000100000010000100000000000000010000000000100011000001010000000000010010001010001100
0000001010000000000000000100110000000000100000000100000000001010100010000100010010010000000000000000001010000000010000000000010000000000000000000000000000000100110000000100000010000000000000000001100100000001100000100010000010000010011000000000000010
1000001010100001000000000100100000100010000010000010000101100010101100011000100001000100010100000011000000110100001000000000111000000000000000100010000000100001000000000000000010100000000100000001100100101010010000100100000010000100000000000100000000
1001010110100000000000000000010100100000000001000000100110000001000001000001000000000001000000000000100010000001000000001100000000000101000010100000000000000000010001000000010010001101000001000010000110000000100000000001000000000000010100000101000000
0000000000001000000000100000010010000000010000000000000000010100000100000000001001010000001100000001010100000010000000000000000000100000000100000000100000011000010000000000000010000011000000001000000000001000000000010000000000000001000000100010000000
0001000000100000100000001001100000001010010000011000100000010001000000001001100000010011000000100000000000000100000100000001100000100000000000000000000000010000001101101000001000100000011001000000000000110100000000100001100000100000111000010001000000
1100000000000100000000000000001000000000000000100000000101101000000100000010010000100000010001000100000011000000100100000000100000010001000000000000010000011000000001000000000000100000000100000000000000100100000001000010001000001011000010000110111000
0100000100001000000001001110000010000000001000000000000001011000000000000000000000000010010100000000000000000000001000110000000000100000000100000000100000100000000000010000010001000000000000010000110001010100000000100100000001001011010000000000010010
0010100010000000010100000100001000000000100000000001000000000010001001000000000000000100010100000000000000100000000001000000010100000000000011001000000011000011010011001100000000110100000001110111100001000000100001000010000000000100110001000000000000
0010001001001010011000100010000000000000000000010000010000100101000000000000000001011100010101001100000000000010100000000001100101000110110100010000001000010001000010000000010000000100001000000001000000000000001000010100100000000001000100000110010010
0000000000100000101110000001110000000001000000000000001000000000000010000010001101000000000000010111100100000000000000010000010001100000000100010001000000000000000000100000100000000010001011001000000000001111000000100000000000010000100010000001000000
0000000000000100000000100001000000000010000010000100010001000001000110000000001000000000000011000000001000100000100000001001000000010000000000001010000000100000000001000000000000000000110000000100100001000101100000000000010000000001010100000100010000
1100100000001010000001000000011000100000010000000110101010110100000010100010100000000001011000000001000100001010000000101000000000000001000000000001000000001100011011011000000010000001011000000100000100000001100100010000000001000000000100001100001000
1100010000000110000000001000001000000000000000010000100000000100001000100001000000000000010000001001000000011010100010000001000000000000110100000000000000100000000000000000110000000000000000101010000000100000000000100000100000100000000110000001000000
0001011000000000001000001000000010000000000000001000100000000000000000110001000000000001000010000000000000000000000100000000000000000000000000100001000000000000000000000000001010000000000110000000100000000000000010001101100001000010000000110101000010
0001000000000000100010100000000001010000000100000000000000000000100000100011000100000100010000000100000000000000000000100000101010100100000000000001001000000000000011010000000100110100000100000000000000010000001000000000010001000000000001100001000010
0110000010001000001010001000000001000100000000000101000000011000101000010000100000000001000100011000000000000000000100100000000001001100001000010000000000000000000000100010010100000000010010000001000000010000101100000000000000000010000000000100001000
1000010100000000001000000000000000000011010101000000000000000000011100000100000000010000100010000010000000100010000000000100001000001000001100010001010010001000000100000000001010001000110000100001000100000000000000000000000000000000001000000100000000
0000000000010011000000000100010000000100000010100010000000000000000010100000100000000000001000001000000000100010101000000000100001001000000000000100011010000000001100000000001000010000010001101100000000000000000000100100000000000100000000100010000000
0011011000000000010000000000111000000000000000000000000010100100101000110000000000000010000001100100000001000000000010010100000011100010000010100001000000000000000000000000000000010000100000010100000000000000100110001100100000001000000000000000010000
0010000100000000000000000001000000100000000000000001000000000000000000000000010010000000000100010110000100010001000001010000011010010000010000000001100000000010010000100000011000101000110010100000000000000100000000110100100010000001000100000000000100
1001000000100010000000000000000000001000001000000101000000001001000000000000000000000000000000000000001110100000000000000000000101100100110001000100000000101001000000000010100000000100000000000001001010000000010000000000001001000100010000000100000010
0000100000000000000000000000001100001010001000000001010000100001000000000100000000000001000000010000001110000100000000000101010110000101000000001001100000000001100100000000010000001000000000100100010001001000011000000000000010001000100000000010000001
1000010010001111010001000000100010100000110000000000001000001000000000110010000000010000010000000000000000001000000110000000000100000000000010010001000100100000000000000001000001000000010001110010000001001000000000000000000100000000000000000010100100
0010001100000000001010000101000000000000000000000000010000000001000000000001000001000010100000010100000100000001010000011010000000100001000000100000100001001000000010000000000000000000000000000000000001000000000101101000000000010000001000000001001000
0100010000000000001000010100010000000000000000000000001000000000000000010000010000110100000010000000000000001001001000000000000000010000000100000010000000100000100000000000000000000010000010000010100000000000011100000100010010000000000000000000100010
0000011000000100001000000000001100000100001000001001000000010000000000010001000101001000100000000000001000100100000000000000000001100010000000000000000010000000000000000000001000000011000100000000100100000000000101000000001000000000010010000000101000
0000011001000000000000000000100100000000010000000000000000000000000000100101000000000000010000100000001000000000000000000000000000000000010001000000110100001111010001010000010010101000000000101100111001000100001101001010100000000010101000000011000100
0000000100100001000000000000000011010000010000000000010000000000000000000001000000001100000000010000000010100110001001001010000000010000000100000000000000000010000100110001000100010000011010010000000100000100110111100010000000001000000010010000000000
1010000000001000000001000000010000000000001000000011000000000001000100000000110010010100000000000010001000000100100001000010010110000000001000010000100000000000000000100000111000110100000000000010010110000000000000100000100000000000000000000000000000
0000001001001000000000001000001000000000100000010000000010010000010100000000000001001100000100000000100000000010100000000000000000000001000000000000000000000010001010000001000111100010100000001001000010000000001000000000000001000000000100100000000000
0000000010010000000010001100000100011001000000010000000001010000001100000000010001000000000000001000010100000000000000100000010010001001010001000101000000000011100000000000000000100010001000000000000000000010100100000001000001110000100000011100000000
0000000100000100010000000000000000000001100000000010001000000010000000100000000001010100111100001101000000100000000001000000001001011000000000001000100100010000100100000000000010000010100000100000000010011100000000010000000000100000100001000000001100
0000000001101000000000000000010000000000000100000000000000010000000000000000010000100000001100000001000000110000000000000000010000000000000000000001001001000000000000010100000100010000000010001000001100000010110001001100000010000000010010100001000001
0000000010000011001000000000001000000000000100000000010010001100000011000000000000010000001010110000000100000001110011000000000011000101010000010001000000000000100000100000000001010010000000000000000000101000000000000010000000011100000000010000100010
0000000111110000000011000000010000000100001000000000010000110001000000000110110000000000000000000000100000000100010000000000101100000001000010000000000000100001000010100000000000000000000101100000111000101000000000010100010000010010000100100000100000
0010000000001010000000000000010101000000000010000000000100100000001100101010011011000000000000000000100001000010000001000010000000000010000000000010000001000010100100100000000000010000000000000000000001101001000000001000000100101000000000000000000000
0000100000010000000001000100100010000000110000101001100000000000000010000010000000011000000000000110000000000000000000000000000110001010000000010100000000000000000000000000000000100010000000001010000000000000101001000100000000001000110100001000000000
0001100000000000000010000000000000000100000011010000100000001000001000000100000010000110010100111000000001010011010100000011001000000000000011000000000010100000000110000000000001001000000000000000101010000011000000100100000101001100100010000000100000
1000100100000010000011000010010000000111000000010000100001100010000100100000100100000001010000000000000100011100000000010010001000100000000000101000000001000010000000000000001000000000000000000000000000000010000100000000101000000000000100000100000001
0101000000000001000000000000000000000000110000000000001000000000100010010000000000010001000000000000000001000100110001100000000110001100101000100000001000011100001000100100001000010000000000010000010000100010100100000110001000000000100000000001000000
0100000000000000100010000010101100100000001000100011000110001000111000000000100000000000000001010010000100000000011000001000010000000000000001000100000100000000000101010000001100100100000000001000010010011000000010000100001000011111001100000010000000
0000100000000100000010010001000010011000000000000001000000000000000000001001000000000100000000010001000000000001000100010011000000000000000000000100000011000001100100000000000011100000000101000001000000001000000001000000110100110100000000000000000000
0000000000000001110000110010000000000010000001000100101000000000000001010101000000010100000010000100010001001000000100000000000000010000000001000000000100000100000000010000000001000011000001000000010000000000010011000010010000001010000000000010000000
0110100100010010000100000001000000110100110000000001000000000000001001000000000000000010001000000000110010000001001100110000001000000000000000100100000000000000010001000000000100000001010101000010100000000010100000001010010110010001110100100100000000
0001001000000011001000000001000001100001000000011100000100000010000100001000000000000000000000000011000000010000100000000010001000000111100000000000001100100110110011100010010000011000000001001000001000000000000011000000000010100000000001000000101000
0000000000000000001011010000000000001100000000000010000000000010000001010010000010110000000010000000101010010100000000000000000001100000000100000100010000000010000001100110000010010100000001000000001011010010000000000001101000000100010000000000010000
0001100100000001000000000000000010001000100000001100000001100010010000000011100010010000000000000010000010100000000000000000001110000010000011000000000101001101001000000001000110011010000000100000001000000100011000000010000100000000000000011000000000
0000110000000000000010000100000100000000000000000000000001000000000000000000001000000100000110000001000000000000001010000000001100010000000000000000000000100111000000010010010001010000000010000001000110000011000000000110100110000000000001000000110000
0010011000000000000100100001000101000010100000000000000001101010100000000000110000000000011000100000001000010000000100000010001000010000110010000000000100000000001000001100000001000000000000000000000010010100000100100100110000100000000001000000000000
0000010000010000110010000000000000000100001010000000000110000000000000001000000000000100011000000000010010100000000010100000000010000101000000000000000000000000010100000000000100001000001011000000000001000101100001010001000000011000100001000001010010
0000000000000000000000010000010001011000010000000000011101110000110100000010100100001000010110000001001010100000100101100010000000100000000100000000000100001000010000000001000100000010000000000000010000110001000000000000000001101110010000001000000011
0011000000000000000000000001001100100000000000111000000000000010000000000100100000001000100000000000000001000000000011000000100111100101000000000001100100000010110000010000000000001000000000011001010000100000001000110000000000000000010010000010011000
0010010010000100010001010010000110000010100000001101000010000000000000001000010100000101000110100010010000000000100000000000010000000000010000000000011101001000101100001101100000001000100000110000000000100100000000010000000010100000000010010010010000
0001000100100000000100010000111001000000100000000000000000000000001000000000000111010000000001010001000000000000101100001000000000001000000010100000001000000010010000000000000100000000001000000000000000000000000000110001010100000000000100010000000000
0000000000100000011100000000110000000000000010000001000100000000000000010000000101001000000000010000011000100100000010001000001000001110000000000101000101000000000000000010000000000000100000000010000010100000001010010001001000001000000000010100000110
0000000000000000000001000000000001001000100000000011100000001001010001000000001100000000000000000000001000001000000000000000001000001010111000000010000000011011100000100000000100001001000001000001100000010000001010100010010100000000000101000000010100
0000001100000000001000000101100000101000010011000000000001000000100000001000000000000000100011000000000000000000001100000000000000001011000000000000010110001000000000000100000100000100001010000010000000000000001100000000001011001000000000001010000000
0000000010000100000001000100010000000000000110000000100001001000001001100001000001000000110000000000000000011000110110011000000000010000000100001010000010000011000100000000000000000000001000000000000000000000000000000000010000000100000011000010000001
0000010000000010100100000000000000000100100000010000000100100000000101000000001101010001111100000000001000000000001111110100000001000000000000100001000010000000100000000000000001100000100010000010100001000000000001000000010011010000000100000000000100
0000000000001110001000001000010000010000000000001001001010100000000000000000000010000100100010000000010010000001001011000100000100110000000000000001000101001000000100100010000010010000010100001101000000000110010010000000000000000010011000000000000000
0000000000010000000101000000000100100000110000000000001010000000101000000100100011010000000000000000110010001100010001001001010000010000100001001001000000100000000001000000000001100000000000000000000000110000000001010010001000001010010000000100100010
0000100010100001110110000100000100011001000010000000010000000000000000000000000000000001010001011001000100000100100101001000001000000010000000000000000000010001001000000010100000000000010000001000000110000001000000001000001000001010000000000100000000
0000000000010010100000010000000010000000000000000000000000100001000010000000000100010000101000001010000001001000000010000000100001000000000010000000010000000010010000000000100010000000001000000100000000001010000000000000000001010100100100001000010100
0001000000000000000000100000000100000100010000000100000001000000000000000010000001100100000000000000000000010010000010100001000001000000001000101100100000000000000010000110000000010000001000010000001001000000100001000110110001000000000010101001000000
0000101011010000010000000100000000001001000000001000000000000100000010000000000000101000101000000000000000000000000010011000000010111000011010101001000000100000000000000000010000000000000000001000000100000000110001000000000010000000101000000000000000
0000010000000010001000000000110000001000000000101000100000000000000000000000000000010100001010010000001000000001000000100010000100000000000010001010011000110110000010000000000000000000000001000000000000010000000000001000010000000000100000000100000000
0000000010000000110000000010011000000010010010000100000000000000111011000000010001000000000000000010000010000001000000010000000001010000001000000010001000001000000010000000110000000000000100000000000100000000000110010000010010101000000000000001000000
0000010000000000100000100001000000100000000000000100110100110100110010000000000001000100100001000100010000000000100001000100010000000010000000000010000001100000011001000000000000001000100000010000000100000010000100100000000100000000100101001100000000
2 114
59 63
