250 250
0010001000000100101100000000000001000000000000000010001010001000000000010000000000000000000000000010000011001000000000010000100000000100000000101010000001100000000000110100000100100100100000001000000000000010000000001000000001010000001000001000000001
1100000000010100000110100100000000100010000000000000000100001000000100000000000000010000000000100100001001011000100000001000000101100001000000011001000010000000000100000001000000100000000000010100000000110000000110000010001000000000000001000000001000
0010001000000000101000000000000000000000011001010001110100001100010100000001101100101000001010100000001000001010000000100000000000000000000000011000110100010000100010010000010000000000000011000000000011001000000100101000010100000000110001001000000010
0000000000000100010100011100000001001000010101000000100000000000010000000000000000000100001000100001100101000011000100000000000001000000100100000000000000000001100000001000000000000000001000000000000010101000000000000000000000000010000000100000010000
1000000001100100000100000110000000000010001001001001000100000100010000000110001010000000000000000000001001001000000000110000000000000010000101110110000000000000000000000000000000000100011100000000010001000100000000000000000000000000001000000011000100
0000000000000000000101000000000010000010100000001000000001000000010000000001001000000110100010000001000110001000000000000000100000100010010100001000000010000000000100000000100010000000000000000000000000101000000000000000000010000001001000110000010000
0000001110001000100100010000000000000001000101010000000100000010000000000001000010000000000000000000010101000000000010010100001000010001000000000010111010000000000000001000000000000001010001010000000000000100000000000000100000001000000000010000010000
0000100000000000000001100100010100000000010000010110010000000000000000001100000101000100011001011100000100100001000100000010011000000000000010000100000000000000110100000001000000000000000010000000010001000000000000100100001000000010001100001100000000
1000000000011000000010000100000010000000000000000000000000000000100010000010001000001010000000001000000011000000001010010000000000110001100000000001000000101000000100001000000000000101000010000000000000000000000001000001000000000010000001010000010000
1100010000100000001001000010000010010100000000000001000000000000100110000000000010000000001000000101000000010000000000100000000001000001001010000000100000000010000000000000001101000000000100000001100100100000010000010101000010000000011000001000100000
0000100011010000000100001000000000001000000010001010000010001000010000000000000000000000000000000000001000000100011100000100010001000000000000001010010000000100000000010000101000000010000000000100100000000000000100100001000001100000101000101001000000
0001000000011110000000000000010010000001100010000000001000100000000101000000001100001000011100110001000000100010000000010000111100000000100000000000011000100000100010101000000000000000100000010010000010000000100000100001000000000000000000000010100100
0010100100000001000000110000001001100010001000000000000001001001000001000000100000000000000000110001000000100000001100000100000010000000000000001100100000000000000000000000100000000011010010000100000100000000000000000010001000000001000000010000011001
0000000000001000010000001000000000001000010001000100000010000100100010000101000100000001000001010000010100110100000000000010000010110000000001000001000000000001000000000000000100100010000011100000011000000010110000000100000000000000011011000000100001
0111000000000100000000000000000000010000000011010000000000100010000000000000100000000000000000100000000000000000000100010000000100000000001000001000000001010001000110110000000000010010010011001000000001000000000000000000100000001010000001000010000000
0000000000001001000001000000000010000000101010000000000000000110000001010000000000000001000000110000000001011010100000001100010000000000000001001000000000000010001000000000001101101000000100000000000000010000001000000000000000000000001000100011010100
0000000010010000000100101000100010100000000000000000000100000000100100000000000000000000100001010101000010100000000000001001000000001010000001000000000000000000000000001101000000000000001100000000000000000010000000000010000000000000000010010010000001
0001000000001000000000100000000000000101000001100010000100110011001000000100011100000000000001000000000000000010010011001000110000000000000000001101100010000000000001001001010010100000000000011010000000000100101000000000001100000001010010001000000000
0000100000000000000000001000000010000000010110000000110001000100000001000010000010000000010000000000000001000000000000100010001000011001001000000000100000100000010000001010010001010100010010000000000001001000000000111000010010000000010000001101100000
0000100000100000001010010011000000000010000110000010000000000000001001000000000000001000100010000000000000001000000000101010000010110000010010001010000100000001001000000000000000000000000001000000010010000000000000110000010000000000001000000000001000
0000000000000100010000000000100000000001000000000000100000000000100001000001100000000000000001001001000100010100000000010010000001000100000000000000001000000000000110000101000100011000000000001010000011010000101001100001000000001000000000000000000010
0000010000000000001000000000000100100100101000000000001000000000000001000000101100100000000000000100000000000000000100000010001100000100000000001000100101000011000000001001000100000000011000000000001001000010011000000000000010000000011000000000000001
0000000010101010100000000001000000100110011010000010001000100010001100100000001000000000010000000001000000000010001011100000000100000100100010000000001000001100000000000100000001001000000000001000010101000000010000000100000000000001001010010100000000
0001000000010000000010001010001000100000010001010000000000000100000000000000100000000010100000000000000000000001000000000000100000010010010001001000010000100000001000100010000010000000000010001000000010011001000000001010000000001010000000001100000000
0100000000001010000000000000000000000000000000000010000000000000010010000001000001000000000001000010000001000000000000000000000001000000010000001101010101000000000000000100000010001001000010010000000000010000100010001000000000000000000000000101000001
0000000000001000000000000000010001000000000011001100001000000000001001010000000100000110000000101000000000100000101000000000000100000000000000000000000100000001000000000000000000100001000000000000000101010100001001000000100001001000000000000001000100
0100001001110000000000010000000000000000110100010001000000100000001100100000010100010000001000001000000000100000100000000100000001001000001000000000001000010000100000000000001000010001110100000000000100010000000000000000010001000010001000010010000000
0100100110010000000000000000000000000000000000010010000010000000111000100000000000000000000001000010000000000100011100000000010000000010000000000000000000011001010010000000010100010100000010000000001100000100000010000000100000000000001000110110010000
0011000000000000011000000000000010011010010001000000000000000000000010010000000000000000000001000000001000100001010000100000001100101000000101000000010001000000000010001010001000000000001000001010000001000000001000000110011100010010000000000000000000
0001000000000000000000001000100010010000000001000010000110000000000100000000101101000000000010100000001000010001011001010000000000000000000100000000000000100000100001000000000011000001110000001001000000001000000000000010000000001000010100000110000001
0010010001110100100000000000000000000100011000100000000000000100010000000000001010010110010000000100000001000000100000000000000000010001001000000100000000000000010000000000000101100000000000000000000010000000000000000110010000010000000000000000000110
0000000000000000110100000110000100000000000100010000000100010000000000100000101000000000000000001000000000000000110000100000010000001000001100000011010000101001000110000001000000000000101000100000000100000000001000010000100000001000100000000000010000
0001011000100101100000110100101000000000000100000001000110000000000000100000100000000000000010001010001000111000100001000000000000000000100000000000100100100010001001000000010000000000000000000000000000000100000000100000000110000000010001010000000001
0010000000100000000110101001000000000101000000001001000000000000000100100010000011000000000010001010001010010000000110001000000000011000001000100000000100101000010100000000000000000000000000000101000000000010001010010100100000001000001000100100000000
0001100100100000000011010000000001001001000000100000000110000001000000000000000010000000000000000000000000000000000111001000000010000001010001101000000010100000000000011000000000000010000100000010110000001000000010100010100000100000000001010000001000
0000001000000000000100000100000000100010001000000000000100000000000000000000000001100100000100010000000000001000000010000000000011000100001001000000000001000010001000000100000000000000001000000000100111100100100000110000000000100000100110001000000001
0010000000100100000000000010000000001000000100000000000000001100000010010000010100001000000100000000001100100000000100000010000000001000000000000000010000000000001000100000000000000001000100001000000100000100001000000000000101000001100100110100100100
1000000100000010000000001000001000001000010010000000000001000000000010011110011000000001000100100100000000000010000000000000000000010000010001000001000000000000000000000000000010000110000001000100001000000000010010001000000011100010000000010000010000
0000000000000010001010010000001011000000000000000001000000000000100000000000000000010000101000000010000010000000001000000100001000000000100000001000010010000000000000000000100000100000011000000000000000100001000001000010000010000011000000001000010000
0000000000110100000000000000000100001000000000010000001000100000000000000000010000000010111000000100011100000000000000000010000111010110000010000101010100010000000010000000001000010010000001000000100000001000100000000100000000001100010000000000101000
0100100100000010000011010000010000000001000000000000010000000000100001000000001000010001000000000100010011010001000000000000101000001000000100001001000001000000000000000000010001100000000001110100001001001001001000000000000001010010001000000001010000
1010000000000000000000010000000000100000010001000000000000000001000000000000000001000100000000010000000000000100000000000000010000000010001000001011100001000110000000000001000000010001010000000010010000000001000000000101100000001000100000000100000101
0000000000000110101000100000100000001000010000000000000000000000000000100000010000011000100000000000000100100010100000001000010000000100000010001000100110000010000001100001100000000000000000000010000000010000010000000001000000000011000001010000100000
0000101001000000000100000000000000000010000000100000010000100000000001000110010000000000000000110000000000101000000000000000000101000000010010000000000000100010011100001100000000001000000000000110000000000000000000101100000001000000000000000000000001
0011010000010000000000000000000000000000000000000000000000000000000000000000100000000000010010000001000000001000110000000010000000000000000000000000010000100000110110001000000010000000000000000100001010000010000100010001010000110000010010000100100000
0000011000010001011001000001100000000000000000000000100011000000000000000000000010000000100000000100000000010010000000000001000000000000000000100001010000001000000110000010100000010000000000100000001000000000000000010100000000000001000010010000010001
0100010011000000000000000000000000000000100001000000000100000000000001001111000000100010010010000000000011000001000010011001000000010110000000010001000000000000000010000000000110000000101100000100100000000000100000000000000001000001000010000010001000
0000010000100000000001001010010010000000000000010000000100000000000000000000000000010000000000101000010000001000100110000011000001100001000001101000001000001000100000000001000110000000100000000100010000001100000000000010011000000000000000000010100000
0010000000000010101010100100100001010100010000000000010100000001010000000001001000000100000100001000000000000000110000000000001000000100101000000000000000000000000001010011000101000000000010001000001000000000000101000000100100011000000001000010011010
0010000000000000100100000001000000000000000000000010001000100000000110010000000000000000000000000001000010010000100000000000000000000000000100011010001000000000110100010000000000100001000000010000000000000000001100010000001000000000010100000000001010
0000000000001001000000000001000000000000000000100000001000000000000000000110000000000001001100000100000000000000010000000000110001010001001001000000001001000000100000010100001001000000000010101000001000101000010000000000000001000000001100000000000000
0100010000000010000000000011100101000000100000000000100000000000000000100000010000000000000101000000000110000000100000010101000100000001011100000010000000010000000000000000000000000011000000010000000111000001010001000000000000000100000001010100000000
0001000000000000000000000000010001010000000000000000011100001100010000000011000000100010001101000000100000000000000100001000000000011101000000000000000000000010000000100000000010101100000000000100100001000001000000010000010000000100011000100100010000
0000010100100000000010000000000010000100010000000000001000000000100100000000000000000000001000001010000000000000000010000010001100001001000000000000000000000100000001000000010010001000000010000000000010000000100001000000010010011000000110000000010000
0010010001110000100010011000010000001000000001000010001001010000000000000000001010000001000010000000000100100001000100010000010000011101010000000000000000000000100000100101110010100000100101000000000100101000000000011000000010000010000000010110010000
0110000010100000100100000010000000110001000011011000000000000100100110000000001010000000000000000110000010100000000011100000000000001100010000000000001100001000000000000001000000010010000000001011001010110010000000010000001010100010000001000000000000
0010100001000000010011000011010001000100000001001010010011000100000000000000000000000000001001000000000000000001100100000000000100001000000010100000000011000001000100000000000001000000000000000010000000000000000110000100000000001000000001000000001010
0000000100010010000000000000001100001000000000010010000001010010000000001000010000000010001000000110100010100000000000000000100000000010001000000001000000000100000000000100000000010110000000100010000000000010000001001000000010000000010100000000001000
0010000100100000101001000000001000000000000000000100000000000001001011001000110000000000000001100000010000010001000000000000000001000000000000000000000000100000100000000000000001000100000000001000000000000010000000000001100010000000000010000000000100
1000000001010000010001000100110000000010010100001000000001001000010000011010000000100000010010100000000000001100010000000000001010000110010010001010000100101000000000000000100001001000011001110000000000000010010000000000010001101101000000100000000000
0000000000010000011000000000001000000001000010001100001000000000000010000001010010111010010000010001000000000000000100000000000000000000000010000000000000101001000000001000100010100000000000000000100001101011000000011100001000000000000000001000000010
0001000000100010000100000000000100000001000000001000011000000000000000000000001000000101000001000000101000000000000010010000001001000001010000000000001000000000000000100100001000000000000000100000000000010110000001001000000000101001100010001000010000
0100100000100100100100000000100000000001000000001110000010001010000000000000001000000000000000100001100000100100000000001000000000000110010000010001000110000010000110100000000000111010000000100000100000000100000000000000010110010110000000000000000100
0000000000100000000010000000001000001010111000000000010000110101110000001000000110100010000000010000000000000000000001000100000000100000010001000000100100000000000010000000101110000001010001000000000000001010100100000000000100000000010000110100001001
0000000000000000100000000100000000000000000000000100001100000000000000000000000100100000001000000001000000110000000000000000001001100000001010000010000010000010000000000100101000000000010000000010000100000000101000000100000000011000000000000000000000
0000010000000001000110010000010000000100100001000010000000001001010000000000011100100010100100000010011100000010010000100110000000100110000000101010000000011000000010000000110001010000001000000000000000000001000000000000100001100100100000000000010000
0100000000000000000000100000000110010010110000001010000011000000100000000000000000000000000100010000010110100000001000000000010100000000000000000000000000000000100000000000000000000001100000000000000000000000110001110001010001000000001000010100011000
0001000000000000001001001001011000001000001100000100000000000010000101001000010001010010001000000100000101100110000000000000001000000001010000011000100000100000000010100001000000010000000001001001000010010010000000001100000100000100000010000000010011
0001000101100000100000100101000000000000000100100010100001000000010000000000010000000100000000000000010000000100000100000100001000000011000000000000000101000000000000000000010000000000101000000000001000000000010000001000000100000000100010001000100000
0100000100000001000000000011101001010000010000000100000000000000000000000001000100000000000000010000001000100100000100000010100000000000000100100101010001010000000001000001000000000000000000010001000000000001100000000000000000000000000010000000000000
0000000001000110000000000000000110010001000100000100100010000000000011000000000000000000100000101000100000000101100010101000001001001000001000000010100000001000000000000000001000010000001001000000010000001010000100000000011000001010011000000000000100
0000100010000001000010000000000001010100000000000001010001000000010000000100001000001010000000000000000000010000001001000000000010101000000000000000000000001000101010000100010001100000000000000000010000001000000000000100000000110000000000001000000100
0010000000101000100000000000000001001000000010101101000000001010001000000100000001000010001001111010000010100000101100001000000000001000000000010011000000010000000001000000000010010000000000000000000101010000000010100010100000100000100000000100000011
0000000110000110000010001000010010011000100000010100000110000000101010010000100000101000000000101000010001101000101000000001000100000000101000000100000000000000100000000100000000000000000000000000101010000000011000001000000000000100000000100000000000
0000000100000010000000000100001000001000110000000000001000100000100101000000100100000000000000100001010000010010010000011000000010010010010000000000000010001000010001000000000100000001000000000100000101010000100000000000000000000100000000000000100010
0100100000010101000000000000000000010100000000000000100000000100000000000101000101000001000000000000000001001001000000011010010000010010001000010100000000001100000010000000001000001011010010000110100000000000000000000011010000000000100001001000011100
0100100010001000001000000001000010000000000000001010001010110000001011001000000100010011000100000000000000000010001000000000000000000010001100001000000000000110000000001001000000000010000100001000000100000000000000100011100010110010001000000100001110
0000000000001000000000000100100100000000000000010000011000000001010000000010010100100010000000010000010000000010000100000000000000001100000000100000000010000000000000000000000011100000000001000101001010110000100001000000001000010101010000100000000000
1000100001000010100000000000000000001001100000010000001100010001000100000000000000000100001000000001000000000000100000000000000100010001000001000000000001001000000001000010000000000010110001100100100100000100100000000100000001100100000000000001100000
0010010000001100000000001110000000000100000000000000000000000101000000000100001000101000000001000000001100010000000000000000000000000000000100000101000000000000101000100000000000000000000000000000000000100000000000000000011001010001001110001000001100
1000001000100000000110000000000000000000000000100010100010000010000000001000010011000000000000011000010000010000000110000010000000100101010000000001000000010000010000100000101110010100000000000100000011000000000011000000001100100100000110111000000011
0000001100000000000000100001000000000000001100000000000000000000001000000000000000000000000000100000000000000000001000000000010001000101001010000100010000001001000000010000000100000000000000000010001000101000000000100000001100000000000000000000000100
0000010001000000010000000001000000100000000110000001000000000001000011000100000100000100000000000000000000000000000100000000000000000000000000000001000000011010000000000000000000000110100000101100010000000000010001101001011000000100000000000100100100
0000001000000100100000000000001000001000000010000010010000100011111001000000011000100010110000010000100100010011000000000000000010000000001000000000001000010001000000000000000000000000000000000100000000100110000010000000110100000000001100000000110000
1000001001010000101000001001010000001000000010001000000100000010000101110000000001000001010000000000010001000001100010100000000000000001000011010000000000000000000000100000000000000010100001001001000000000000011000000000000000101010000000010000001000
0000100000000000010010000010010001000000000000000000000100000111110000010101000000100000101000010000011100000001000100000000000000000100010000000000000000000001000100000000111001010010000000000000000000000010000000001010000000000000101010000100110000
0010000000000000001000001000000000010000101000010000000000000000000000000000010101000000000000100000001010000000000100000001000001001010000000001010100000001000010100100000000000000000010110101000010000000010100000010100001010000001001000000000000000
0010000000010000010000000000000000001000000000000000000000000010100011000010000000000101000000001111000000001010000010010001000010000000000100000010001000000001100000000001000000000000010000001000001000010011000000000100100011010100010000100000100010
0000100000010000000000000001000000001000001000000000000000000000000010000100000000000000000000000110000000101000000001010000110010000001000110111001001000010000000110000001000000000001000010100000011100000010000000000010000010001000000011000010000000
0000000000000000000000000110010000000000000100100000001000100000100000000001101001000001000000000010000000001000000010110100000000100000100000100000010010000000100000000000000000001000101000110000100100000100011000000000000000010000000000100110000000
1000110000100000001000001000010001000000110010000000001010000010100000110000101000010000010010000000000000001000110000000000000000000000100000000000000001001001100000011010000000001000000000001001000000000110000000000000100000000100000000101000010000
1000000001000110000100000000100100001001000000000101000101000001000000011001000100011100000000000101000001000100000000001000000100000001010100000000001000010001000000010100001100011001000101010000010010001100011000010001100100110000000010000101000000
0000100000111100000010000001010100010000010000000000000010000000110001000010010000000001110000000000100011000010110100000011000101000001010100000000010010000011001000000100000000000110000000000010000000011000000000000001001000110010000000000000000000
1000000000110001000100000000010000100000000000000100000001001100000010110000000000100010010000100100010000000000000000000100000100000010000000100110000000000010000000000000000000000000000000010000000000000001000000001100100110100000000000000000000110
0000010000100100001010000000000000000011100000100000000000011001100000000000000001100000001110010000010010000000110000000000000010000000000000000000001001000011000000010000000000100000000000000000000001010000000000000000010010000000000010100100000001
0000010000000000100000000100000001000000000000000010000000100000000010000010101000000000000100010010100000000100000000000001010010010010000101000100000110000000000000001000000000010101100001000000000010101010000000000000000000110010000100000000001100
1101000100000000000011000101000000001000001000001000000010001000000100000000000000001001100000010000100001000100000000000000000010100000000000100000000000010000000000000000000101000000000000100000010001010000000000000001000000100000000000001000000000
0000100000100001000000000100010111000001110100001000000000010000010000010000000000000000000111000010000010000000000000000101000010001100000100101010001000000001000101000100100101010000000010001000000000000010000000010000101000000001000000010100000001
0100000001000000000000001011000000000010000000000000000000000000000000000100010001001000000010010000010000000001000010010001011000000010001001000100000000000000001000000000000000111000000100000010010000110000000000000001000000010010000000100100000000
0100000111001001010000000100000000000111010001010000000000100001001000000000000100010010000000000110001000000000001110000000010000100000100101000000001000000100010001011100111000100000110110000000000000010010000100000000001000000000000010000100100100
0001000000000000100000000000010000000000101000000100000001000010000100000000100000000000000000000010000010100000000000100000000000000100000001000110101000000001000000000000100000110000000000000101010010000000000100000010010010000101001001000001000100
0000000000000101100000001000011111010000000101000011100000000000100000000000000001100000100000100000101000001000000000010100000001100000000001000110001010000001001110010100000010100000000100000000010000100010000010000000010000010010000010000100000000
0000000001000000000100010001000000000000010110100000001000010000001110000000010000000001100100000100000010000000000000000010001000000100010000000001001000000001100010000001010000000010000000010001101001110111000100000011000000000010000001000011000000
0011100000000000010000000001001000100110000010010000010001010000000010000000000000000000000100000000000000010000000000100000010000000110000000000000100010000000000010000010000000101000000010000000010000000001000100000001000000000010000100010000000010
0000010000000000001000011100000001000000010000000010001010111000000100100000010000000000000010010000000000000010000000000000000000001000011100001000000100000001000000010001000010000000000111000000001000000000010000100001000100001100000010000000000000
1001100001101000100100001011000001000000011000000010000000000000000000000001010100001000100011000000000000100000010000000000000000000000110000100100010110000001000000011000000100000000001110000001000001001000100000000000010011001000000000000000000000
0000000010100010101000000010000001001000000000000000000001000000000000000001000000001000000001000010101000000000000000010000000000100001000000100000000110000001010011000001010000000001000000000000000000000000000100000000001000100000000000100000000000
1000010000000000000000000100010000000010000000000001000000000100000000010010001000000000001000100010000100010000001000010000000000000001011110100000110000000100001000010110000000000000100000000000000100001000000000000100000000001000110101001101010110
0010000101010000000000010000001000001000011000001000000001000000000000010000010010000000000100000000001000010000111000000100000100000100000010110001000000001000000010000001100010010000001100000010000000000000000010001100100010000000000000001000000000
0000010000000000000100000000000000000000100000000000100000010100000000000001010000000000001001000000011010000100000000100010000000101000000001000010010001001000000010100101000000001001000001011000110001000000001000000000101000000000110000001101000000
0000000010010001100001100100000001000000100000000000000001001000000000000010000000001011100000000000000001010001010000000000010001000100000000000000000000001000000000000010001000000000000000000000001000001010011000000000000000000000010000000010110000
0000000001010000000000000100001000001000001000000001000000100000000000100000000000001100000000000000000100000010000000000000100001000000000000000101000000000000010001010011011000101000010100000000011010001000000100110000010010000000001111000001000010
1010001010001000000000000000000000000110000001000000010000000001000001100000000000000001000100100100000001010001000100000000000101000000000000010000000000000011000100000010010000100000000000000000010101000000100000000000000000001100000000001000000001
0000000010100000000000100000100100000000001000001100100110000011000000000001001100000001000000001000000000000000000000000000100110000000011000000000000000000001000010001010000100000000000000000001110000001000000010000010001000000000000000000011001001
0101000010000000110110000010000100000000000001000000000010000000100000000000000000010000010000000010100000110000010000001001000001010000010001000000001000010000000001010001000000001000001000000000000000100000001000100000100000001010000000000010000000
0010000000000010000000100010001000010000000000000100010010100100001000010100000000110000000100000000000000000010000010000000000001000000010000000010000100000001001001010000000000110010000000001010100000010000100000110000100000000000000000010010000000
0000000000010010001010001000010000000001100000000100000010100000000000000000100010001000000000001000000000000010100001000000101000000010010000000001100110100001000000010000000100001000100001100000000000000100000001000100000110000000001000010000100000
0000001011000000000000000100000110001000001000000000000001000000010000010001000000000100000010000010000011010000010010000100111010000000000000000100000000110000000000000000010000000000010000000100000000000100010000010000010000000101000010100000001100
1000000000000000001000000000001000000000100000000000010001010000000000000000010010000000000000000000001000000010110101000100000000000100001000000110000000100000100000000000100011000011010000000101101010010100001000001000000001100000010000000000010000
0000010000011000100000000000000010000000000000000000000000000101000001000100000110011011000000100000000000010000001100001000101000000010000000011001000000000000001000110000100110100000000000000001001000000000000110000000010110010000000000000000101000
0000000000001001000000010000110001010000010000001000000000001000000000000000100000000010000000001110000000000000000000010000000000000000001001000001100000000010011000000000000000000000000001000000010001000000000001010000000000101000000010000000010001
0001000100100100000000000100000000000000010010001000000000000000000000000010010010000010000001000000000000000100100000000000010010001000000001000011010000000000000100001000000000100000010000000100000001000001000000001000000000100001000000000000010000
0000010001010101000000000010000000100010010010000010101010000000000010000010100000000000000101110000000000000010000010000010000010000010000001000000000010000000000000101001010000000110001001000010000010100110101010100100000001001000000000010000001000
1001000101100000000000000000001010101010000000000100000000100100000000000010100001000000000110000100000101000000000000000000000100000000001010001100000000000000010001000000000000000000000000000001000101010000000000010001000000000001000000000000000010
0000000010000000100000000000000000000000000000010000000000001100100101010000000010000000000010000100000000010100001000000011000001101000010000000101001100000100000000100000000000111100100000010000101010000001100001000100000000000100000100001000000000
0101010000000000000000011000010011100100000010000010000000000100010100000000000000000100000110101001010000000001100000000000001000011000000010000110000000100000000110001000000000000001000000100100000100000000100000000100000000101100000100000010010011
0000000000010000000000100000000000001000000000000000000000000100000000001010000001000001000000000100000000000000110000000001000000000000000000001100100000000000100100000000100001100000000001000000100000000000000000001000000100000011000010100000010001
0010100010000000000010000110100100000001100000000100000000000000010000010100000011000000000000100000000000000000000000000000000000000011000000000000101010010000000000001110100000001000000001100000000001000000000100100000000000101110000100000000110010
0000010000100000000001001001000100000000001001010000000000000100000000000000000000000100000001010000000010000000101000000000001010110000110000000000000100000100000001100000010000001000010001000001000010001000001001110000010000000000001000000010000100
0100000000000000100001000000010000100010000001011000000000000001000001010000000000100011000011111000100001100000000100000001000000010000010000011001000010101000000000100000001000000001000000000010001000000100000100000000010001000100001000001000001100
0000000010000000000000000100001000110000000000000001000000000000000010000001000000010000000000000000100001000000000000100000001000000000000000100001010000000000100100100001000000110001000000010001000010000000000000110100011000000000100100000000000000
1100000010000001000100010000000010000000000000001000000000000001000010000010000010000000001000000000000000000010000001000100000101001001001000100001100000000000000000001010000100000000000000000000001000001000000000010000010010000000100111000000000000
1000010100000000000000000010000000010010000010110100000000001000000000000000000010000010000001000000000010000000000000000010000001001100100110010100000001000100110000000000000101010000000000100000000000101010001100010000100001110000001000001010010010
0000000100010001001010101000000100000000000001000001000000000000001000000001000101101000010000001000001000000000000101000010000000000000001010010110111001000000000000000000001010000011000101000000000000000000000000000101000011000000000010000000000001
0100000000000000000001000100001000000000000000011000001010000000000101001010000000000000000001010000000000000000100000000000101001000000000000110000001001100000000000011001000000100010000000100010000000000001100001000000000100000100000100000000000010
0000100000000100010000000000001100000100000100000000001010000000000000000000000000000000000100000000010100001011010000000000000001000000000100000001000000000001000000000100011000100000000000010001011000000000110000100000000011000000000000010000001000
0000100000000010000000110001010000100000000001000000001000010000010000010010111000001001000100000000000010000000000000000001000001000010001001000001100000001010001000011001100000000000000000010100000000001000010000010001001000000000000000000010000000
1000001000001000010000001001000000010010101000000000000000000000000000000000000010000000001000011000000000001000000000000100000000100010000100000000101000001110000000001010000000010011000000001000000000010101111000000000010000000000100000100000100110
0010000100001010000000000010000001000001010000000000000000000110001000000000100001000001100000100001100100000001000001010000000000000100000000000000000000001001000000000100000110000000001000000000100000000001101001000010100000000000000001000000001000
0000000100000000100001100001001010100000000000000000000000010000010001000000010000000011001001001000001010000000000000000011000010110000001010000001000001000010000000100000000001001001001100010001000000000000000000100000010000100000000010000100000001
0010001100001000100010000000101100001010001010000000000100100000000101000000000100000000000000000000000000000100001000001001001001001000000000000010000000010000000010000000000010000010100010000000010000000001101000000000000000000110000010000100000100
0010000000001001100001000010000000000010100010000000000100000000000000000100100010100000000000100100000000100000010010001000000001100010000001010000100000000000000010000000100000000000001000001000000101000000000000000000000000010001000000000000010010
0001110000100010001000000001000101010000000010010000000010000000010000000100001100100000010001000000101100001001001010110000000010000000000000000000000001000000010000000100000000101100000011000000010100000110000000000000111010001000101100111000100000
0100001000000000010000110000010000010000100000000000000000010000001000101110100011000100000010000001001000010000000101100000001000000001000000100001010000000000100000000010000000100110010100000000010110010011010001000000010010010000100010000000000001
0000001000000101000010000000100100011011101100000000000001001000010001000010000000000010000000000010000000001001000010010000000000000010111000001101000000001010000001000001000001000000010000000010001001000000100000100001010000000000000010000100100100
1000000001000000000000001100000000000000000001000000010000010100011000011000000000000001111000000000001001000100010000000000100011000111110000000000010010100001010001000000001000001001100000000100000001000000000000000010001010000010000000000000000000
0001000000000000000001000000000000001010001100000000000000000100000010000000000001010000010000000100000000000100100010001000000100101000000000000010110001010010100000000000100000010010000100000011010100001000000001000001100000100000010000100110010010
0000000000000100100000000001001000000000000001000000000000000000000001001010010011000000110110100110000000010000010001011100010000111000000110000000000001000000001100000000001010001000000000000100010110011010001000000000001001000000000000010101000010
1000000010000000100000111001100001010001000000010010100100000000000000000000101000010010000000000000110100000000000100110000001000000100001011001010000001000010000101100000000010011100000001100100010000000000000000100000000001000010100100000010000000
0001000000010001001001000001000101000100000000111001101010001100100100101010001000000100011000000000010000100000000000010000000000000100000000000100100001001000100010000000100001000010010000000000000000000000000000010000101000000001100010000000000000
0001010000000000000000000000011010010000000000000011010010000010100010000100000000000000000001000000000101000000000000010001111011000000000000000000000000000010000011000000001000000000000001000101010111100010001111010010101010000000000001000000000001
1001001101010011000000000000011100001000010101000100100000010000010000101000001000001011000000000000000000001111000010000000000000000010100000000000000000010010001011000011000000000000100100000000000001001010101010010001100000100000000101000011000000
0000010000000100001000000000000000000100000000000100001000000000000000000000100000010000000000011001110000100000000001011000010001000000000010000011000000000000000000000000000000000000000000000001001101001100100000000000000001001000000100001100010011
0000000000101111001000111100010000000100001000000000010100000000000110100110000001000000000000000000000000000000001010000100000000100001100000000000000000000100001001110001000000000001101000001001001000001101000100001010010000000000000010000000000000
1100000100000100010000000000001010000010100000001000100000000111000000011010000010000100010011010010000000000000011000000000000000000000001000101101100000011000000100000100000000100010000010101011000100000010000000000000010000100000000000000011000000
0000000000000010011001000001000001001000100000000110000000010000000000001100100001000000100000000001000000000100000000000100000011001001001010000010000000001000000000010000100100100001000000001001000101000000001100000111000000000010000000100000010000
1000010000000000000000000100100000100000000000000000000000000000000001000000001000000000000000001000110010001000000100000000100010000001000000100110010000000000000000000100000000111010000001000000100000100100000010001100010101001011010001001000000000
0001000000000000000000110000001000000000010000000000011100000010010101010001110010000100000010000010000000000101001001000000010010000000100001000110011000000000010100000010000100000000000000000000000110000000001100010000000000001100001000100010000000
0000010000000000000000001000000110100000000000011100000100100010000001000000000000000010010110000010000000000100000000000000000000000100000000001000000000000010000000110000000110000100100000011101000000100000100100000000000001001001001100000110000001
1000000100000100000110001011100100100101000000101100000100000000000011000000000000000000000000001100000100100000000001000100000001000100000000000000000101000000000000000000010100100000000001001010100000000000001000000000001100100000000100000000010000
0100000000001000011100101110000100000000100000000010000000000010000001011000001001000000010000000100100000010110010100000000000000010000000010010100000000100000001000000000110000010000000100000010000000100000010000001000000000000000010000000000000100
0100100000000000010100000000100000000011000000001000000000101000000000110000001000000000000000000000001000000000110000000100011010000100000000101000000001000000010000001010000000100000100010000000011100010000000000000000000000010110001100000011100010
0000010000000101000000001000100100000100000100000000010001000001010000100000000000100110001000010000010010010000100000000010000100001110000100000000000010000000000000000100000010000000000001001000000000001000000000001100000100010000001010000010000010
0010000000000000000000000000010000100000100000010010101000000000011001010000000010010000010000100011000110000000000000000000001000001110100000100001011110000000000000000000000000000010010001000000000000000000000010000000000010000000100110000100001111
0000001000001110010000110000001000000000110000000010000100000000000000010000000100000000000011000000000000000000000000010010100000100000000001000000010000000000000000001000000000000110000000010000000001100000000000010010100000001000000100000100000100
0000000100000000010000000110000000000100000000010000000001010100000000000100001001000000000000000001010000000000000000000010001000000000011101000000000011001010000000001000000000010000001000100000000001000000000000000100000000000000000001000001001010
0001110000000000000110011000000001000000011000001010000000000000010000001001000000011100000000000000001100001000001000000000100000100000010010000010000000011000000000000000000010000000000000000000100001000000000000001000010000000000100000000000000000
0001000101000000000100000100010000100110000000000000000000000000000100000001001100010010100000000001000100000000010010000001100000100010000000001000000000000000110000000000000001100101000000000100000010000000000000010001000010101001010000000000000000
0000000000100010100000100100100000010010000000000100010001000100000010000001000010000000000001000000100000000110000001100000010000100000100001000100000000001001010000000000000000000010110000000110010000010000000000000010001000000000001010000010000101
0000000100001000000000000101010000000000000000000000100000000000000000000000010000000000000011000100000001000001000010000000000000100000000001100010100000000000000000010000010100000000100000000000001000100110001000001000000000000000000001000000000100
0000100001010100000000001000000000000001000001000000000000100000000000000110001010001000100100000010000000000000101000000001000000000001000000000000000000000000101110000000100000101000000000000000000101000001110101000000000100000101000010000000000010
0000100000001001001010111000000000010000000000000001000010000000001000100000000010100000100010000100000010000000000000000000100100010110000100000000000000000000000000010000001010000000010001011000001000000000000010001010000000100010100001010000001010
0000000000101000000000000000000000010000100000011100000000000000101100001000001000001000010001100000110000010000000000100100000100000001100000010000100000011000000100000001110100000000100010010100001000010000000000000001010001000000000000000000000100
0001000001000110000100000100100100000001000000000000000000000000000000110000000001010100000000010100110000100000010000100100100000000001000000000000000001000110000000100100000000000100000100000001001001000000000000000010100000000000010001000000000000
0000010100000000010000100000000000100000000000000100001000000101000000000010001000000000001100000000101100010100001000000000011000000000000000100000100001000000100000100000000010000000010100000001001000000000000000010000010000000000000000001001101000
0100000010000000000001000001101000001000010000000010100000100000001000101000000000000011010010110110100000100000010010100000000001010000000010000010000101000100000000100001010000000001000000001000000011010001101001100000000000111000001000100000000001
0000100000011000000100000000000000000000000001000000010000000000000100000000100000000010000010000100101100000001000001001000000000000000000000000000000000000000001000100010000001000100100000000000000000000000001000001000100000010001011000110010110010
0000000000010000101000001000000001001100100000001000000001110000000000000000101001000000000110000000000010100000000000011010001000011000000000000100100100010001000000001100100000000100000000001100000100010000110000001000100101000000100000000000100110
1100000010000101100000000000000000000000011010010000000000000010000000000000000000010000000001001000000011010010000010000001000000000000000100010000000000000000011000100101100000000010010000010001000000110000000100001100000110000001000000000001100000
0010100001001000100000000000010100000001101001100000100001000001100000000001000001101000001001000000100000000000000000111100001010000000001001010000110100000010000000000000001000000000110000000010000010000010000010100100000001001110100001011000100100
0001000001000000101000010000000000000001000000000001000000010000001001000000001000000000000000010010010000010010000010000001000000010001011110000000000000011000110100000100100111000010000001000000101000000000000000000000000000010000010001000100000010
0000000110000000001000000100110001001000000100000010000000101111000110000000000001010010000001110000100100000000000010000110000000000001000000100101100001000000000000000001000010000010000000000000100001001000001000101000110000010000000001010000100010
0000010100000000101000100000100000000011000100011000000000000000100011000000000100000000000000000000100100010001100011000000000000000001010100110001010110000001100010000000000000000010000000000001000100000000001000000001101000000000000100000011001001
0000000000000110000001001000000000100000000101000001000000001001000000001000100100000000000101000000000000010000000000000000000000000000000000000000101001000000000010001000000000010001000000001110100000000000000011000000010000000000001000000000001000
0000000000000010010000101000011000000000000000000000001100000000100000000010000000010000001011000010100000000000100010000001000000001100011010001000000000000000000000000000000000000000000100000010001001000100000000010100000100000010001000000001000100
1000001000000000000000001110000100010000000000000000000100000000000000011000100000000001000000001000100001000100000000000000100000001000000000000000000011000001001000000000110000001011010010100010100000000000100011100001000000000011000100000001011000
0010001000010010000000000100000001000000000000000000000000000001000001000010000000000000000010010000010000000000001000000000101000110000000000000000000000000010010100010000101000000000100000000101000000100000000000001000000000000000010010000000000000
0001010000010100001000001001000000000010010000100000000000100000000000010101100100000010001000000100000100000001100000000010000000000000000100000001101000010001000000000000000010001000000100010010000101100001010001000010000001000100000011000010000010
0100000000000100000000100000100000001001001000000001001100000100000000000000001100000000100100000100010001000000000010000000000001100100110000100000000010010000000000100001000010000000000000100100010100000101000010010000011000010010110000000011001000
0010000100010100000000000110001110000000010000000100000110100100001100000000110110100000000000000001000000100010000101000000010000000000100000000001000000000100000000010000010001000000000000000000100010100000010000100100000010000000000011000001010000
0000001000000010000101100001000010000000010010000000001100000100000010000110000000000000100010101000010000010000000000010000001100001100000111000000000000000000110000000000000000101000000000001011001001001000000000000000000101010000100011000010000000
1000000000000001010000000000001000100010010001011000001000000000100001010000000000000000010000000100000000000000000000000000000000011001000001000000100000000011000010000000000010000000000000000000000011000000100000110000101000000100000010000001010010
0000000001010001000000011000000010100111000010001000000000000000000010000000100100000000000000000000000100010000001010000000000000011100001000000000000000101000000000000001000011000000001000100000000000100100100001000000000100100010000000110000000000
0000000000000000000000000000100000010000001000010100000000000000010000010100001001000000000000001000000000100000001000110000000000001001000000001101000000000000000000000000000000001000011001000101000000010110000000000000001000110010001001011100100000
0001010010110000000000001000000100001000000000000100000000000000000000000010001000000100000000000000010000000000010000000010100010000001010000001000000100110000000000100001000010010100000000000000000010010001000000000000000110000100010000000101000010
0100000000000000000000000000000000000000000000101010000000101001100000001000000001010000000010000000000000101000000001100000000000100000000000101000010000001000010000000000100000100100000000010000000001000000100000100000000100000011000001001000000000
0000000000000101000000101000001010000000000000001011000000010000000000010010000000000000110000000001000000010000101000010100100100000000100000000001010010100000001001000000000000000000101000010100000011000000000000000010100100100000000000000000000100
1000010011000000010000000100000000001101000101000100000000000000000000000000100100010000000010000100000000010100000001011000010100100000000001000000100101000100001000001110001001000001000000001100000100010000000000010000010000011000000100000000100011
1000100000000000000000100010000100010000000000001000010000000000000001100001000000000010100001100000000010000000000000000000000000000000000000100011010010000000000000100101000001000001000000001100000000000000000000000010000010000000000000001000000000
0000010000000000001001000000010000000100000101001000101000110000010000111000000000010001100000000000000000010000000000000010011100010100001000100001100000001010000000001100000000100000000000010000000000100000100000010000000000100000000000000000000000
0000010000000001000110001001000000000000000010000100000000000000001100000000000000100001100000000010000000000000000100100000100010100000000000110010010000110000010001000000000001000000000000010000000000000000000011000100000000001000100000000010010000
0000110000000000000000000001001000000001000000001001000001001000000000000000001000000010101011001010100010101010110000000100000000101000000000000010000000100000001000001101000100000000100001100010000000000110000000000000000100000011001001000001100001
0010000010011000100000000010000000001000001010000000000000100000011100001000000100000000000100010010000100001000010001011000110000000000101001000000000000011100000110010001001000000101001000010000010000001010000100000000100001101000000001100000000010
1000001000010101100000000000000011001000100000000101000010000100000000000000000010000000000000110100000000100000100000100000000000100100010100100001000000000001000100000000110010111000000000000001000011000000000010000001000010000000000000000100000000
0101110000000011000010000001001000000000000010000000001000100000000100000100000001110000000000110000000000010010001010000000000000000000000001000000001001000011000100011000000000000011100010101000000000000000000001100001000000000000000000011010010000
0100000010000000000000101000000000000000000000000000000000001000000100000001000000000001000100000010000110000011000000000000000000000000001001000000001000000000101010000000000000100000001010000010100000000000000000000000011001100000001001100000000000
0100000001000000001100000100000100000100000000000100000010011000000001000000000000010100000000000000000010000000100010000010000111000110100000000001000000001000000000010000000000000000011000000001000000110000000000010000001100001000000001000010001100
1010000000000010000000100000000000000000100000110000000000000000010000010011110000000010000011000000001000001100000101010100000000000100001000000010000000000000000000000010010000001000100000100000100001000100000000100101000000000000100000000000000010
0010000000100000000000000011000000000100000000000000000100000000011000010000010001000000100110011000000000100100000000000000000000001000000000001000000010000000111010000000000010000000000000000011010010000100010000010100001010001000000000000100100000
0010001000000010000000000100110010000000010110010100011000000001000110000010000100001001000000101100100010111011000000000000110000010001000001000000000000001000000000000110010010000000000000000000010000000001000000110010000000010001100000001000010000
0010100100000000000010000000000010000000000010000000001010000010000000000000100000001010100000100011000000000100001010000100010000010010100000000101100000000100000100000010000010101010001000001001100100111000110000001000000110011001010000000001000000
0000001010010000000010010000000010000010000000000000110000000000100010001001000000000000000000000100010000000000000100000001000000000000000000010100011100000000000100110101000000000001000000000000001000100110000010100001000010100000111000001100000000
1010011000101000000000000000010000000000101000000000000000010010000000000000000000110001001010000000010000000001001110000000000000010000000000010100000010000001001001000000010100000100000000000001000000000000000100001000100000000000010000100000100000
1100101000000100000000010000001010010000100000101000011000000000011000100100000000000000001000001000010001000001000000100000000000000000000001000000000100100000011001000100001000000001000000010001010000000000000000001000100001000111000000000001010000
0000000000100000000010110000000000001000100000110000010001001000000000100011000000000001101101111000110100100000000101000000000000100101000000000000010100000100100000000000000000110000000000000000100000000000000100101000000110000000000000000000010101
0001010000000000110100100000100101000000010010101000100000101000001000000000000000000010010000000000000010000000001000000000001000000000001000010010000001001100010000001000010000001001001000001000001001000100000100010000000100001000001000001000000010
0100000000110000000000110100000000100000000000000100000000001100000000100111011000010000110100001000000000000001000010000010000001000001100100000100001000000100000001100000000001000000000100000011000000001000001000010010000000000000000000001100000000
0100010000000010100000000000001100100101001100000000010000000000000100001100000000000000000000001000000100001000100000000010100000100000011000000000000000000000000010000000001100000010000000000000000010100000100100000000000000010000000101000000100000
0000000000110000000001000000010000010001001101000000000100001000000110000000100000000010000000000000000000000000000000000001100001010000010000001000011000001011111000001000100000001000100001000000000100101000000010000000000110101010001000000000000001
0000000001110100000000000011000000000010000000111110000000000000000000000010000000000001000000000001000000000001000000000000110000000000000000010001000000000010000000000010100000000000100000000101000100010000001000001000010000000000000000010000001110
0000000000000100100000001000000000110001000110000100000000010100000000000001000000000000000100110000000000000110000100000000010000110000011000001000000000000000000000000100000000000000010000000000100000000000000000001001000010000010001010000010000000
0000000000001000000101000100000000000000000011000000001000000000100000110001010000100000001000001101000000001000000100000000000010000001000000000000000000000000100000001000000000000000000000100001001000000000001100000000010100000000001010000100000010
1001100000001010000000000000100010000000001001000000000011000000011001001011000000000000110010000000000000100001000000011000001001000010010100100010000100100000010000000000100010000000000001010101000000000000000101010000100100000000000000100010000000
0000001100100101100000011000000000000000000000000100000001000000110010000001000010001000010000010000000101000110010000000001100000000010000000000000000000100010100000000000000010000000000000000000010000000000000000000000000100000000000010000110000010
0000000000000001000000000000000010011001000000000000000000100000001000000110100000000011000000000000100000010000001000000000010000000100001000000000000001010000000000001100000000000110000001000000000101000000000000010010000000000000000000000001000100
0000010000001000000010000000001000000000000000000000010001010000000000001101100001001000110000000000000000100000000000001000000000000010000000000000010001001100010000000000010000111010000000000000000000111100000100010000100000101000000000000100000000
0001010000000000000000000000000000000000001000000011001100000100010000000000000001000000100000000000000000000000000000010000000000000000001100000000000000000001000010000100000000100001000000000010100000000100011000010000100000000000000010100000100010
0000000000000000010000100000000000001000110000000000000000101000000000000101000000001010000000000000000000000000001000000010000000000100000000010010001110000000010000000000001000000100001001000000010100010100000000000000000100001100000000001000000011
0100001010111000000100000000000011010100110100100001000000000000000000000000110000000000100000000000000010100000000000010000010000000100000000000000000001010001010000000000100100000000001000011010000000001000001000001110101010001000000011000000110110
0000000100001000000110000100000000011000000000000000100000010100110000000100000001000010010100000000011010000000100010000000000000000001010000001001000010000010000100000010000011010010000000000001001001100000000010000100100100001000010000001000000000
0000001010000000000010010101011011111000000010000000000000111000000010000000100001100010000100001000001000000100100000000010000000000000000001100000000000010010000000000010000000000001000000000000000000000100100000010001001000110000000000001000000000
0000001000000100000000000000100001000001010010100000000001000010000000000000000010000001000000000000000000001000000010011100010010100000000000000001010010001000000001000000001111100000011000000001001010100100000010000010000000000011000101000000000000
0100000000000110000000000100001000000010000011000100000000000001000000100011001000000000000000110001000000110000010000010000000000000000010001001000010100000000000000000010000001000000000000000000000000110010001100000000010100000000000001000000000011
0000100010000110000100000000001001000010000000000000100000001000100001010011101000001000000000000101011000000010000001000100000000000000010001001011000000000001000000000001000001000001000110000001100000000000000000000000010100000100011000000000010001
0000100010000001001000000001001000010000001000000000000010000000100000000000000000000000100010000011010110000000011000000000000000001000100001000100010001100000000100110010011000000000000000011000100000000100000000000000000001000000000000000101100001
0000000000010000000000010101000000000001000000001001010000010000000001001000000001010000010011000000000000000000000000010000000011011100000000010000100001000001100000001000000000000010000000010000010001110000000000001001000010100000000000000000000100
0000001000000100001000110000000000000000000000100000010100000000000010100010000011000000000000000000000100000100001000000011000000000000000000010010001000010000000000000000001100011100010000101001000000000101101100000100010010110100001000000000001000
0100000000000000000010010000010000000100000000001000100000000000010001000000100000000001000000001000000010000000010001000000000000001110110000000000010001000000101001110000000010000000000000010010000001001010000000000100001110000010010000000010000000
0010000100000000001000001000000001000100000001100110000001000000000110000100000000000001000010000000010001011000001000000000000001000010100000001010001000000001000000000000000001000000010000001011000100000000000110001000000000000011010010000000000000
0100001000100010000100000011000001000010100010000100000000000000000101000010000000000000100000001000000000001000000000000000001000100000000000000010001101000010000000001000000100000100010000101000000000100000001000000100001000000000000001000000001100
0000100010100010001000010000111100001000000000000000100101010001100000000000010000000000000001000100100000000010000100000100001000110000000000000000100111000001100000001001000000000000000001000000000100000010110001011000000000000000001010010010011010
0000101010000000001000000010010000000001000000000000000000000000000010100101000100000000100000010001100000100010110000000100010010000000100000001000000101000100110000101011000000001000000000000101010000110000000100000010000010001100100000000001100100
0100000000000000000000000000000010000000000010010000110000011000001000000000000100000000000100000101011000010000000001000000000100001000000001001000100000000010000000000100000101110100001000000101010000001000000000000100010001000000000100010000001000
0000000111100010000000000100000000011000000010010000100000000000100000000000010010000000000000010010000000010000000000010000001000000100000000011010010010100010001000100000010000010000000000000000000001000000010000000000100010000000000000010000110000
0000000000100000000100001000100010000010000010000000100100000000000100000000111000010101000000000110000000000011000000010010000010001000011010000000000001001000000100000000001000000000000000001000000100000010000000000000100000000110000010010001000000
0000000100000011100001000000000000000000000111000100000000110000000000000100000000100010000000000100010101001001000000000010000000110000010010000000000000010010010000100000100000010000000000000000000000000000000000100000000000000010000010000000000000
0010000000100000000010000001001001000000000000100000000000110001100001010000100001000010000000100001000100000000000010010001000000000000000000001000000100000000000001100000010100000000001000000000000000001000000001000100001001010000001001001000001011
0000001000000000000000000000000000000000000000000000010001000000100001000000000010000010100000001001000100000110010000000000000000001010000000000000000000000010010101000000001000000100000100000000010000001000000001010001000000000000000010000001000000
0100000000000010010101000000000000000010000000001000000000000000000000000100011000100000001000000100000000000000010000001110000000000000000100000001000010000000010000001000000010000000000100100000000110000000000000000000000010100000001100000100000000
0110100000100000010100000010011000000000000000000000100000010100010000010001100000010000000000010000100000001000100001000000000001001011001001000000001001000000000000000000000010010000001011000010100100000001011000000100000000000000100001000000000000
219 118
247 41
