250 250
0000100000001000000000000011100101000110001000000010000001000000000000100000100001000000010011001010000001000010000000010000000010000000000000000011010000000010010000000100010000000000010000000000001011010001100010000000010011010010011000000000000000
0010000001000001000000000000000000110000001001010000000000010000100000000000100000000010000000000010010010000000010011000110010000000000000000001000010000001010001000001100000000000000000010000010001100001000000000010100000000001001010000001000100100
0000001000000010000000100011000000010010000110000000000000001000000000000000010000100000010100000000000000111000000000000100001110010000110100001100000110100000100000000100000001000000000000000110000010000001000110100001000000000010000010000000000000
1000000000000100000010000000010000010000000000100010101000001000000000001010001000010001000010010000110000100000000000100010000000000010100000000000001000000010000000000000001110010000000000010100000001000000001001010110000110001000000000000001000001
0100110010000000000000010100000100001001100001000000000000000000100010000000000111010100001010111000101010000000000100000010010110001010010000000000000000100000010000010000100000110000100000000000000000010000000000000001000000000010001000001011010000
0001001000001000110000000000011001000000010000000000000000001000000000000100010100000010000011001000000100000100000000000000100000101001000000000100100001000000000000000000000100000000000001000001001100001000010000000010000000000000001000000000000011
0000000000000000010100000100100000000010100010001001101000001000000000001000100101000000000000000000000101000000000010101000010000000100001000100000010100010001000001010100000100100000001000000000000000000000010000000000010000000100000100010111000000
0000000000100000001010000000000100010000010000010000000000001000000010000000000000000000000001000000000010100000000000000000000000000000010000100000010100011101000001001100000010000000000000000000000100100010010000010000000000001000001000000000001000
0110101000000001000000000000000001000101000110000101000000000000101000000000000100000001010000000000000101000000010100000010100001000000000000000001100000100000000000010101000000100000000000000100000010000010010000100010000101100000000000010010100010
0000101010000000001000001000100010000000000000000010101010000001001000000000101100000001010001101000010000000000010001000000010001010011000000000100000001000000000001000000000000001000001000100000000000000100000001001000000010000001011010000010100100
0000011000100000000100000000000000101000000000100000100000000000000100000000000000000001001100000000000000000000000010000011000000100110000000000000000011100000000000000000000000001001010000000000000000010000000000000000000000000100000110010000000110
0000000010010000110000000100000000000000000010000000000000000000100100001100001000001000111000101010000000010000000110000010000101000001001000001000000000010010010000010000000000000001000000001100000010000000000001110000000000000000000000001000000010
0101000000000000000000100000001000001000000000000000000100000001000010000000001100000000100000000000100101000101101010010010100000000010000100001010000000000000010100100000001001001101000000000000010000110101010000010000000100000101001000100010000110
0000010000000010010000000001100000000000001000001101000000001000000111000000010000100000100000010000000000011111000000000000010000000000000001100001001000000010100000000000000001000000000000000010010100100000100010000000000010011110000000000000110000
0001000000000000000000000001000000000100000000000011000001100100010101001110001100100100000100000000001000000000011000000010000000000100000010000000001000000010001010100000000000100100000000001000000000010000110001000000000001100000100010011000010000
1000000000000000000000000011000000100010000000001000001000100001000000000000000100010000000000000100101000000000100100010000100000101001000000000100000010100010000000000000000000000000000000101000000110010000001010000101100100000100100000000010000000
0000100000000000000000101000000001000101001010000000010000000000001000000000110100000000010000000000000011000000010000000100001001001000000001000100100010010000000110000100000000100000010000010011000000110000100100000000001000001000000100010000000000
0000001000010000000001000000000000000000000001010100000011000000100010000011100000001010001010000110000000000000011000000000000000000001000000101000000000000001010010101000100000100000001100000000010010100000000000000000001000000000010100001000000010
0010000010000010010000001010011010000010000000101010100000110010000110001100001000001000000010101001000000101101010000000100000000001000000000001000001100000000000000000000000100000000010000100000000000000000010000000010000001000001100000000000000000
0000010010110110100000010100010000010000110000000111000000000000000100100000000000000010000100000000000000001001100000000001100000000000000000000000001000000110000001000000001100010000000000010010000000100000000000110000000000000000010000101001010100
0000000000101000010000000000000000010101000000000011000010000000000000000100000110000000001000000000000001100000000010000000010001100000001101000000110000001000100000000000000000100110010100001100000110000010010010100000100110000001000000100000000101
0011000001000010000000000000000000110010010100001000001000000101100110000100010000100000100000000000000010000001010000000100001000000001000000100000010000000000000100001000000000001100000010001000000000010000001000000100000000100100000000010010100000
0110100000100000010010111010000001011100000000010010100000001100000000000000000100000000000000000000010010001000000000010010000010000000000000101000001001000000001000010011100000000000000001000000000000010100000001000001001000000010001000000001100000
0001000001000101010100100000100010000000000100101000000100000000000000000001000000000000000100000010000010000100000000000000000000000010000100110010010000100000000110000100000100000100000000100000000101000000010100000010000101000101000000000010001000
0000101000100100000100000000000101000000010000001000000000000000000000001000010010000000001010000000000000001100000000101000000000010000010000000000001100110111000000101000010000010001000100001000000000000100000000000000000000001000000000100000000010
1000000001000001000000000000100001000000000000000000000000000000010100100110011100000000000000000000000000000000100010000000110100000100100001000000000010001000001010000010000000001010010000010001100001001000000000100000000000000010010000000110010000
1010000000000010001000001000000010000100000010000000000000001000111000000000000000001001000001100000000001001000001010100100000000010100000100101000100000000000000000001100010000100000010000000010000000000101000000010110001001100000000100100000000010
0000100100001000000100010000000000000000000001000000000010001000010000001100000000000000000011000110100000000000010001001000000010000010011010011011000000101011000000000010000001010000100000000001000010000000010010000000100000001000000100010100010010
0100000000000100010000000000000010000000000000000101010011000100000100000000010100100000010000000010000000000001000000001100000001000000000011000000010100010000000000000100000001000000000011000000000000001000000000000010000100000001010000000000000000
0000100001100000000000000000001000000001000000000000000000001010100011100001000001000000000001001100000100110010000010000000000100001000001000100000000000010100000001100000000000010110101000000000000000000000000000010001000100001000010000000010100001
0000010000000000000000001000011000000001000000100001000000000100000000000000000000010000010000000010000001000000010000100000000001010100000000011000000100100010000011001000100100000000000010001000010000100001000100010000000000000000000010000000000000
0100000000000000100000001000000000000000110010000001011000110000000000000010010000000001000000000000000000001010000100000001000000010000011001001000000000000000100100000000011000000100000000000010010100000001000100000001100100010100000000010010000000
0000000100001000000100001010000001000010001000000000000000000001000000000010001100011110000111100000001000000000000011010100000000000000100000110010010000000101000100000000000000001000010010000000000011010010011110000000010000000000000000000000001010
0001000001010000010001000000100000001000100001000000001000000010000100000000001010100000000000000010001000011000001100000000000000010100001101000000000000000001000000101000000011000010000100000001000001010001010110000000000000100000000000010100000000
0000100001001101001001000100000001100010100001000000000000010001000000101001100010000000000000100010000000000100000000100000000000100000000000000010000100100000000100000000000000000001100010010110000000010000100101000010000100000000000100001100001000
0000000000101100000101000000010000000101000100110000110000000000010000000001010000001000100000001000100000001100000000010000100000000010000000001000000000010100000001010010000001000000000000100010000000001000001110000000010000000000010000110000100100
0000001001000000000000000000010010100001000000100000000000000000010000000010100110000101000000010011000000000010100000101000000000000010000000000100001000100000000010000000100001000000100000000000010100100000100100000000001000100000000000100000010010
0000000000110000000001000001010000100000000000000010001000000000100010000000100100000000001000000000000001000000000000000000010010000100000000100001000000000000000000010000100100000000001000000010000001000001010000100000001000101000100001100001011000
0100011100000100000000110000100001000000000000001011001111000101000000000001000100000000001000001000000101001000001010001001000000000000000000000101100000100001001000010000001000000101000100000000000000000110100000010000000000000000000010000000000100
0100001000000000000000100000100000000000000100010000000000000000000000000010000001010011010000000010000000000010011000100000000000000000100100100001000000000001000101100000000010000001010010000011000000000010000000000000010010010000000100000000000000
1000000000000000000000000000000010100000101000000100001000000001000010101000001000000001000000010011000000100001100010000000000000001010010000000000110100000010000000010010000000010010010000000010010000110011010100000000010000001100001000000000000000
0000000000010001101100000010110100010000000000000001000000000001000000010000000100000000000000010000111000000000000001000000000011000000110000000000000100010000000001001000000000100100000000000000000100000010000100000001000001010000010000000000100000
1000100100000010110001000100000011000001000000000011001000000000000000000100000000001101000000111000000000000010000010000000000001100000100000100000101001000100000011000000000100000010010000000000010010000000001100000010000100000000000100000001010100
0100000001100010100010001000000000000000000010100000000000100001010010100000010000101110000000000000000000000000001001100000000010010000000010000000001010010000000000000000000111000001010000000000010101010010000100000000000100000000000000010100010000
0000101001000000010000000000000000000001000001000100000000000000110110000000000000000000001100000010000011010100100101001000000000100000000100100100100100001010000000001100010010000000000000000000000001010110000010000100010000000000100000010000000100
0001101001010001011000100000000000010010000000010000000000000000001000000110000000000010000010000100000000100000001000000000100011001000000111010011100010010010001100110000000000000000000000100000100001000000000010000111010000000001001001000000000000
1000001100000000100100000000000100000001000000110000011010000000001011101100000100100000010001001100001000000000010011000000011000000000011000010000100000000001010000010001000010000000100000000001001000001000000000001000000000001100100010000000001000
0000001000010100000001010010000100010001100000001001000000100000100010000000000000000001010000000000001000100001000000010000010010000000000010000001010000001000000000000010001011000000000010000010000100010000000000000100000000000000110100000000000000
0000000000001000000010000000000010001000100010100000010100000000000000001000001000000000100000001000100001000000000000000000010010100100100000000000100001000000000010000000011100000000010000001000000010000000000000000000000010000010110001000001010100
0001001000000110011000001010100000000000000001001010000000000000000100000101000110000010000100000001000101100010000100000000000110001001001001000000001000011010001001000100000010000000010010001010000000000000001100001110001000010100000000100000000001
0000100000010000100000001000000000011000111000000110000000010000101000000010000001000000000000000000000000011110000000010000000100101001010000000000000000010000000000000000000000000000001000000000001000000101100100011000000000000100000000000000010000
1001001000010110000101000000000000110001010000000000001010001100000000000100010101000000000000010000100001000000000000010010010001001001000000000000100001000000110100000010000000000000000110001000001010000110000000000000000100001010000000000010100010
0000100100101001000000000010000010000000100000000011000000000000001000000001001000000000010100000000000000000000000000001001100000100001100000000011101101000000000000001000111001010000010000000100000000110100000000000000000100000000101000010000100100
0001100000000001000100000000000000000000000101001000000000001000000000000010100001000110000000000100000000000100000100010001011100100001000100000000010000000000010000100000000000000010001000000001000010000010000000110010000100010000000100100000110101
0000000010010110000100100000000000000000000001000000000000100100010000000100110000000001000000000000000000101000011000000100001000001000000000000000000001001011110000000001010010000010000000000000000001001000000000001000010010000000000000100100000000
0110000000000101001001000000000010100000000010010000000000010000010100000100000100000000000101000001001000000001000000000011100100000001000010000000000000001001010001000001001000000001000110000000100100000000100001000001010101000000000001000000000000
0000100000000000000010000000010000000110000000000010000101000000001000000000010010000000000000100001100010000000100000001000000000001001000010000010000100110000000010010001101000100000001001001100110000000000000100110000000001010000000000000000100000
0000000100100100000000010010000010000101000000000001100000100010010100000100000000001000000000100000010110100000000001000000010000001000000000010000101010000001000000001100100000001000000000001000001010000000000010110011000000100001000000001101010000
0000000001000000000100000010000001000000000010010011000011011100000001010000010110000100010001110001000000100000000000100000000000000010000100001000010000000000001010000000000000000000001000100001000000100000000000000100000000000000000100010011100110
0000000100000100000100001010000000000110000100000000101000000100000010010000000000000000001001000010010100110010001100001000000000001001000000000000100011000000100000011001000000000000000001110000100011000000000000100100000000000010000110000010000000
0000000000000000010000000010010101000000111001011000010001000000110000000011000001010000000001000000000100100000000000000000000000000000000000100011000001100000111000000100100000110001100000000010001000000000000000000000010100100010010100001100010100
0110000000000011000000100000100000010000110000001000010000000000000000000100100000000010100010000000000000000000001000000000000100000010000000001000001000011100010000000001000001010000010000001001010110101001000000010000000110000100001000100000000000
0000000000000000001000000000001000000000000000001000100110000000000000010000000000000010000000010000010000000010001000000000000001101001100101000110101110000010001100100010000000000000000000000000000001011000100011000000100100011100001011000000101000
0000000000000000000001000000000100000000000010000000000000000100010100001001110000000000000001000010101000000000010001000000000100000001000000010001100000100000000000000000010000010000001000100110000100000001100001100000000000000000100110100000100000
0010100010000000000000001000000001001010010000000000000100100000000010000000000001011000100000000000100010000000000000000001001000001001000000000011000000000000000000000001101100101000100000001000001000011000000001100010001100000000000000000100000101
1000011100000000000000000001000000000100000000000010110000000001010001001000100100000100100010001010001101100100000000001010100001001000010010000000000000000000000100000101000000001101010010100100000000000111001100000000000010000000000000000100000000
0101000000001100100000010001000010000001000001000100100001001000001000000000001000000000000000100000000011000000000000000000000000000000000000010010010001010001000000001000001000000100000000000010000000000110000000000000000001010000000100000000100000
0001010100001100100000000100000000000010000010000000001010001000100100010010000000000001000101000100000001001000100100000100000000000010000100000000001000000000000000000001100100000000000000000000000001010000010010000000000100000100000100000001000000
1001110001000100010000100000010010001100010000001000000000000000000000000000100000100000000110000000010110010000000000000000001000000001000010100001000001000000000000000000010000000000000010101100000100010000000000000000100000000000100000000000011000
0100001010000010000000001000000000000100011000001000001001010000000000000100000010110000011000000000000000000100101100010000010000100000000000010100000101000100000000001000000000000000001100001100001000000011010000000100110100000110010010001000100101
0011000001100001100101000110101000100000011000000000000000000100001100000000101001000000100000100000100001100000000001000000011100100111010010000000010100001000000001000000100010001000000000000000000010000100000000011000001000000010000100010010000001
1000000000000000001000000100000000011100000000011000000100001010000000101000000111000000100010000000010100000000000100000010100000100000000000100000000000100000001101000001000011000010100010000001000000000000100000100000100000000000000000000000011000
0000000000001000001100000010000010001010001000100110000010000100000000000010000000000100000001010000001000000010000010010000000001000101010000101000000100010000010000010000000011100000000010001000001000010000100101000000000000000000000000100010001100
0000000000100000001000000000001000000010011100000000010000000000001000110000000000100000000000000000010000000000000001010100001100000100000000001000000010001101000000000000000000010000001000000000000000000000000100000000110000010000010001000000000001
1101000001100100000000000000000000000100100000000000000000000001000001000001000001100001000000000100000000010000000010010000000000000000010100101000000000000000011001000000010100000100100000000011001110001000000000100000000000010000010010000000000000
0000010000000100001000000000000000000000000000100000010000000110010100010000001010000000000001010110010100000001000000000001010000100000111000000100000110001000000100100000000000100000000000000110110001010010100000000000100000000000000100001001010000
0000001000100000000010000001000000000000000010001100000000000000001001100000000000100000000100000001000000000100000001000000000000000010100000000001000000010000000001000000010000100101010010000000100000010000011100000101000000000000100001000000000000
0001000001000001010000000000110000010000001010000000100110000000000001000000010000000011000000001000000000000100000000001000000000000100000001000001010001000000010000101000010001100000000000000001000010010000010010010010100000100100000000100001000000
0000110100000000000000000000001000000000001000000001011000000000000000000010001000000000010010000000000000000010100000010000100010000001010001000010000000000000000000010000010000101110100000000000000100010000000111100000000000000000100011010000101000
0011100000000000000010010000101010010000000010110001010100000000000100000000000010001101010000100000000000000100000000000000010010000100010100000000010000100001000110000010001000000110000000000000100010010000010000010000000000000001000000000100000000
0001000000100000101000101000001000000000000000000001001010100000111000110000000000000000100000000000000000001000001000100000000001001000001000000010010101000100111000000100000000101001000100001000000100000000001100000000000101000010101000001000000000
0010000110000001100000000000000110000001001000000100100001000011000010100000000000000010001001000000000000001100000000000000110000000000100000101000001100100100000000110000000000000000010000000000000001011000000000001000000000101010000000010100000010
0000000100001010010000000000010100010000000010001000100000000000011010010010000000000000000010000000000000000010000010000010001001000010001001010000100010001000010100000101010000001010011000100000000000000000000100000000000000000010010000000100111000
0001100000000100000011000000000001101011100001000001001001000010010000000000000001010001000000000000000011000001000000100100100010010000010101100000110110000000001000000000100101001100000010000000000010000000010000000001001000000000000010000000000000
0010101001001000000000000000100000011000010100001001000000001000000000000010100000000001100110010000010001001001110000000001100010100000101001100000001000011000000010000110000001100001000000000100101000000001001000000001000000001000000000000000000010
0000000000000001000000000011000000100000000001000000000000000000000100001000000010000000000000001010000110000000000000001000000000000110000010101000000000001010000000000000010000000100100100011010001000000000000010010000000001000010010000000000010000
0001000000000000010101101000000000000000001011000100000110001011000000000100000000001000010000010000001000100010100000110000101000000000000000010010000000010101000000000100000010110110010000000000100001100000000000100110000000000010101000010000001110
0000000000000100010000101011000000010000010000100001001010000000000100000100100000000001010010000010010000000010000000000000001000000000000000000000100000000000000000000000000000001001000000000001000111000010000010000000000001000010000000000000000000
0000000000000000001000001000000001000000000000000000000011110010100000000000100000001010001000010001000001000010000000000000000000001000000000000100101000100001010010101001001000000100000101000100001000000000000000000000000000100010000100000000100000
1000000000000000000001010000000100010011010000010000010000000010001000000000000000010000000000011000010000100000000010010000000000010000000000000000000000000010100000000010001000001100000000000000000100000001000000001010000000000010010101000000000000
0000000100001001000000000010000000100000000100010000010000001110000000010000001010000000010010000000000000010000000000010000000000000000000000001000011000000100000000000100001001000000000100100000011100000000001000110000001000010000000000000100000000
0000000000000000000000001000100010000000100000000000001000000000100100000000100000100000010000000000110000100100001001000000000001101000001000010000010001000010001000000001100000001000010001000100000000110001000001001100000000000000000100010000000101
0111001001000001000100000100010000101000000101000010000000001000000000110000000100000100000001011110000000001000000000100000000010010000000000000100000000001000000010000010000000100000100000001000000000000000100100010010100100000100000000010000000100
0000101000000001000000101000000000110001010010000001000000001000000000000010010000000000000100000000000000101000000000000011100100100000001000010000000101100010000000100010000000010000100000001010000010000000011000000001100100000010010000000000100000
0101000000000000000010000000000100000000000000000010000001010101100010000011000000000000000000001000010000000100000000001000000000000000000000011000001010000110000001000011010011000001000000100001000000000000000000001010000000011000011001000000000110
0010011000100001010001000100010000000000001000100000100001000000100000000100000000010001101000000000000100000000001001000001000000001001000000000010011000100010010000010001010100000000000000000110010100000000000000000000000001000010000000000100100100
0000000000010000100001000000000000000000000100000000010000100000101000000000100000000100001000000000110111001000001000001000100000000100010000000000001000000000100000000000000000010010000000000010000000000010000010001000000010000100001001000001010000
0000000000010000000110000000000000010000000000000010111000100001000010000010001010000000010000000000100011001010000011001000011100000001000000100000000010001000000000000000001001001100000000000010100000001000000000000000000000100000000001000000000100
0000000000000000100010010001100000000001000000000010001000000000000100010001000001000011000100000000000100000000100000100000100000000110000001000010000000010000000100000001000010001000010000010000000000100000010000001000001000000000110010010100001000
0000000000000000000111001010000000011001101000000000100101000000000000001000000011000010000000000001000100001100000100000000000010000000000100100000000001110100000000000000010000000100001000010010000001000010010000000001000000000001100001010000001000
0101000010000000010001000000000000100000001101000100000110000000100000010000000001100100000100000000011010010101000010000010000000000000000010010010000100010010000001000001000100000100001000000001000011000000000110000000001011001010000000110000000100
0000000100000000000001000000100000010000000100000000000010000000001000010100010000000000000010000100000110000110010001000010100000000000000100001110101000000000000110000100011000000000000000000000001100000000000100100100000001000000001000100010000000
1100000000001001000000001000000000011000010010000100110001010110000001000000000000000000000000101000000000001000000000010100101100010000011000110001000010000000000000100011010000000001010000000100000000100001000000001010000000000000000000001010000100
0001100101000100010101011100000000001001010000100000101000010010100000000111000110111000101110010001010011000000000000000000000100000000000100000000000000100001100110001010001000000100010000100010000100000110000000010100001000100010000001000000001000
1000011001000100100000000010000001000000000111000000000100010000000000000011000110000000000000100000000001000000000000000000000000000000100000001000010000011100000000000001001000100010000000000000100001000100001110010000100000010010111101000010000101
0000000000011000010000000000000000001000000000010000000000001001000000001000000100000000001000000000000000100001000000000001001010000000000100000011010000000000000010011100110000010000001001001000000100000000000000000000000101000111100100000000010101
0110000001010010000101010100001000000100000010100000000000000010100000000010110000000000001000100010001000000001000000000000000000100010001100000000000000010000000110100001000000100001001000000000000000000000000000010000110011000011000000000000000000
0010000000000000110000000001010000000000001000000000001010000000000110010001000000000100010110000000010000000000110110010001000010000000100000000100000110000100001000000000000000000000001000000000000010000000100000100000000001001000000000010000000001
0000001000000101000011001000000010100001000100010100100010000000000010000010100011010101000000001001101000000000010100000000000001001001000000000000001000100010101000000000000001001100000100010000010100000000101001000000000110000000111000001000000111
0100000100000010000000000100010000000100000000010100000000010100000000011001010100000000000001000000000000010100010000101000000000000000000000001000010000000000010000100000100011000000110000000000001000110000000000000010000000000000000000000000000010
0000000001000000000000000000010010000000010111001001000000000100000010010000010100001100010101000000000111000000000001100000010000000100000100000000000001000110000000100000000000010101010100101010000000000000000100000000100001000000100000001000000000
1100000101001000000000010001000011001000100000000000100000100100010110000000000010100001000001000000000101000000000000101000001010010000010100000001000001000100100000000000101101000100001000000000000001101100000000000001000010000000000100000000010000
0001000101000000000010000000100010011000001100010000010100010010001000000000000001010000000100000000000000010110110001000001000011010000000000000000000011000010000000011000000001000000101100000000000100000100101100000000100010100000000000010000000000
1000010000010000010000000100100001000000000000010000000000000010010001000000000100000001001000000000001000000000010100000000000000010000000100000000000100000000000000000000000000000000000000000010000000000001001000000001100000010110000000000000010011
0001000001000010110100000000000000000000000000111100000000000000100100000000010000000000000000000000000001000000011001001000000000000100010000000010000000001000000011000000010001000000000001011010101000101011000000001000000001010001000000001000010100
1001000000000000010000000000000000001000000000100001001010000110001100000010000000000100001000100000000000000000000100000000000010000010000000010100000010000010000000010000000101000000000000100000000000000000000000001001000000000100010010000000000100
0000010001100101000000100010000000010000001000001000100100000001000000000100000001000000000100000001000000000000000000000000000000000000000100100000000010001100000010000100001001000000100001000000101010010000000001100100000001000000000110100100001000
0101000000010100000000000100001100001010000000000001000000101000000000010000101100100000100001000000000000010000000000000000100000000001000000010000000000101000000000001100010001100000000010010001000010000011000100000000010100000001000000000000100000
0000001000000000000000000010100000000010001100100000000000000000000000010001001000000010000000000001100000000100000100000001010000010010000000000000001001010001001000110000100000010000000010000000000100000110000000011000000100000101100010000000000110
0000100000000100000010001100000000000010000001010010001000000000101001010000001110000000001000100000010010001101000010000000000011010000000100000000000110000000001001000000000100010010000001010000010000001000000000001000000000000010000000100101000000
0100001000100000000110010000000001011000100001000000011000000101000010000000000110000000100000000000000000100000000100000000000111010100000001000000000000000000000000000001000000000000000000000000110001000000100010000010000001000110100000010000001000
0010000000000000100100000101000000110100000001000000000010001110000000000100100000000000001000000000000000010010000000010010100000000011100100010000011000000000000100000001100010000000011000000100001000000100010010000000000101100100100000001011000001
1100000010001000000001110000100000100000100000100110011000000001110010100010000010010000001110010010000110000000000001000110000000000000000001000100000100100000010001000000000100000000001000000100001000000001001000001000001000000100000010000000000000
0001000000000000000000010000001100000000000000000010000000001110000000000000001000000000000000110000100000000111011000000000100000000001000000010000100110000000100000010000000000110000001011001000100000000000000000010001000011000000001001000000000000
0000000000000000000000101011001101000100100001110100010000000000001001000000000010100010000011100000000010100000000000000000000000000000000001001000000001000101000000000100000100010001100000000000000000100101000010000010100000000000000100101000000110
0000000001000000010000000001000001100000000000100000100010000000000000100000000010001000000001000100000010000000000000000000001001100000010000001000100000000000000001101110010000000000110001010000000000000010000000001000000010000000001000000000001010
0100100010100000000000001110001001001000000000000000000100001000000110000000100100000010000000000000000000100001000000000000110000000000100000000100001000000010000100001001000000100001000000000100000011110000000000000000000010100000100001000100011100
0110110101000100000000111000001101000100101000001000010000000000010000001010100000000000000001001100010001010100000001001000000001000110100001001000100000100101100000000000100000010010000000000000000000000000010000000000001101010000000000001000010000
0001001000100000100100100000100000000001000000000000000010001010000000100000000100000000000000000000000010000000000100001000000000010001000000000000000010000011001000000100110000010001000000000000000110000000101101000001000000010000001000000000000000
0000000001000000100101100000010100000110001000100000010000010000010000000100000000100101000000010000010000001100000000000100011000011000000001010000000100000000000000000110000000000000000001000100011000000011000010010000000000000010001110000000010001
0000000001000100000000000010000000000010010011100000000000000000000000000010000000000000010000001000001000000000100001000000000100010000000000010000000000000100000000000000100000000000000000000100000000000000000000010100011000000000000000000000100001
0000010100001011010001000000010000101000000100000100010000000000000100000101010000000000001000000010000001000101110001001000000001001011000000010000100100001100001100010010010100001000100101000000100011001000100000000001000011010000001000000000000000
0011000000000000000000010000000000010111000000000110000000000100000000010000000000000000000010000010100000000000000000000100000000001000000100000001100000000011100000100000000001000100000000010101000000010000000010100001000000001010000000100010000001
0001000010100100011010000000010000000000000100101000001001011001000000001011000000000000000000000000011000101000000000000100000000000000011100000000000100000100000000000001000000000110000000010000000000110000000000000000001010010000000000000000011000
0000000100100010100011000100100001101000001100000100000000100010000000010000100000000000000000000100000000000000000000000001010000010100100000000001000000000000110100000000100000000000000000001000001011100000000000010100010100000000100010000000010010
1010000000100000100001000100000010000001000000000100010100001000000011001000101000000011000010000010000000100000100010000010001100000000000000000010000110111100000010010100011000000001001010000000000010000000000000010001000000000000000000000000000000
0000010000010000100101000000110000100100000000000010011001000001001111000000000000101000100000001000001000000000001000100010000000000000100010000000000100000000100001001000000001000000000100000100110000100000000000000000000000001000010000000100000000
1001100001100000000000001000000000010001000010000000001000100010001000000010001000000000000000000000000010100000010010000000000000000001010100000110000110000000000000010000100010000000000001000001001101000000000000100000001010000000100100000000000000
0000000100010010000000100010001001100010000000100011100000001000000010001000101010000000011010100001100110000000000000001000010000000010100000100000000000000000010100100000010110000001000000110000001101100100000000011000000010001000011000000110101101
0000000010000011100100001000000010000000000000000000000000000000011100001000000000000000001100000010010000010000011001000000000100100010000000000000000000000000000001100010000000001000000010000001000000000100001000001000000000000000000000001101001101
0000000011000010000000000000000000000101100000000000000000000000010010100101001000000001000000000000001100000000010000001000010101000000000000001000001000101000000000000000100000001001000000100001001000000000100000000000100000111000100000110100001000
0000001010000000100110000000000000000000000000101101100010000100010011000101000000000001000000000001000000000000000011001000100000100000001000001010011001000001001000100100000000000001000100000000000000100010010001000000000000000010000000000000100000
0000101000000000010000000001000000010000000000001100100100000000010000000010000010000000000001000100000000000110100010001000010000010000110001001000000101010000000001110000110001000100000010010000000010000110000000000000000001000000010010000001001001
0010000000100000000100000010000000100000000100010001010000000101000100000000000000001010000000000000000001101000000001000100000010100000000000000010000000000000100100100000100000000000000111101000000001000000000000010000100000000000000001000100010000
0011000001000001000000101001000000000000000000000001000000000000100000001110101001010000000000000001000000001000000100000000000000000000000000011100000001000100000010000000010001000000000010001001000000000001000000010000000001110000000000100011100000
0000110000100000001000000000000000000000000000000100010000000001100000010000000000000001010010000100000000001000000000001000110000000001100100000000000000010000100000001101000010000111000000100010001000000110000000000001000100000000000000000000000001
0100000110100010000000000010011000001000000000100000000000001000000000110110001100100000100010010001000000000000000000001001100000100000101001001000001000001000000010001001000000010000001000000000000000000000000000000000010001000001000000000100001000
0100110000010000001000000000001000000000000000010000001100000010100010000000000010010100000011000000000010000000100010100000000000000000000100010000001000000000001000100100010000010010000000010001110001000010000000100000000001001100000000000000010011
0100000000000000001000000000000000000010000000001000000000000000000001100000000000101100000000010001010001000101000000000100011011010000000000001101101001100010000001000010000010000000000000010010010000000100000101110110000000000000000010100001000001
0010000000000000000000000100001000000000010000100000000001010101000001101000101001010000100101000110000000000000000000010010000000100100010000100000000000000010000000000000010001000000000000110000000100000000000000000000000000000000000010010100000011
0000001000000110000000011000000000000000000000000000000001000100001000000000011000000000001000000100000000010000000010000010000011001000000011000000000000001100000000000000001010000001100000100100100010000000000000100010000000000000100100100000110000
1110000100000111000000000001101000000000000000010100010101000000000000000000000000100000011000011000100000000101000000010100000010101010000000110100010000000000011000000000001000000000001000000110000100000001001001000000000000000000000100010001001000
0000000000010000000000000010000010000000010100000000000010100000000010001100000000001000110000010000010000001010001000000100010000001010000000001000000000000000000000000000001000001000100001000000100001000110000000010000000100010000000100001000000000
1001000100000000000000000000101000100010000011000000001101000000110100000001000010001100000000000000000010000010000001000010000000100000000101000100000000010010000000000000000001000010000111000100100100000000100010000000000000000000000000100000000000
0000000000010000000100100000000000000000000000011000110000000110000010001000000000000000100110000000000100001100001100000000001000001000001000001011110000100000010000100000000000100000000100101000000100000000000001000000000000000100000001100000000000
0000000000000000000000000000001000000000000000000001000010000010000000000000000011001001100101000000000000000000101001000000010000100000000101000001001000100000000010000000000000000000001101000000000001000010001000011001000000000000000000100100000000
0000000100000001000101000010000000000011001000000000100010000000110000000010000001001000000000000000100000010001000010000001010000000000000000000000000000110000000000000000000000001000010000100110110000000000000011000100000000011000000100000000001000
0010000001000100000000011011000101111010000000000010100001000100000000000000100000111001000000000100001000100000000000000000010000010000001010010100000000010001000010000100000010000000001101000000000000000000000000000100000010000010000001000000001110
0000001011010000000000000111000000001000100000000000000100100010010010000001000000000010100000000001000000010000000001011000000000000000010000100101000100100001010010000001000001100010000010100100001000000000000000000010000101001000000111101100000000
0001000000100110000000010000010010001001000010000010000000000001100011001000000000000101100000000000111100000000000101001000001000000000010010100000000000001010000011001001010000000000010010000000100000000000000000000001001000001010000100000000000001
0000001010000010001000000010100000010000010000001000000000001100000000001000000010000000110111000000000000001001000000110010000000000000101100000000110100000011000000000101001000000000001100000000001001000000010000010000000000000101000000010000000000
0000011000100110000000000000000000000001001000000001001000000000000000010000010000110100010000000010000000001100100011000000000000001000011000000100010000000010000000000000100000000000100000100000000000000000000100001000000000000000010001000000010001
1000100000001000001000100000000000000100000000000000000000010000000100000010000000000100000001000010010000000001100000000000000001110000001000000000001000100100001000000100000010010000100010000000000001000000000000100000000100001001000010000100001100
0110011010000000000010000000000001001000100000000011001010000000001000100101000000010000000011001100000000000100000000101110000000010100001000000000000100100010010001000011001000010100000010010100000101001000001000000000000000000000000000100000000000
1101000000000000001000000000000000110100000001100000100000000000000000001000001110000000000000100000100000001000000000000100010000000000011000001000100100000000000000000000010100000000000001101010000010000000000011000100001000010000100000010010000001
0000000000011000001000001000000000001000000100100010010000000000001000000000010000000001000000000000010000100000000100001010000000110000000000000001000100010000000010000101010100100000100000101010000000000000000100000000000100001000001000000000100000
0100000100000000100000000000000010000100010000000101000000110000000000010110001111000010010010001000010000000000000010001000000100001001100100000001000000000001010100000000100100101000101000000100000001000000000000100000011000001100100010100010100000
0001000110000000000000000000110000000000111001100000000001000000001100010000000000000000000001000001000010001101000000000010000001000010001000100100010000000000000000000000001001100011010100010100000000000000010101101100100010000000001000000000000000
0100000001000010010000001001000000011100000010010000010001000000010000000000000011000000100000100000000000111000100100000010000100001000100010000000010000010000000000000000000000000000000000000010000000000100000000010100000000001000000101100000010001
0100000000000100000000000000000001100000000000100010001000000000000000001100000010000100000010000000010010100000000101001000000010000100000000100001000001010000011000000000011100000001000011100100000000000000011000011000101100000000100000100010010000
0000000000000000000000000010000000000101000100010000001011000000000110000000000110100000000000100100100000001000000100000000011000000010000100001000100010010001000010001000000010100010000000010000010001000001000101000001000000000110000001100000101000
0000010001100000100000000100000001000000100001010000000000000000000000000000100000100000001000010000001001000001000010000000000001000000000100000100000011000000000001000000001000001000000000011100000001010000000110000000000000100110100011000010010010
0011000000100000000000000001010000000000000000101010000101000000000000100001000000001000010000011000000000010000000000000100000001000000000000001000000100000010000000000000100000100001001000000010010000000000000000001001000000000100000000100000000101
0001001000100001000000000001000000000001001011000011000000000000010000000000011000000001010000000001000101000001100001010001000000010000100001000000000001010001001000001010000001000010001000000000001000010011000001000000000000000000010001100010010001
1010100000010000110011000000000000000000000000000000000000000000000010000000101110000101000010010100000000100100000000000000001000110010000100010000000000001000000000000000001011010000000000000100000000000010001000001000001010000000000101000001000010
0000000000110000000010000000001100000100000010000000000110001000000000000001000000000010011000000100000000000000000001010001010000000000001000000010000100100010101000010000000101001000000100000010000000000000100100011010000000010000100000010000000010
0010000000111000100000000001011001000100000000110000000011000000010001000000100111010000010010000010000101001100000001000001000000000010010010000001000000111000000001000000100011000000010001000000000000100000001000100000010000010100001000101000010000
0000000110000001000000000001000000000000000000100000000000001100000100110000000000011000000000000000000000000100000100001100010001000000010110000100000100000000000001000101000010000000011000000100000000000000001000000000100000000000001000000001000000
1000010000100001000100000010000000100001000100100010100000000000110000000001000010000000000010010000000100100000000001000001000000000000100100010001110100000000010000000000000000000000000110100000100000000000100000000000000010000011000000000000010010
0001000011110101100000000110001000101010110010000001000000010000100000010000000000001010000010000000001000000000000001010001000000000000000100000000101000100100000100000000011001001100000010010101000000000000000001000010000000000101001000000100000000
0110001010000000000000100000011000000100000000100011000000000010000001000000010000000000010100000010100001010010000000100010000000000001000000001000100001000010000000000000000010000010010110000000000000000000100000011011000001000001000000101000000000
0101000100000010000000000000000001000000000100000000000000010000000000000000000001001000000001001100000010000000000000100010000000011000000000000101000000100000000100100011001011010000001001000100000000001000000000000100100110000000000000110010000000
0101000000000000000000100010010000100100100000000000000001110010100000000001000101000101000010001100000001000011000000000110000011000000001110100010100000000000001000000000000000110000000000100100001000110000000000001000000000000000000000000000010000
0101000000000000100001001100110000000100010110000001011000011100000010000001100000010000000000100000001000000000010010001000000000000000110000010000010011010000001000000000000001001010010000000000000000000000000000000111000010100000010100000000000100
0000001000000010000000110001101000001000000100000000000001010000001000000010010000000101000000000011000000001000000001000000100100010100000001000000100000010000000000001000000000000100000100001001000000000010110000000001001001010100001000000001000000
1000100000000001000001010010001000000000001000000000000000000000000110000101000000100001000001000001000000000000000010011100010000100010000000100000011000011100000000000010000000001100000101000000000000000000001000011000110001000010000000100000110000
0100000000000000000010000000000000000000000000000000100100010000000100000000000000100011100001000000100100000000001001000000100001100001110010001000010011101000001101001000110000001010010000001101000000000000001000000001000001000001100101000001000000
0000000010000101011000000001000001100000001000100000100000000100000000100000101000000010101000010001000000000000010000011000001000000000101000000010000000010000010000000000000010100000100000000000001010000000000011000111000010000100000000000000000010
0000001000110000101000000000000000000000000000000000101100000000100010000100001000010000110000000000100000000000000001100000100001010100000000000011000010000000000110001001010100001000000000010000000001000000100010100010000100001000000000101000100000
0100000010000000010001010000000100000001000010000000001010100000000101001110100000001000000000011010001000000011001000000001001001000000000110100010001000010110110010000000100000000000110010000100000110000000100010000000001000000000000110011000000100
0000001010000000010000010000101000001000100110000000000000001000000000010100100000110000000000100000000000000000100100000001100100010000000000010000000000000000000010011100001000010000100000000101000010000000000001000000000010000000000000000100001000
0011000000011100010000000000000000000000100000000000000011100000010000000000000000000000000100000000000100011000011001000001000001000000001000001000001001000100001000001000010000000000011001101010000100000110100000000000010000100000100000100001001000
1000000100000000100000000000000000000110000000000000010000000001000010000000000000100001000000000010001000100000000001000010110000010100000000010000110010100001100000000010000000000000001000000000000000011000000010000010000000001001010111010001010000
0000001001101001100000000000000000100000010000000000000001000010000001000110001000010000000000000100000001100001100001011000000000010010011000011011011000000001110110011000011000100010010001000000100010000000000000000100000000000000010000000001010011
0000010000000010101000000000000000000001000010011000001000000000100010000000100000110010000000000000000001000000010010000000110000000000000000101000001000001000000000101100000100000100000000010101000100000010000000010000100000000001100000000010100010
0000011000000000100100010000000000100000000000000000100011010000100000000100000000000000001000110000000000010000010000000001000000100000010000000000000000000000110000100100000000000100000100001000000000000011001000001000000010000011000011100000000010
1000000001100001000100000000011000000100000001000000010011000000000000010110000000000000101000000000000000100101000011010110000000000000000000100001100000000000000010000000011000000000000000010000000100000000000111100110000000001000010100010010101000
0011000110000000000001010000000001001001000011000000100000000000101010001000000000010010000000000000000100000001000000000010000000001000000000000000100100000000000000100100010010010101000000010000000010011000000000000000000000000000000001000000001000
0000100100001001000001000010000100011000010000000000000001000010000000000000100101100001000000110001110110000001000000000100000001000000000100000000100001000000101000000011000000000011000000000100000000001001000000001000000100000000010000000001000100
0000100111000000001010000000010000000000000000010000001000000100100000000000001000000000010010000000000000001000100000000000000000010100001100000000010000001000010000000000010000000000100100110001000100000001000000001000010010000000000100010000100110
0101000000010010110010000000001000100001000010010000000010000000000000001010000000000000000001010000001010000100001000000000001100000010001000000100010000101100001110011000000000000010000000000000001010000001010000000000000000000000000000000000010000
1000011000000000000000010010010000110010000000010001000000000000000010110100000000000000000000000010000001000000001000000001000001101000000001100000000011100001010000000000000000000000001010000000000100001000000100000101000000000001100000100101000000
0000011100000000000000010000010000100110000000000001000000100110000000100000100000000000000000000000000100100100100001000100001100110000000001011010000010000110100001000001000010000111001000101000100001100001110000000000000010000010000000001000000110
0000010000001000101000000100011000100100001000011000000011000010100010100000000000100000000000010000000000000000000100001000010000100100010000101101001001000011010000010110000010000000000101000001000000000100001000000000010000010001001010101000000000
0000000000100000010000000000000010000000100000110001000010011100001000000010000000000000100000110000000000100010000000001000000010000000000001000001000011000001000000110000000001000100100010001000000000001001100100000000000000000000000000010000100010
0000010001000000010000000000001000110000000000000010001000000000000001000000110000100000100000000010000001010000011000000000000000000000000010100000000010000100001010001000000000001110000000010001000001100000000010000011000000001000000100100001010000
0000000000000001010010100000000011000000010000110101000011010000000100010001000001000010000010000100010000000000000000000000000000100100000111001000010001001000001000000000000100110010100000000010000000100010010100000000000010010001000000100010000000
0010000000000000100010000000000000000010010010001001010000000100000000010100001110000011000011000010000011110100010000001000010000001000000010000000000000000100100000110000011000000100010000011000000000000001000001000000000000010011000010001110000000
0011000000000101000000010100000000100000000010000100000000000000001010000000010000000000001000100010100100000010000000000000000000011001001001000001000000001100101101100101100100000000000100001001000000101010000010001100000100000000000000001000010000
0001000001000000000100000010100000000000001000000000001001010001000001000001101010100000000000000000100000010000000000000000100000000000000011100000000010000000000000000001001000010000000000000000100000100000000010000010000100000001000010000000000010
0010000000100001100010100000001000000000000001000000000000010000010000000000000000000000100000000000010000110000001011001000000000000000000000000000000011011000100001100010000000100000000010000010100000100010001000000000000000000010100000000100000001
1001100101100011000000001000100000000000010100011001000010000000011001001010001001100010100010000001000100110100100011000011000010110011000000000011000000100011100000001000100010010000000000000100000000110000000000000000000000000001000001000001101001
0100001110001000000000000010010001101000001000010101101010100000000001000000000001100000000010000100001000100000001001010000000100100001101010001100101001000000100000000000001000000000010000000000000010000000000000000000000010000000100010000000000000
0001000000000000010001000000000000000000010001000000000010000000000000000000000000000001001000000000000001000100000111000000000000110000000000000000000100000001100000010000000001001000000101000110000000000001010000000110000100000000000011000100000000
0000100000000001010000000000000000100001000000000100000000000000000000000000100000000100010000001100001010000000001010100000000001000010010110010000010000000000010000000100010000010100100010000000100000000100010010000100000000000100001000000100100000
0000010000001111000000000010000110010000000000000000000000001001000000000010100000000000000100100001000000000001000101000000000000010000100000000000000000001000000000010010000000101000000001000100010001000101001000000010000000001010100000000000100000
0000100000000000000000001100001010111000000000100001000000010000101100010100000000000000000000000000000000000000110000100000000000000010000000100000000001000000010000001010010000000000000011000001000100000000110000000000000010011000000101110101010010
1000000100011000100001000110000010100010000011100110000010010000010110001111000000000000000000000000000110000000010100011100000000100000000000000000010000000010001100010000000001000000000000000001100000000100000001001000001100100000100010010000000001
0000000000000000000000000000000000000000000000000100000001000000001000000111010000000100100100101100000100110001111000000000000000000010010110000000010001000000000100000000000000000000000000001000001000000010100100000010000000000000000000000000010000
0000001000000001000011010000011100010100000100111110000000000000000011000001010000000010000000000000000110001000000000100010100000100000001010001100000000100000000001000000110100000000001001000100000000000110000001000110000000100001011000100100000001
1000110000000011000010000000001001001000100000001000001110010111001011000100011001001000010100000000100110101110000000100000000000000000110000001100100010001100001000000000000000000000100000000000001000000000100000100111100100000000010110000011000001
1010000010000010011110100100000000100000010010000000000001000000010001000000011010100000000010000010001000100000100010000000000000000000000001000000001010010000000000000001011010000000000000101000000000000000000000000100100100000000000000011001010000
0011000100001000010100000000010001010000010000010001100000000000000101000010101100010000010000000000010100000010001000010000000010010000000000100001000000000001000010000010000001100000000000101001000001000010001000000000000110000100001100010100000000
0011101101000001100000001000000000000000011000000000000100000000000000000110000100010100000000101001000001000000000011000000001100000000000000101011000100000101000100010010000000000011000100000000001000000001000010001100000000000001001000000100000010
0000000000000010000000000011000011000100100000000000101000000100001001111000000000000001000000000100000000000001000100000100000000001000010000100000000100101000000001001100001000010000000000000000000101000000010000100010000000010000000000000000100100
0000100000001000000000000101000000100100000010000000000001001000100100010001011000000110000000001010000000110000010000000010000011000010001000000000101000000001000000000011000010100000000010001101001110100001000000000000000100010100000000000000000000
0000001100000000100011000000000010000010000000010000001011001000000000000001010000000000000010001010001000000101001010100000000100000010100100101001010010000000000000000110000010000100000001000000010000000010100000000000000100100000001001000000000001
0000011000001000000000010010001010010110000000000001010010000000000000000000010000000100000000000000000000000010001000010000100000000000000000010000001010000000010000000000000100000010000101000000000000001000010000001000000001100000000110001100000000
1101011100000000000001000000010100000000011000000000001000000000000001010001000000000000000000000000000000100000000000100010000010000011000000001001000000010100100000000000000000010000010000100010000000001000100000000000000000001000000000010011010001
0100000010000000000010000000000000000000010100010000000000011000010000010010000000000001000100000000000001000100000100010000000001010001001100010000000000000001010000000000001000000001100001000001101000010000001000000110110000000000000011000000000000
0000100000000000000001000011000000100010000000000011010000011100010101001001000100000101000011000000000010000010010000001000010000001000000000000000101010000001000000010000010000000000000000000000000000100000000110000000001010000000100100000000000000
0000000000010000100001000011000101000010000000000000000010000101000001000000000000001110010010000010010000000000000000110000000000000100011001100000010010001001100000010000001000000000000101000100100000100000000001000010010010100010001000000000011000
0001000000000000000001010000000000001000000000000010000000000000010000000000000000001110000000010000000000000100010000000010000000000000000000101110001000110000110100000000000000010000000000110000011000000100000000000001000011000000000001000000001100
0100000000100000010000000000011001000010000000000000000000000000010010000000000011010000000000101100000001010010010010000001010001000000001001000100000000000100000000000000000100010000101000000001111100000101000001000010001100000011001001000000000001
0000100000100000000000100000001000000000011010000001110110101010000000000110000000000100001000000001000000000000000000100100000100000010000000100000010010010000000000100000000000000000000000000100010000000000100001001000100001010010000001100010000000
0010101001010100000000000000101000100000100000100000000000000000100001000011110100000001000000000000000010001000100000001000000111000000001000001010000000010100000000011000100000000000000010000111000000000100100000000000010010000010000000010000010000
0100001000000000011000001001000000100000000100011000000000000000001000011000000100000000000001000000000010010000000100100101110010000001000001010100000010000001010000000011010000000100000000011000010000000000010000000000000000000000000000000100010000
1000001001000010000000000110000000000000100100010000000000000110010010001000000100010000010100010000100000001100000000010000000000000000000000001001100000000000101001000000010000101011000000000111000000000000000000000000000000000000000000001000000000
0001001100010000010100000011000000000000110010000000001000000000000000000000100000010001000001000100000000000000000101000000011001000000100000100000000010010000001000010000000000000001000110000101000000000000101010100000010000001000000000010001000011
0001000000100000000000100000000000000101001000100001011001000000000000000000000001000000011000100011100000100000100000000001010000010000000001000010000001010001010000000011110001001000000000000101010000000000000000000010100001101000100000101010011010
0000010010000000000000000010000100000011000000100000011001100000000010010000000000000000000000000000010000000000000000000100000000010000100000000000000000000010000110000000010000000001000000000000000000000000001100010010000000000010001000000000000000
0000000000000000000000000000000000000000010000000010001110000000000100010010000000001001001000000010001000000000100000001000011010000000010010000000000000000000000100000001000000011000010000001000111000001000010001100010110000000000001000000100000010
0001000000000111000001011001010100101000100000000010010100000101110000000000010000010001100000010000000010000000000000000000100000000010000010100000100100001100000000011100000010000000001001010000011000100000000000001000001100000000000001010000010000
0001110000000000000000000000001000000000000100000000101000000000100000110000000000100100001001000001001010000010000000010000000010000000100000000100001000000011000000110001100000000000001010000000000100000001000100000011000000000000000000000010100000
0000000001000001000000010011000100000000000100000010100000000000000000000000110000011110010000000000100000000010000000100111110000000110001000000010001100100010000100000010100101010000010010000100101000000000100000000000000000001010000010000000000000
0000000110100000000001001000100000000000000000001000001000000000000000000001000000000000000010000000000010011001000010000001010001001100010000101000000000010000000000010001001100000000001101000000001010000000000000010000100000100000010100000010000001
1100000000110100100000010000000000000100000000101000000000001001011000000100000010000000010001101101010010000000000011000001000000000000100000000000010110000100100001000000000000000000001000000001000101000000011000000011000010100000010010000000010000
0001000000011100000000000000000100000000000000010000000011000100000100000010000110000000000101100000000001010000000000001000000011000000000000000010001000000000011010100000000000100000011000000010000000110000000100000000000000010110101010000010010000
0100100001000010001001001000000000100100010100001000010000000000000000001000100000100100101000000000000110000000100001001000000100000100011011000000000001100001000000100000011000000010000011010010000010000000000000000000000000100000001000000100000000
0000000011100000000000000001000010000100000000000000001000000110100000000000000000001010000000001100000010100010000000000000001010100000000000000100000010000000100000000000001100001011001001000000010000000001010000000000000000010100000000011010000011
91 209
156 166
