250 250
0000000100010000100100000000100010000000011101000000100010000000100000000000010000001010100000000010010000000001101000000010001000000000000000000000100000010000010010000101000000000011000011000000000100100010000000100000110101000000000010000010100000
0110000100000001000000110100000000000000000000000010001100000000000010010000000100100000000100100100100001100001010000000000000000100000100000000000001101000001000000010100000000000000100000100001000000000011110001000000000000001100000001000001000100
0000000101001000000000000000101010000001001100000011111000000000000001000000001001001101100000100000001101000000000000110000100000001001000000010100000000101010000001000000000000000100001001000110000010000100000010000000000001000000000000000100100010
0010000001010000100010000000100011001100100101010000011010010001000100100000000001000010000000011010000100000001000000010000001000001101000101000100001000010011010010000000000000000000010100000000100000100000000101000000000010100000000000001001100000
0010100000010000000100101000110000000000000010000100000000000000010000000000010000000000000000010100000010011000000111000000000000000000000001000010010000000000100011100010000000010100000000000010001011000000100000000000100000010000000100001000000010
0010110000101001010000011010000000010000011000000000100000000000000100000000000001101000001001000000001001100000111101000001100001011110000011000001000100000000101100000000010000000000000001110000000001000001010000100000001000000000000000000011011000
0010000000000000000000001010000000100010000000000000010001000000110000000110010000100000101000000001100001000000010000000000000001000001000000101000100000000011101000010000000000000000000000000000100010100100000000000000100000010000000000000000011010
0000001000000100000001000000000001000000000000010000100010000100100000001000000100000000100000001000000000101000000000100100001110100010100100000000000000000000000100000000100000000010000001010000000000000000100110001000001010000000010000000100000001
0010000000000000000000101000001001000100100010001000000000000101100010001000010000000100001100000100010000000000000000000000001100000000000100001000000001010000110100010000000000100000000000000000000000000100010000000001000100001000000010010001010000
0000010100100000100000000000000000100000000000010100001100000010010100000010000000000110100100000000000000000000001000000000000000100000100000100000000010001000101000000100010000000100000010000000000111000101100011010010000000001010000001000001001000
0010010000001000000000100100000000000001100000000000000101000000000000000010000000000101000000100000000000000100000000000000001010010000000000111000000000000010000000000000000000000011000000000000000000100000010000000001000000000000011011000001000000
1000000000001000110010000000001011000000010000000000001000110010100001010100000000000110000001000000000000000000000000000000000000100000110000101000000010000000001001000000000000000100011001110000000000000000000000000100000000001000100000100000000000
0000100100000000011100000000000000000000010000000000110001000000000001000000000000000010110000000101100000000000000000000101010000010110000000000100000001000100000001010001000000000000000000000010000001000100100000010100010000001000110000000000000000
0000000000010000000000010100001000000000000000000010000000111001000000100000010000000000000000100100000000000010000000000000001000000000000010000000000000000010010100000000000010000010010001001101100010110000000000010000011000100000010000000100010001
0000000010000000001000100000100110001001010010000011000000100000000000101100100001001111000100000000110010000111000100000000001000000100000000000001010000000000001000000001000010100101101000001001000000100000000100000000000100101001000000000000000110
0000000000100001000101000000000000000000000101000000000000000011101110000100000000000000000001011000000000001000000000100000000000110000000000000000110001100101000000011000000100000100100000010000000010000000000000000010000100100001011000000000010010
0000000000000000000001010010000001001011001000000000011000000000000000110010000001000000100100000000000000000000000100000001101001000000110001000000000010100000101100000000100000100000010110000010000100011000000100000000010100000000000000000000011001
0100000000010000000001011101001011000010010001001000000000010000000000001000000000000000100000000100000000010000000000010000010000100000000010000000000000000100110000100100100100000000001010000001011010001101000000010000010010001100000000000000010010
0000100000001000010100000010100000101011000000100001100000000000000000000000000010000001000000000000000011000000001000000101000100011000000000000000000010001000110000000000000100010000000100000000000000000000000001000000000001000000000000110000000000
0000100100000000011000000000000000100000100000000010000000000001000001000001000000000001001000010100001010010000000000000000000000000000001000000000001000010000011000001000001010000010000001001000000010000000000000000000011000000001001000000000000000
0000100000000100000100001000010000100000000011000000100000000100000000010000010000000000000000000100000000000000000000000100001001000001000110000100000000000000000000010000101100000100010000010001000001000000010000001000100000000000000010000011000011
0101100100000000000100000100000000010000101010000000100000000011000010010010000100000000000000011000101000010000100110100100000001000001000000001010100000000001001100000000000000000000000000001000100000001011001001000010000100100111001000000000000000
0000100001010001000001001000000000000000001000000000010000100000100000001010000001100000000100010000001000000010010000000000000011010000000000000100010001010000110100000100001010101010000000000000001000000000100010100000000001100000000000000011000000
0100000000000001000000000100000000000101100000001010000000101000100110000000000100010000100110100000000000000010110100000010001000000000000000010000100000100000000100010000000010010110101000010011101000000001001100010000100010100001000000001000001010
0000000000111001000010000000001000010100100110000000100000101000100000001010010100000010001100100000000001000100000001000000010010011000000000000000000000000000000000000000001001010000100000000000000010100010000010000000000000000000010101000001100000
0010000000000000110001000000100100100010110010001000000000001000010001000000000001000000100001000000000010000100000000001010010100011010000000000010000000000000010000010000000000000110000010001001010100001010000000001000000000100000101000001101000000
0001000000011000000000000100000000000000000000011000000000011000001000000100000000010100001010100000100000000000000000110000010000010000000010000010101000000000000000000100001100000000000000001000000000001001000000010100011000001000010000000000000000
0100010000000010000100001011000010000000000010000010000000000000010000000010010010000001010000000000001010001100000000000000100000000000000000000010000001000000000110000001001000000001000100010000000001000100001010101010010000000000001000000001000010
0011010000001000000100000100000000000000001000000110000100000100000000001101000001010100000000000000000000000000100000000010000000100000100010010000000000000000000000001000001000000000000001000000001000000000000100000011010010000000001000000000000010
1000000000000100000000100010001000001000010000000000000000000000001100000001001001000000001000000000001000100100110000000100001000001010001000000000000000110000000000000010000000000100000010010010010001000000000000010000010000001100001000000000001010
0000000010000000000000000001000000101000100000000000010011010000000000000000001000010100000000000000000100000100000000010000011010000001000000000100000100000100000000000001100100000001000000001000000000010100000011010000000000100000001000000000000101
0000010000000000000000101000010000000000000100000000101000000000000111001000000000000000100000001000000000000000001000100000000001000000100001110000110000000010011000001000010000100010001101000000000000000000000101000000000100100000000001000001001000
0000000000000000000000000000000000000000000000000000000000010000010010000000000000000010000101000100000100100000000001000100000100000000000000001100010001000010100001011000000000001000001000000100000000000001001000000000000000001010000000010000000000
0001001000010100010000000011000100000000000000000010001100001000010000001010100000000010100001001000000010000000000000010000010000000000000100000100000000010000000100000000000000000011001011001000000100000100001000000100100100001000000010010010000000
0000000010001000000000001000100000000000000000000000000010000000001000011110000000000110000010100010000000100000000001000010000000000101000000000000000001001000010000000000001000010010001000000000001001001001000000000110000011100100000000000000000000
0000000100000000000000011000000000000001000000000000000000000000000000100000000000001000000101000000000000010010101000000000000001000000000000000001000100001101010000000001010000010000001001000110000000001010000000000000000000001001100101101100000000
0000001000001110001001110000100010000110000000011001010000000000000100100100000000101000001000010100010100000001000000000100000100000100010000000000010000000000001000000101011000110010000000000010000010000101010001100010100000001000000001100000000000
0000010000000000001001010010100000010000000000000000000000010010100000001110000100010010011011010001000000000000100000100001000100000000000001000011000000010000001010000010000000000001000000100000010101000100000000000010000001000000000000000110000000
0100000001000000000000000110000001010001000000010010001010100000010000010000001000000000010001000000000000000000001100000000000010010000000000100001000100000000000000001000000000100000000000011000000000001001000000000001100010000000000000001000000000
0010000000000000000110010000100000000001000101000000000000000000110000100000010000110000000000000110001001010000100000000000100000000000100000010100000000000101100010100100000000001000000000000000011000000001010000000000000001000001001001010000001000
0100000100000000001000000000000100010010101100110100000000000101110000010000001100110000000000100100010000000000100000100000111100000100010100011010000000000101000000101010010100010000010000000101000000100011011110000000000100000010000000000000100000
0000000100000000001100000000000011001000001100000000001111100010000000010000000000000100000000001000000000000100000101000100000001010100100100000110000000011000000000100001000000110001000101100000000010000000010100000000100000000000000000000000010101
0001000000000000100010010000000000010001000100000101010000000001010000000000000001011000011100000000100000000000100000010001001010111101000000000000000100000001000000000010000000000000100000010000000000000000000010000000000110000000000110000001010001
1001000000000000001000000110100000000000010100000001100000000110000000000000100000010000110001101100001010101000000001010000010000000011000000101100010001101000100000000001010000001000000100010010101000010000000000001100000000100100000000000010000000
0000000001001001000010010100000000010000000000000001110000010000001000000100000100110000000000000000000000000110000001000001000000100100001100000101000000000000000110000000000010000110100000000000000011000110001001010000000000000000000000011010000000
0100000000110000000100100101000000000101110101010000110000000010000000000100000000100000000000000000110001100100010001000000000001101110000000000001000010101010000000000100000000010000000000000000100000000000110101000010000100001100000000000000000010
1100000011000000000000000000101000000000000000000111000000000000000000000010000100000000001100010000100000001000100110000001000000000010010011000001001000000011110001010010000000000100010000000000100000100000000100010100100000010010100000000100001111
0001100110000100001100100100100000000000011001000000000100001100001001000010000000000000000010000101000101000000000000000000100100000000001000010000000010001000111000001000001000000000000000001001000000000000100000000000000000001010010010000001000000
0011001000000100000000000000001000000000000010000100000010010000000010000001011100100010000000100000100000000000010000000000010000100000000010000000000000000000000000000010001100000011000000000010100000000100100000000110000100000100000000100000010000
0000010100001000000010000000001000110000000000011010000110000001000001110010000001011000000000000010000000000000000001000001000001000000101000000010000000010000000100000000010100001000000000000000000000011010000000001100000010000000000110000000011000
0000010000000001000000011000010000000000010000000000000000100010100000010010000000001000100001000000000000001000100010000100000100000100000000100010110100010000100100001010000010011010010000000000110001000000000001000000000000000100101001100001000000
1000101000010000101000100000110000010001001000000000000010000000000000010100000000000010001000000000000000000000000000000000111000000000000000000000000100100010110001010000000000001011000000000000000100000001000000000100000000001010000000000001101001
1000000000000001000110000000110001000001001000000000000001000000000000001000000000000000000000001000000000001000001010010000000000001000100000100001000000100001000001010000001000100001000000100100001000011001000010000110000000000000000000000010010010
0010000000000000000000000000000000100000000100000100000000000000001010000000010000000000011000100100100001010001000010000100000000000001001100000010010000000000000010000010010000100000001001000000001000000000010000000001000100000101000010100000000000
0000101101000000100000000000000000101100000000000001000000010000000000000000110010000000000100000001000010000001000110000000000001010001100010000010110000000000010011001000001000001010011000000000000100000010000000000000000000000000101001000010001111
0000100100000000100000100000010010000000010100001111000100000000100100000000100100010100000001001100000000010000010000010100000000100010100000000000101100000010001000010001000001010000100000000000000000000100000000000000011000000000010101010000000000
0000100000000100000000000000000001000000000100000000000000000000000001001000000000000110000000000000000000000000011000000011000000000000001000010011011010000001000100001000000000100100000000000000001001000000110000000000101000001010000000100000100010
0000001001000000010000001000010100001000000000100000011010100000000000000000010001000000100000100100000000000000100000010100100000000000100001000101000100101000000010000001110000101100000000000110100100000010000000000000000000100000010000000000000001
0000010000000001010000001000000100110111000000000100100010000010000000000000100000011000000111100100000000000000001010010000001001000001000000000001001100000100100000000000000000000000000000100000000000000000000000101000000100000100101010000000010000
0000100000000000000000000010000000000011100000000001010100001000010000000000010000000000010000000010000000010000000000100000000001000001000000000000000000000000000100000100000110100000000000100000100100010110000000100001001100000000000100100000001000
1000000000000000000000100000000000100010000000100100001000000000000000000000000100000100000000000000010010000000000000010000110000000110000000100001001001000000010000010000100000000000000000000000010000000001000000000000000011001000000000010000000100
0000000001001010000000000010100100001000000010010000000000000000100000000100001000000001100001100000010011000000110000000000000000000000000000000000100100001001000010000100000100010000000000001001000000000010001001000000100000100000000000000000100000
0000000100000100001010000000000000011001000000000000000010001100010000000000110100001100000010000000000000000000000001100011000000100100000000000000000000010000000100000001000000000001000000000100010010000000101010000010000000000000100000000000000100
0000010110000000000100000000010000000000000000010001101000001000000010000000000001000000000000000000001010100010000000000100000000000010000111000000000011000000100000000000001100000000001000100100000100000010100001000000000100000000101000000000100100
0001000100000001000000000100001000000000000010000000001000010000100000000000000000100010000000000000000010010001001000000000110000000000000001000000010000000000000000000000000001000000100000000000001100000100000110001010100000000000100001000000000000
1000000000100101000000000011010011000110000000000000000100010001000000000000000001010000001100100100000000000000100000000000001000100000001010000000000000000010000000000100000100000001000000000000000000000000000001000010000000000000000101000000010010
0000000100010010000100000000010001000100100100100000010001000100000000000001010010000000000000000000001000000000000010000000000000110000000000000000000000000000001000000000000000000001110010000110000000101001000001000000000001000000010001011000000000
0001100000000000010000000000110000000000010000010100001001000000000000100100000001000100000000000000000000001001000000000000000000000000100000000000000000000010001000000100100100000001000110010000000000000001010110000000001000000011000001100000100000
0000000100000010100100100000000000000000010000001000100010110001001000000010010000000001000000101000000000000000000000010000000001000100000000000000001000000000001000000000100000000001000010000000000001000000000001100000000010000000000100000000000100
1010100000000010000000000010001000000000000010010000010000101000000000000000000000010000000000000010010100000000001000000000001100000000000000100101000000000000011000000000010000000000100001010000010010001000000000000000000100000000101001000000001000
0100100110000010001000000000000000000010010000100000111100000001000000001000000001010000000000100000000110000010010000000100001010000000000101000001010000100000000011000000100000000110100000000000010010101100001010000000000100000000000100000000000101
0010000001000010000000000000000001000001000100000100000000000110000010000000001010110010000000100100011100000000000001110000001000000000000000000000000010000011100000000001000101001000000000000100000000000100100000000001010100000000110000000001001001
0000110000010000000000001010100000000000001000000010010000000010000000010000000101000000000001000000000000000000000010111000000001010000000100100000000000000001100110000010000110010001000001001111000000000110000000100000000000000000000010011000000000
0000100110000000000000000000000000100000000010101101010000000000101100000000000001100000100000110000001100001000000011000000000000100000000000000000000000000000000000000000000001001001000000000000000100010000000000010001001000000000100000010000000100
1000000100000000000000000001000010000000100010101000011000001010000000000000000000000000011000100000000100000011000000011000000010000000000000000011010000000000100010001010000010101100011001010000000010000100100000000010100000000100110000000000000000
0000000000000110010000000001000000000101000010000101000000000000110000000000000001000011000000000000100000001000000000000011000000010000010000000000001000000000000000000100000000000000000000000010000000000000100111001000000000000000000000000000000100
0000010000000000000001010010000000000000000000000000100000000000101000001001000000000010000000000000000000000000000001100110000001000010001110010000000000001000000000000000100000000000100001000000000000000000101101000101000000010000010010000000011010
1100110000100000000010100000000100000010000000000000000000000010010000000100100110100000001001000010000000000000100011001000010100000100010100000000100000001000000000010000000011010000000010010000110000100001000100000110000001000100000001100001100001
1000000000000110010000010100000001000001000000000100000000000000000000000000001000000000000000001000000010001000010000000000010000010011000010000000000000000001000110000000010010000000101001001000000001010100100010000100001000001000000010000100110000
0000000000000000000000001000010000000000000000111000010000100000000001000000001001000000000000000010010000001001000000000000100000000000010111101000000000001100000000000000000000000000000001000000100101000000000000100000000010000000000000000000000010
0000000010010100000010000000100000000000000000100010000001000000000000010100000000000000000000010000000000100000000000000000011000000000001000000001000100000000001001000000000000100000000000010000001010000000001100000000000100000010001000000000100010
1111000000000101100000100000000000010000000000000000001000000000000100100000100000011010100000000000000010001000001100000000010010010000000000010000000100010000000000000110001010100100110000000100010000100000000000000000000000000000000110100000101100
0001000010000000000000001000000010100000000010010100000100100010000010100000010000000010000000010000001000000000000010001100001000000000000010001110000000100000010110001101010010010000010110010000001001000000000000000000010000011000110010000000000100
0000001000000000000010000100001000010000000110010000100001001001000110100100000001000000000000000000110000100100000000110000000100100010000001010001100000000000010000000000000000000000010000000000000000010000000000100000000000001000000000000000000001
0101000000100011010100000001000000000000010000000000011000000110010000001000000010000010011000000000001000000000000111000001001000001010000010000001000010000000000000001010000100000100000010000000000000001000010000001000100000000100100000001000010100
0000100000010001100000000000000000000001000000010001000000100000001000001000011001000000000000001000000010010000000000001000000100100010001001000000000000000000000000010000100000000010010100100001100001100001000010000000010001000000001000100000100000
0010000010000000010000001000000000010001000010010001100000000000000100100011000010001000100000000000001010100000011000000000000000010000000000000000000010100100000000000000000011000000000011000000000000000100100100000010000101100101000001000000000001
0000000000000000000010000010100000101001000010010001000001100000000010000100000000010000000000010000000000000000001000010001000010000000000000100000000101000010000000100000000000000000000100000000001000000000000100000000100000000100000000010100000001
0000000000100000100000000000000010000000000000000000100000000000000000010000100001000010000010000010000001001000010000010000000000110100000000000001000000000011010000110000000000000010001011000011000110010000000000010000001000100010010000100000100100
0001010000100000000010010000000000000001000100100010000000001000000000000000100000100000000010000001001000000000000000000000000000010000100000100000000000001000001001010000000000000100000010000100010011001100101010011000000000000100000010000000000001
0000011000000100010000100000000010000010100101000010001011000000000100001000010000001000000000000000000001000010000000010000000000000000000000100000000010000000001010101000000000010100001000000000000000000000000000000000000010100000101000000000000100
0000010000000100000000000000100000000010111000000000000000000000000000010000000110010000000100000000001100100100000000010001000000000001100000000000000010000000000000010000001100100100000100000000010000110010001000001000000000000001010000000000000000
0000000000000000101000000000001000000100000000000000001010100000000101000001010001000000000000000000000100000110000000110000000100001000000000000000010010000011000000011000000000000000001001000000000001000010000001100010000010000100000000100000010100
1000001000000000000010100000001000000001010000000000000110001000000000010000000000010000000000000000001000100100000100100000001000010000000010000000000001000010000001110000000011000000010000000000000000110000010000100000000000100010010110000100000000
0001000000101000000001010001011000101000100010000000000100000000001110100100000000110110000000101000000000000000000000000001000001000100000100000000000010000000000000110000000000000100000110000110100000011110010111000000000010000010000010000000000000
0100000010001000001100000110000100000101010000000000001011000100100000000010100110000000000000000100000100000010010001101000000000000000010000000101000001101010001000011010010000000000100000010101000010010001000000010000010000100000110000000100000000
0000001000100000000001000000001000000000010000100000001000010000000000000000000000000000010001001000110100000001000100001000000000000000000000001010100000010000000110010000000000011000101010000000000001000000000000100000001001000000000001000000000000
0001000000100001000000000100001101000100000000010001000001001000000000100000000000000100001000000010010000000000000001111100100000000000011110110000000010001100000100000001000000000001100000100001000000101000000001100011001111100000001001001000001000
0011000100100000000001001000010110010100000100011100000000000000000000000010101000000000001010010000000000000000000001001000000000100000000000100001001010000001000000100000001000010000000110000011001101000000000000000000000000000010100000000000000001
0001000000100000110000000100000000000000000000000001010000000000000011000000101000101010000000000000000000010000000000100000000110101000011000100000010000000000000010000000000110000100010010000001110100010000010000010000100101000010000001011010010001
1000010000010000010000000010000000000000010001000000000000100010000000000110000000000100000010100000000001100000001000000000000000000010100010000100000000000000001110011000000000000000110000000000010100000000011000000100000010000000000100010000100000
1000000000000010000100100011000001001000100000000000000000000100100001010100000000000000000000000001000100001010100000000100100000010000000001010100010000000100011100000011000000000101000000010000000100001000011010000010000110111000000000010001000100
0001000010000000000110000010100001010000101000000000000000000100000000000000010000000000000100100000000100000100100000000000100100000000000000000100000000000000000100000010000000010000000010001100000000001000000001100010000010100001110010101100000010
0000100100010000000000000001000000000000000000000011000001100000000001000000010100110000110010010000000000000000000000000000010000010000000001010100100100001000010000100010100000010000000100000000000000000000000010000101000101100000100100001000010000
0000010001000011000000101000000010000000011000000000000000100001000000010101000000100000000110000000001010000000000010010100000000000000000000000000100000000000100000000000000001000000000101101000000000000110100000000000100000000000000011000010000100
0100010000001000000000001010000000000001101000001010000100011100011000000000100000000100110100001000000000000000000010000100000101011000000000000000100000000000000000101000111000000100001010000000010000010000000100010110001000000010000000000011000010
0001000100000010000000000000001000001001001000110000000000000010000010000000001010100101000001001000000001001010001101100000000001000000010000010001100000010000000010000010000100000110100011000010000000000000010000110100001010001000000000000011110000
1000010100010000011000001010010000000100000000100000010000000000100000010000000000000101100011000010011100010000100000010000000001000000011000000010000100000100100000010010000010001000111010000000000001000000000000010000011000000000010000000000000100
0011010000010000000000010100010010000000100011010000110001000000101000000100000000100001000000010000001000000000000100000000000000000010010001100010000000010000000011000010000100001100000010000000000010000110000000010010000010000110000100000010000010
0110001000001001010000010000000010100110000100001100100000010000000000000000000000000010000000100100001010010000100000000101000100000000100000010101001010000001000000000000010000000000010000000110101100000000011000001101001100000001010000001000000000
0000010101000000000000000000000000100001000010011001000000000000000000000000000000101111000000010000000000001000010110000100000010000001100000010000101000100000000010001000001000000000000000000000100001010000100000001100001001000000000010000010000010
1010001000001000001000001000000000000100000000000100000100000000000010000000010001000110000001010000001000000000000000100000000000000000010001000000000000000000100011000010001000000100001000000010000010000000000000001100010010010000000000000000010010
1010011000001000000000000000100010100000000000000000101100000000010001001001000001000000000000000000100001010100011001100000000000000000000000010100100001100000010000100000000100001100100000100001000000000000110000010100000000000010000000101010000100
0000000000000010000000000000010000001010000100000000010000100010000000001100001000000110011000010010000000010000000010010010101001010000000100010000001000010100100111000010001000000100000000000100000000000000000000000000000000110000010010000000000000
0000010000000000011100100000100001010100000000000000100000000000000000001000100000001001001000000011101000000000000010000000010000100011100000000100001100000001000001010000000100100000000001001100010000010000000000001001000001000000000001000000000010
1000000001000000001100000011101001001000000010000000000000000000000000000100000000000000000000010000010000000010000000000000000000001000101100100001001000001001010000010000000100010000000000100000001000000000010000101000000000000000101001110001000010
0010100000000001000000000000000010001101000000000000000000000000000100010000000000010000000100001000100000000001001001000001001000000001000010000000000100010010000010000000000100000010000000000100000101000000010010000000000000001000001010100000000000
0000000000101000000000000000000000001000001001110100001100100110110010001010010000001000100001001101000000001100000000000000101000100000000001010100000000001010000000000100100000010000000000000101000000000001100000010100010000110001000000001000000000
0000100010000001001110000000000010000000000000000010000000000100000000000000001001010000000000001000000000000000001000000100000000000001100000010100000000000000001000000000000000000010010000000010100001000000100101000000000010000100000000100000000000
1000100001000011000111010000000000000000000000100010100000010010001100011000111100000000000000000100001100100100000000001001001100000011001000000011000110000000000001000000100000000000000001000000100000000000000000100000000101000000000000001001000001
0011001100000100000000001000001001000000000100000000010000010001000100000000010000001000000000000100001000000000000000000000000110000000100000010010110001100000000100100001000000000000000100000011010100000010010110000000101000010000000010000000000000
1000000010010001000010000001001001000010000101010000000000100110000000010001010001100100000101000000000000000000000010010000100000000000000000000001000000001000001100000000000100000000001000000100001000000000010100111001000010100000100000000010000000
0000011000000000000010001100100000000000100000000000001100000001000000000000001000000010010100000100000001100000000000000000100001000000000000000000000000000000000000001000100000000000100000000000000000100000000000000000000100001000100000000000010001
0000000000010010010001001000010000001000000001000010000001010000000000000000000000000000000000010000000100100000100000000000000000001000000000000000000001000001000000000010010101010000000000001000010000000000000000000001001000100010000101001000000000
0101000000010011000000000000000000010000001101001000000000001001000100100101100010110000001000000000100000000000001100001001000001101100000000101000000101000000000000000100000000000000010000010001000100000101100000000000000100000000001001000010100000
1000010000000101000000000010010000000000100000010000001010000000100110010000001100001010000000001000000000010010000001000010000000000010101000000010000010000000000000100000100000000000000010001100000000000000001000001100000010000001001100001010000010
0010010000000000010000000000010001000001000000100100000101011001000000001000000001000000011010000001000001000000000000000010100000000000000100101101001001011000000100110100000000000011001110000100000010000000000000000001000101000000000000100001000000
0000000000000000000000010110001100010000000000100000000000000000010000000010000000000000010001000000000100001000001001000000001000000100000000000000000000000000000011000000001001000100000010000010000001000000000100100001011000000000000100010000000000
0010000000000000000000000010100110001001110000000000100000001000000000011010000000100000100000000100101000000100000101000110001000000001001100010000000001010000000000000001000000000000000110010001101000000100000100010001001100101001000001000000000000
1000010001000000000000000000010000001000001000100000010000100000000000000000000000000000101011001000010010000001010000001000101000000000000000100000001000000010100101000000000000100000000000001000010010010000001100000011000010010001000001101100001110
0000110100011001000100100000101000000000000010100000000000000001000110010010000000010000011000100000000000001000000100010000000000001001000000101001000100100011000100010110010000000010100000011000000001000000011101001000000000000010100100000000000000
0000000011000010000000000000000000000000000110000000000000001000000011000000000000000000000001000000000000000010000000010000000000000001001000000000110000000000000001000000000100001000110000001001000010001111010001000010000000100110110001001100000010
1100000000000000000000010010000100000000010001000000000000000000000000100000000000000000010100001000000000000000000000000000000000000000000000001000000100000101000101000011000000000000001000010000000000000100010101000010000011000010010010000000000000
1000000100000100001001001000000000000000000000001011000000000011100000100000000000100010001000000000000000000000100000010000010000000000000000100000000010010010000000000000000000000000010000000010000000000110100100000000010000000111111000000100001000
0100000000100010000000000010000000001000110000000000000000000100010000101000010000000000010100001000000011010000000100000001000010000000000000001000000000000000001000000000000000110100011001000000000000000101000100000100000001000010000000000001000100
0001000000000100000001000101000000010000000000001000000000000000100100010000001100010000000011100000100000001000000000000000100000000000000100100010000000010100010000001000000000011000000010000010100000000001001100001000100000000100011000000001010101
0000100000000001010000000000111001001000000000010000000000001000101000000000010010000000000000110000000000000000010001100000001001010000000000000000001000000010000000000100000000000001000011000001100000001001000010000100000000000000000001000100000100
0000010010000100000000000001000000001000001010101000000000001000100000100000001000010100000000010000010000010000000000100000000000000001000100000010000000000000000001000000000000101000000100101000000000000000100000010000100000000000000001011100010000
0000000000101010011000001000011000000010010000000010000010100000000000000110000010100000010010000000000100001000000101100000000111010001000000000000000010100000000000100001000000000000000000010000000000010000010100000000000100000000100101000000000000
0100100000001000000100000000001000000000000000101000000000001000100000001010000010000000000000000000000010000000010011000000010110001000000000000100100100001000000000000010000000000000100010011000000000010010011000000001010000011000010000010000001000
1000000000001000100000010000000000000000000010000000001000001100000000000000010000100010000000000011100010000000000000000000011000100011000001010000000100000100000000000000001001000000100010000000000000001001000000001010100000000010000110000000000000
0000000010000000000000101001000100010101100000000000001000100000001000000000101000011001010000000101010000100000000001000001001100000000110010000001000010100000001000000001100010010100000110000000000000100000000000000010100000000000101100000100101100
0110000001100000100100001000100000000000000001000001000010010000001001010000010000010000010110000010001010001000000000000001100001111010001011001101000000011000001100000000000010000001010000011000010001000100010010100100100000011000100001010000110010
0100101000001000001000000000000100000000010000000001000000000101000101000000110000001000100100000011000100000000110000000000000110000101000001010000000000000000000000000001000000000101000000000110000101100000100010110000100010000000100000000000000000
0000000100000000010100000000001000000101000001001010000000000010000010001000000000000000000000000010000000110000000000000100000100100000000010010000001100000000000101000010000100001000010111001010000000000000000110100100000000000000000000110100001010
0000000100000010000000010000000000000110100000000000100100010000101100000000100100000000010001000000000000010000000000000000000000000000000110100000100110001000000000000000000100001010000000100100000100101000000000000000000000010101010000000000000000
0110000000000010100000000000000000101000000100010000100000101000000000000100000000111010000010010100000010000100001101000100001001000001000000000010000000010000000010000100000110000110001010000000000101001000000111001000001000001010110100010010110000
0000000000010000000000000000010001000100000100000100000000110000000000011000000000000000000000100000100001000000000101000000001100000000010000000000000110001000000001000000000000110100000000000100010010000000001001000000000001000000000000010000101000
0000000000000100000000000000000000011000001011000011001101100010000000000100000010000000000001000000000100000010001000000000100000000000100100000000100110000000000000001110110001101000100000100000011100100000001000000100100001001000000100000000010000
1001001000001100000010100010100000011001000000001000010001000000010100010000000000001000010000100000110010110000000000000110001000111010001010000000011001001000010000100100110000001010100000000000000000000001000000100001000000000000100110000001100000
1000001000000010010101010011000010000000000000000000100000000000000000000101001000000001010000000001001000001100010010000100001000011000000000000000100100000000000000001000000000000010000001000011010010000010000000100000000000000010000100100000000000
0000000001000000010001000000000001010000010000000000000000001001000000001000011000000010001001100010000010000001000000100001100000001000000110110010100000000001010000111000000011000000000010000001000010100000000000001000000001000000000000000001000001
0000000000001100000000000000000000000000000000011110000000100110000000000000001000100000000011000000010000000000000001111010000000100100101000000000001000000100100100001000000011011100001010000000000000001000000000000001000100010000000010000000000000
0000000001000000000000000010010011110001000010000100010000100000001000000000000010000100000000000000000010000000100000000010000000000000010100000000001100010000000001000000000000010000010101100101001001000100001100010000000001000000100000000000100010
0000000011000000010000000000000100000000000000001000100100000000010000000110100000111001001010000000100010000110000000000000100010000100100001001011001000100000000000001000000001001000000100101100000000000010100010001000001001010001000000000000001000
0100100000000000011100000000000001001000100000000000000000010101100100000010000000000000000001000000100100000001000010000000100100000000000000000000000000000000011000000000000000001001000000000110000000100000001000001000011110000011000001001100010000
1000001010000011000000000010000101000000000000000000000000000000001000110000000001001000000000001000100000000000000000100100000000000000000000001000000001000000100101110000000000000000000000000000000100100000100000001000000100101000000001000000100000
0010000100000000000000000000000000000101010000000000010000000000110001001000100000000110000000000000110000101000000000001000010000001000000000100000000000001000100000000010000000100000000000110001011110000000000100000000000000000100000000000000000000
1000000100000000000001000000001010000000000001100000000000000000000110000000010101011000000000000001001000000000101110001000000100010001000001000000100000000010010100000100000000000101010010000000000000011001100000000010000100000001000000000000100011
1000010000000110001000000010010010000000000000000110000000110000000000000000110000010010100100100000000000000000000001010000000110000000100000110000000000000000000000100000000000000101010100010000000000000000000000000000100000000110000000000000000000
0001000110000010000000001010001000000001010000001000010010010000001000000100000000000100010000000000001000000000000010010100000000000001001000000000100001100000000010000001000000010000010000000000000001100000000001101000000000110100000000000000010100
0001000110000100000001001000101000000000000000000000000000100000100010000000100100001010000000001000110000001010001011000000001000000010000000000000000000010000100100100000010001001000000010000000000100011010000000010000000000000000010011100000010100
0000000000000000000000100000000010000000000100000001100000000010100100000000000000000000000100000000000100000100010001000000001001000000000001000000010010000000010000000000000000100010010100000000000000100000000000000001001000000100100010100010000000
0100001000100010000000001011000000000100101000100000101101000100100000001000000000110000000000000000010100001000000010100000000000000000110000000000100010010000000000001001000010000000000110000000000000001100000000101010000000100000000000000000000000
1000000000000000000010000000100000000000000000010000000000010000000000000000000000100000000000010010100000001010010001010000000000011000000100100010000100000000000110000000001000101000000010000000000010010010001000010000001111000000110110000001000000
0000000000000000010000000001001000000001111000100000000010010000000010000000100100000000011000000000000000000010000100000100100100000000000000010000000000000100000000000000000001010010000100000001100000000000100000101000000010000100000000010000000001
0101100000110011001000010000000000000001000000101000100000000000010000001000101001000000000000000010001000001000001000001000010000000000000001000000000000000100000000000000000000000001000000100000100001000011000000000000000000000000000100010000000000
0000000000010010100010000110100000110000011011101000011000000000010000000000000000000010000110000000000000000000010000000100010000000000000100000000001100000010100000000000010000000001001101000000000100000100010110001010100100000100100000000100000101
0100001000101000000011000000000000000000000001000000100001000000001000101000000100000001000000100001000000010111000000000000000001100100100000000000000001001000010010000101000000000100100000000000000000000100000000000000010000000000000010001000000001
0010000000000000100100000011000000010000001000000000000111001000100000100000001110000010010001000000011000000010000000000100100000000100001010000100000000010001000000000000100001000001100000010001001000001100000000000000001000010000001000100000000000
0000100001000111100010000010000000000000101000010000000000100000000000010000001000001100001011000001000000000100000000000000001000001000000100000100000010000010001000000000001000000000000010000000100000001010000110010000000000000000001000100000000000
0001011000001100001101100001000000000000011000100100000010000000000000000000000000000100010010101001000000110000000000000100100000000000000000010000000000010000010000001001000000000000100000000100000000001100001000000000100011100000000000100000001000
0001000000000001100001001001000000000001000000100000100000001000000001010010000000010000000101000100000000001000000000000001000000100000100000010000000000000000000000001000000001100001000001000001000000000000001001000100000000101011001100000000001000
0010000000110000101000001000000100000000001000000000001000000000010001000000000000000000000100000000010000000101000100100000101000100001001101000000000000000101000010000000000100000010001000001010000000010000000000001000010000100010110000000000001000
0000000001010010010100000000000100010010101000000101001000000100001100000101010000000000000000000000000000000000000000010000010000000000000000000100000001000000000001110010000101100000100000000000010001000000000010000010000000000000011000000000100001
1100011000000000110000000000010000011100000000000000000010000010010000001000010001000001010100010000001000010010000000100000101010110100000000000100110010000100000010100001000100001000100100000011001011001100001000000000000000000100000000000000100000
0000101000100100000110100100010000000010000000000000111010000000000000010010010000100000000000000001000100100001000001010000000001100000001100100010000100000000100000110001000001000001000000100001000000000001000000000000010100001000101000000000000000
0000001000000000000100000100000000000010010000100001000001001110000000100001000001100000000010101010000000000001110000000000010010000000000000010000010000000000000000101000000101111000000000010110010010101000001010001000000100101000000001010000010001
1001000110000000000000101001000011100000000000010000011000001100000000011000100000100000100000000100001000000100000001001100000001100010100000000001010000001100000000110000011100100010000000100100000000100000000000000000000000100100100000001000000000
0000010101100000100001000000000010001101000100100000000100000000010000000010001000000100000000000010011010000100000000000000000100011000000000000100010000000001000000000011001010000000000000110110010001010101000000100000000010001000010010000100100100
0000000001001000000000010000000100000010000100000101000010100000100000001000000000000000000000010000000010000001000000000010101000100000011001010000000000000000100010000000000000000000010010001100111000000100000000010011000001100000000000111000001000
0010011000100000100011010010100000010010101000011111110000011011000000001000000000000000000000000000100010010010111010010100000000000001000010000000100000010000100000000100000001000000000000100100100000000010000000000011000000000000000100000001000000
0010100001000000000000000000001001001000000010000000010001100100000001000010000000000010000001001000000000001001101000001000100100010000000000000011000010100010000011001000010000000100010000000000000100001000001000001000001100000010000000001000001010
0000010000100010000010100000001000001000000010010001000000100000000010000000110000000000000000000000000100011000000001001110001010001000010001010000000000010000000000010000000001000000000000000001000001000101000000110101100000000000001001000000101000
0000000110000110000000000000010000000010000000000001010000000010000000000000000000011001100100100000010000000001100100100000000001000000000000000010000100000000110000000000000000000000000110100000010011010000100100010001001100100101000011010000000100
1000101000000010000100000000001100010000000000001100000000000000100001000001000100000000000100000000000010000000101011010000000001000010010001000000001100000000000100100000000100010001100000000100011000001000010000000001010001011000100000010000001001
1000010000000000000000001011010000000000000000000010000010100100000000100001000100000001000001000000110000000000010100000000100000000000000001011001101100000000000000101000010000000100000000000000000000100001000000000001000000011000000000000000000000
0000100100010000001010000100010011000000000000000001010000101101000100010000000000001000110010000000010000000100010001000100010000100100010000100001000010001010100000000010010100000000000100000000110010010010000010010001000000010000011000011100000000
1000001000000001110000000000000100000000000100100000001100100100100000000000000000000000101000001000000000110010000000000000100001000000000000000100100100000000000000000000000011000100000010100000000010101100011000100010000110010000010011001000000001
0000000001000001011000000000000000000001000000000010000010110000100000010001100000010000000000000001010100000000010001000000000010000000101000000101000000000000000100000101000000000010000001000100000000100000100000000001000000010010000000000100010000
1000000000100101100100100001001000000000000001000000000100100000001000000011100000100001000000100000100000100000001010000011000000001010001011000000000110000001010000010000001100101000010000000100000000010000000000100001000000000000011110000100000000
0000001000000000000000000100000011000100100000100000000000010010000100000001000100000000000001000000010000010000100001000100000001000000000000000000001000000101000000100000000001000000000000000000001000000100000000010000100010000010010010000000000000
0000010011000000000000100100000010000000000001000000000000100000111100000100000010101001000000010001000000000000010100000000101000011000110000000011100001000000000001000000000000000000010001001100010000000000000010110101000000010010000100000000010000
0100000000000010100000100000000101010011000000010101001010001000000010000000000100100000001001000010101000011001010000001000010001001010100000010100000000000010000110000100101000010010000000000000000010010000000011000000010000000000001000010000000100
1000000010100000000000000010110000010000000000000000000000000010101000000011010000010010000000001101100000000000000010000010011000000000000000000000000001000000000110000000000000000000000110001101000000000100000010000000000000001000000000010001000001
0010000000100110000100100100001000000100000000100000000000000001000000010010010000000100010000000001100100010010110000000000111010101000000000000000000000001000000000000010000000000000001000100000100000000000000000000000001010000000001100000100000010
1100000000000000000000000010000000010100010000000001010000000010000000000001000000000100000000011000100100000001100000010000100000000001000000000000110000000010000000000000000000000000000100100000001000010000001000001000101000000100000001000000000110
0001001011010010001000000100010001100000000001000000001010000000001000000010000000000010000000010000000000001100011010001000000000010000110110010100001001000011000001000000000010111000000000000011010000011000000001000101000000110000000001001000000000
0010010011000010100000000010100010000000100100010000010001011000000010001000000001000000110000000011000000010000000000000000100100010011000000010100000001000000111010000100000001000000000000100000000100100000100000000001000010000000000000000000000001
0011010111011010001000000110000100001000000001000000000000000000001000000001000100000000000000100000001000001000100110000000100000000100001000000010001010010100101000000100000000001010000000011000001000000101000000000000010000000100100010010000001100
0000000010101000001000100100001010000000000000110001000000000101001000000011000100100010000000000000010000010001000010000010000000000010000010010000011100000000000101000000000000001000100001000000001010010101000000100000000001000000000100110100000000
0010000000000010000001000000010000001000000010000000000000000000010010001010000100000000000010100001000000000110000010000100010000010000000110000000000011101010000000100000001011010000000000101000000000000000100100000000000000001000100000100101010000
0000000000000000001000000000000001010000001000010000000101100000100100000000100010100010000000000000100000000101000100100010000001100000000100000000101100010000000001001000000000010010110000000000000000010100000010000100110001000001000100000001100010
0100000000000100000000000000000000010000010101000100001100000000000000100010011001000100000001000001000000100000000101000001100000000001101101000000000100000000000000000000001000000000000001000000000000000000000010101000100000100000000100010000011001
0010010100000000000000100000000000000000000000000000000000000010000001000000000000010000001000000000000000000001000000000101001000000000001001000000100000100100000000000100101000000000000110110000000000000000000100000011000000101000011001000100000000
0110000000000000000000000000011001000001000000000100000000000001000001000000000010000000010000010000000000001110000000000001000010000001100000000010010001000101000000000000000000000001000000000000000000000010010001000000000010100010000000100001000000
0000000000000100000001100100000000000000000000000000000000000000100011000000100010011001000000000000000000110000010100001101010000011000000100000100000100000000000100001001010000100100110100000000000001000000000000000000000000000001001100000000000010
1000100000000000000001001100000000000011110000000000000000000000000001000000000001000010000000000000000000000000000000000010000000000010000000000001001010001010010000000101000001010100001000100000100001000100000001000100001001000010000000000100001000
0001000000000000100000000010000000000001111010100101000101000011100000001000000000000000000000010000010100000000000100100100110000010101000000000010000011010010010010000000000100000000000000010000101000000000010000000000001000010000000000000000110000
0001000000001000000100100110100000000000100000010010000000000000000001100000000000000000000010001000000110000000010000000010001000000001100000000000000000010000000000000001010000000100000000000000000000000011000010000100001110000001000000000100100001
0100001011000000001010001100000000101001000000000000000100001110000001110001100000000101010000000100001001000000000000000101000000000000000000000110001100000000100000001000100001010100000000001010000000000011010100000100000001010010001000011000001010
1000000000001101010010000000000100000001010100000000000010010100000000000000101000001000000000000000000001000000100000000000001001100000000000010100000000000010000000010000000000000110000000100100000001000000110100001000000000101000010000001000000000
0000001100000100000001100000100001010000100110000100110000001100011010000000000010000000100000000000010000100100000010010000101000011000000000000100000001000010000000010000010000000000000010000000000000001000000000010000000000001000000010000100001000
0100000110000000000000000101000000000000000000000010001000000000110010001000111000101001100000010000100000001000001000000001010000000010100000000100001010001000001001000010001000001100000011101000010010000000011000000000010001000000000000000100000000
0000000100100010101010010000000000000000000000100000100100000010000000000000010000010001001000010000100000000110010000100000000000000001001000100000000000011000100001111001001100010000000110010000000100010000010000000010001010000100101000000000000000
0000000011000000000000010000000000000000000000000100000010010000000000000000100010100100000011000000000011110011000011000000000000000000000000001000000000000000001000000000110100001010001000000001000000100000000010010000010000010001011000011000000101
0010001110000001011000001010001000000010011001000000000001001000000101000000010000000000000000000000110000001000000000000010000000000000000000010000000010000100000000000000000100000001010000000000000000100001000100000011000000000000001000001000000000
0110001010001001000110011000110100000001000100000001100000000010010000000000000000000000000100100000110000000000001000000000000000000001001000000100100000100000000000001101010000000000000000001000000000000001000100100010010000000000000100001000011101
1000000110000000000010100000000000010010010001000000000000000000000001000000000000001000000000100011000000001000010000000101000001000000000000000010000000000010000000000000100001100110000100000100000000000000100000000100001000010111000000000001010010
1000100010000000000000001000000000001000000000000101101000000000000000001000000000000000000000100001000010010011010100001000000010001010100000000000010000000001000010000000010001000001000000100100000000100001000000110000000000010000000000000000000001
1000000110000010010101110001010000000000000010011010011000000000000001000100000101000010000000000000001000010000001000000000001000000010100001110000000000000000000000000100100000000000010000101000100000000000100000000101000011100000000000101011000001
0100000000000000100101000000000000000000000001000000000000000001000000010000000001100000000001100001001000000000001000000011000100000001000010000100100000010000010000000011000010000000001100000010110000000000000000000010000000100000000000000100000100
0000000000110000000110000000000000000000000010011000010000010000001000001000000000000000001000000000100000000000000000000010000000010000000000000000010010000000000000000000000000001110000100000000000010011000000001000001010100000000000000000001000000
0000010000000100000000000000000001000000000001000000000000010010000100000110001000000100000000000010100010000000000000000000010000000000010000001000000000100100000001000001000000001000101000000000000100001000000000001001010000000001000100000000000000
0000000010100100001000101000000001011101000010000111001110000000001000110000000001000000000011000010010010010100000001100010000000001001000100000001010000000100010000001010110000100000000000100000000000100000000001000010000000000000111000010001010111
0000001000000000000100000000010110000100000000000010000010100100000010010000000010000000000010001000000000110010000000110010000001000000000000001100000000000000010000100110010011001000000110100000000000100100100000000100000000001000000001101000000001
1010010000100100000001000010001000000000000010000010001001000000010000110000001001000000110000000000001000000000000100100000000000000100100100000010010100010001000100000001000001000001000000001000000000000000000000100000000001000000100000000000000000
0100000000110000111000100100001100100000000001000000000011010000000000001000000000100000000000001101000001001101000001000111000101000100000000100000000010000101000000100010011000001001000001000110000000000000000000000001000000000000000000101100110001
0000001000001100000000000000000000001000000000010100000001000001000011000000101100100000010000000000100001000000000000000100010010100010000000000000000001000000000000011000100100000110100000010000000011000000101000001000100000000000000100000011000000
0000100111110000000000000000010000000100000000000110100000010000110000000000000000000110000000010000100000000100001000000100001101000010000000000000001000100100000000111000000100000010000000010101000000000010010000010001000000100001001001011000000101
1000000010000000000101000010000001100110100100011000000000000000000000000000000000100000000100100110000001000000000000000100010000000000000000010000100000000000100000010000000000000001000100000001000000000001000111000000010000000000001001010000000010
0000000000000001000001000011010000000000000000000001000001000100001000000010000000010000000001000000000000100001000000010000000010001010110001000000001100001000000101010000000100100100000001000010000100000000000001000000110100000000110000000100000011
0000000001100011001000000000000100010001011000010000000000000000010000000000010001000000010000001000000001000000000000010000100000010000001000000000000000000101010100000100110000000000000000001000010110000000111000010010000010100000000000000000000000
0101000101010101000100000000000001000000101000100101000010000001000000000110000010000000010001000000101100100001100011001000001100000000000010000000001100001000000000000000001001000000000010000000000110000010100000010000100001010000010011000000001000
0001001000001100000000011001000000000000100010000010000000000010000001001000011010000100001000001000001000000100100010011000000000000000010000001000010010000000000100000000010000001010000000100010000000001011010000000100100010000110010000000000101010
0010000000100101011001000000000000000000000000001010100100000100000000000000000000000000000010000000000000000000101000000100000000010000110001100000000000000001000010000000000100000000000000000000000000001000010010000000000000000001000010010001000000
0010000000100000111100001011001100000000000100100000000110000000000100001000001000001000001000000000000000111001010000001000001010000000000000010000001100000000100001010010001010000001100100000000000110000000000000001001000010000100000000100100010000
1100000000001011100000000001000000000000000110000000001000100000000100010000000000010000000010000011100000100000011100000000001000000100001000000010011000001000001000100010100000000000000000010000000000101000000000100000110011000000000000000000000000
0010000001000000110000001010000000011110011010010000000001000010101000000010000000000000001000100001000000000001000000000001110000010001100011000010000100000010000000000000000000000010110001001001000000010100000110010000001000000000011010001000000000
0000000000000000100000000100010000100000000000000000000010001100000000000111000000000000010000000010011001000101100000000010000000000000100001000000000000100010100000010100001001101000000100100101100100001000000000000000000001000000100101000000000000
0000000001001010001000000000010000001000000000010000010100000000010000000010000110000100000000001100000100000111001000000000000010001001000100100000001010101000000000010000000011101001000000000000100000000000100000000010000100000010011011001001100010
1000000000000101010000000000100000000000000010001000000000010000010001110000000000000000100001000000000000110000100000011001000100000000000011000010000010000100001000000000000000010010000100001010110000100001000000100000000000100000100000000000000101
0000101000000100000000000000100011000000010010011000000010100001100000000000000000000101000000010100100010000000000010010010000000100000001000000000000000001000000000000000000010000000000000100000001000010001000000001100100000000000000100000000000000
0001000001001000000000000100000100110101000000000011100000000111010000001000000000000000010101100000000000000000101000010000000000000000001000100111010000011000101001010000010001000100010100000001000000110010100010000010000001111000100000000010001000
0000010000000010000101000000000001000000000010100000000000000000000000001001000100000001000000000000101001000001010000011000000001001001100000000000000000000101000000000100000000000000000000001010100000010001000000100000000000001010010000000011000100
0000010011001011010011000000100000000000001000000010100000000010000000000010000000001000000000010000000110000000000000000000001000000000000000000000000000001001000000000001000001000000000000000000000010000000000000000010000101010100000000000110000000
0000000000011100100000100000110000000000010000000000010000001101010001001001010100100100000001111000000010000000100000001010000010010100001010000010000000000000100100000000101011100000001001100000100001000100001100000001110000101100000000100000000000
0110001001000000110001000000100000000000000000000010000001000010110000100001000000000000000000001000010000100000010001001010000001101110010000000000000010000110010001010000010000000100000000000000000000100000010010000000000010100010000000010001000100
0000000001001000000110000000000000000000001000000101010001001000100000000001000000001000000000001011000100100000000000000000000000000001000000000000000000000000000001000001000010000000001000110000000100010000000101000100000000000000000000000001001001
0000010000000000000000100000000000010010000011000100100000000000000000000000000000101001000010000000011100000000000000000000000000000000000010000000010001100010110001000011000000000000010010000001010101001000000001010000000000000100010100010000001000
105 71
220 112
