250 250
0100110000100000000000000000000000000000000101000100000000001000000000000000010001000001000010100000001000010000000000000000000000001000000001000000000100000100000000000000000000001000000000000000010000000000001010000001100000100000001110000001010000
1000010000000000000001001001100000000000000000000001000000000001010010000000100101000000001001000000001000100001000000000000000000001000000000000000001000001000010100000001000001000000100000000000000100011110000000000000000000000000000101000100000000
0000000100000000000000000001000000000000001000110000000000000001000000010001110000100010011000100010000000010000000000000000000000010100000000000111000001001000010000000000001000001001000000001000010000000000101001000000000000000001001000000010001000
1010101000000000000000011000000000001000011000000000001100010000000000000001000000010000000010000001100000001000000000001000110000010000000100000000000001001000001010000110000000010100000001100000100010100010000000000011000010000001110100010100000000
0000000010110100000010000000000000000000001000000000000000000000000000000110000000000000000000010101100000010000000000100000000000010001000000000010000001010001100000000000010000101000100000000001010000000010000001000000000000000000110110000001000000
0001000000011000010000110010000000000001001000100000000001000000001000000001100000101000000000000001000001000000000000000000000001000100001000000110000100100001100001100101100000011000001101100000000000000100010100000000100000000000000001000100000000
0010000010000001001000010100000000010000100000000010000100101000000101100001000000000000000000100000000000000010001101000010010000000001001000100010000100000000000100001000000000000000000000000000010000000100100000100100000010011110100001000001000000
0100000000000000010001000001000010100010111000000000000000001010000000000100000000101000001000000000000000000000100000100001100000100000100000001000000000000000100000010001000000000000001000011000001011000000001000000000010100000000000000110000101001
0101010000100100000100010100000110000100000001000000100000000000010000001011011000000110000000000100000000000100000001000110000100010000000000000010111000000000001001001100000000110000001000001000010000000000110000000000000000000000000101010000000000
0000001001000000010001001001010100000100000100000000010001010000000001000010001000000001010000000000000000000000000010000000100010000001000000000001000010101110100000100000010001111100010000001000000010010110010000000000000000101111010000000000000000
0000000000000011010100000000100000000000100010011000000110000000011000000000000100100000100010100000000001000000000100000000000010000000000000000000100000000000000100000100000000000000000000001001000010001101100001000000001000000000000000010001001000
0000011001000000000000000100001000100000000000001001000000101000010000011100000000000010000000000010010000000010010000000000000000000101000000000000101010000000000100100001000000001010001000000000000000000000010000000000001001000100000000010001000000
0100000000000000100000100101000000100000100000001000000000000000000000000001010000000000011000001001100000000010101100001000000000100100001000000010100001000000001000001100000001100000001000000101010000100110000000001110100001110000010000100001000010
0010000100000000000000000000000000000000100001010000000100010000110010100000010010000000000100111101100100000000100000001000000100000000000000000001000000010100000000000000000000001000000000000000101110000000000010000001010000000100000001000000100010
0100000000000000000000000011000000000000100000100001011000000000100100101101000011011000000001000000100010111000000000000000000000000010100000000011110101010100000000011000001000000100000001001000001100000010001000000100000000010000000000010000100100
0000010000000000001100010011010001001001001000000100010000000100000100000100001000100000001000010101000010000100000010000000001000000000000001000000001100001000110000000000000010000000000000000000001000010010000000001000000000000000100000000000000100
1000001000011000001110000000000000000001000101001101100011000001000010100010000101000000101000000100000000100100000001001100010100010001001001000000001000100001010000000000000000000000000011000000000010000100001100100000000010010010001001100000000001
0000010001001000010000000001000000000001000010000000001000010100000000000010010000000100101000000000000010000000010010100000000010000001000000000000000000010000000010000110100100000010001000000001101001010000010000000001000000100110010001010000000001
1000001000000001000000000000001100001010100000010001000000000000011000000000001001000000001000100000000000000000100000000010000000000000000010000000000000000001000010000010100000000000100000011000000000100001001000000000000100000000010000000001000000
0010010000011000100101010010010100001000010100000110001000001010010000100100010100010000001000000000000001011010000010000000000000010000000000100101000011010000000000000010000000000100000000000010000000000000100001000001000000110000000000001010010000
0110001010000000001000100000011100000101000001000000000100000001000000000101100010010000010000000000000000000000001000010000000010000000000100100110000010100000000010000000000000100000000010000011000000001000001000000000000000000000010010000000000100
0000101001000000001000000001000000001100000000001000000010010100000000110000000000001101000000000000001100010000000000000000100000000000000100000000000000100000001100100110111000000010000000010100000001000000000000000100001000000000000000000000000000
0010000000011000000001000001000000000000000000000000000000000000000010000000000000001100000000000010100001000000100100000000000001100000100000000001000000001000000001001000001010100000000000000000000001100000000000000000010000001010010000000000000010
0001100000000000000010000000000010001000000000000000100100001001000000000000000000000010000000000010000010100011010000000000100000000001000000000000100000010000000000000000000000101000001000010011000000000000000000010001000100000010000001000010001000
0010000000111010001001000000010000000100100000100000000010100010001000110001011000000010100001101000000001000101000000100010000000000000011000001000011001000010000000000000000100011000000010000010000000001000000110000000000001100100001000000000000101
0001010000100000000000000000000000000000000100000010010000000000100000010000000010000000010010000000000001000000000001000000000000000100000000110110100101001000001100000000000000000100001000010000000000010000000000000001000000000001100000010011000000
0010000001010111000101010000000001000001000000001000000110000000000000100011000000100110000100000000000010000010000000001010000100010000000000000000000000000000010001000000000001000000000100001010001000000000000001000000010000000000100000000000100010
0001110000100011100001000001000000010101000000000000000000001000000001000000000000010001100000000010000010000001111010000100000110010001000100000001001110000000100011110100100000000001001000000000000000000000000000000001010000000010001100000000001000
0000001110111000001010000011010000010000001000001000000010001001100010000000010000000000000000000000000100100000001010000000000000000001000001000001000000000000000001000100000110000000001001100001000000000100001000101000101000000000000001000100000000
0010010000000001000000100000001000001010100000000000000100001100000001001000101000000101000000000000000000000000000100000000001110000000000010000000000000000100000000000000010001000000000000000010001000000001010000000010000000000000000000000000100010
0110101000100001100000011000001000000010000000000000000000110010000000000001000001000000000010000000100000100100110100000000000010000000001000010000100000001000000000100001000010000100000000011001000111000000101000100000000100000000001101100000100001
0100010000010010001010000100000100000000000000000000000000100000000000000000001001000100100000010000110000000000000010000000000100000011001000100100000000000110010000111000010000001000010000010000000010000001001000100001010001010100000101010000000000
0000001000100000000000100010100100000001000000000000000000000001101000000000000000000001010000000000000000000100000000000000010000010000001010000100001000100000010001000000001000010100000000010000000000010010010000000101010000000000000000000010000000
0000000010000000000000010000001000000010001010010101111000010000110001010000000000000001001000100001100000000000000000000000000000000000010101000010000000000000100000010010100010000001010000000000100010000000110000000001000000000001001010000100010000
0000000111000100000000000000000010001100001111000110000001000001000100110001100000000010001101001000000000000001000000100000001000000001000100000000000000001000001100010100010100000000110000000000100100001000100000100101000010001000010001000100000000
1000000000101000000000000000100010010100000001000000010000000100000000010000101000000110000100000101010101010010000000000010000000110110001000000000100000000000100001000000000000000010100010100000000100000100100000000000001010000100000000100000000000
0000000100100000000000100001100000000000010000000100001010000100010000000000000100000011000100000000100001000000000010000000011000100000010000001000000100100000000000010000000100100000010000001001000010000000010000000000000100010100000010100000000000
1000100001001000001000000000100010001011000000000000000000010001000101000000000000000000100100100000000111000000010001100100000100000000000000001010000000000000000010000001000000000011000000101001000000000000000000000000000101001000000100100000000000
0000000010001010100100000001100001010000010000001111000000000100011101110000101010010100000000000001100000001010000000010101000000100000000000000000000000101000010100110000010000000000000000000000000000000000001000000000000000001001000000000000000000
0000001000001000000000110010000000000000100000000000011000001100000000010000001100100000000000000000010000010001001001000000000100000000010000000000001000101010100000110000000000100011000000010010000000000000000000010001010000000000010110010000000011
0010001000010000100100000000000000000110000001000000001100000000000000000000000000001000000101000000010010000000100001100110000010000100000010000000100000000000000000000010000011000000000110110000000000000000000000000010000010000001000000000000010000
1000000000000010000000001000000000010000011010000000000000000110001100000000011100010010000000010001010010000000001000000000000010000010000100000000100011000010000010000100001001000001001000000010000100001000000010110010101000100000000001001000000000
0000000000000010000000101100000001010001110110000000000000000000000100000000001010101000000000010000001010010000001000100000110000000000100000000000000000001100010000000000000000100000000000010000000000100000001000000010001000000000000100010001000000
0000000010000000011010000000000000000000000010101100100000000000100000000010000100101000000000000001000000000000000000000000001100000000000001000100100000000000100000000000000000100001000010100000000000000000000000000001000000000000000000001000100010
0100010100010101001010000001001011010001000000010000000110001000000000000000000000000000000000000100000100000000000000011000100011101000110001100100000100010010100000001100010001000000100000000101000010000000000000001000011010010010010010000100100001
0000000001100000000000100001100010000001000010000010000110100000000000000000010000001100000000000000000000110000000000000000000011110001000000100000000001000000110000100000000000000000000010000001000101000000011010000010000000000000010000000010000000
1011000000001000100000000000000000100000010000001000001000000100000000000000000000000001001100000011000000000000010000101000010010000100011001000000000010010000001010110000000111001001000010001000001001010101000000000000010100010000001001010111000000
0000000000010000010000011100000000000000000001000000010000000000000010000000000010000000010000100101000000001000000000010010000000110000000000010000000000111101000000000000000100000000000000001010000000010001001000010000110000000000000000000001000000
0000010100000000000000000000100010010000100000100010000000000000000100000100101011000010000100100110000000000000000011001000001000000000000000000000010010010000000010001001000000101000000000000000010000000010000000100100010000001100010100000000100000
0000100000110000001101000000010000000000010100010001000000000000000000000000001000100010100000000000000000000000000000000010000100000000000100000011010110000000000000000000101000000000100000000000000000000010000101000000000100010000000000000000000100
0000000000000000000000000000011000000100000100001100100000000000000010000010010100000000000010000000100001000110001000001000000001000001101101000010011101010001110000000000000110001100000100100000011010000000000000000001000000010001000100001000000001
0000001010000000010001001010100000000000000000000000001101100000001000000000000000000000100000000010000000000000011000000000000001001000000001000100001000010000000010110000000000011000010000001000000010000000000000010100000000000010010000010100100000
0001000000100000000100000101000101000000000010000000001001000000000000100000100010010000100000000001010101000000000010001000100011000100001100000000000000011000001000000000100000001000100000000000011000010000010100100010110000000000010000000000000000
0111101000001100000000000001000000000000011000010100001010001010000000100000001010000000000101000000100010000000000101010000000000000100010000001100001001010001000001010001000000000000000001000010000001100000000001001000000100000000000000010000010001
0100100101000101010100000000001000000000000000000001000000000000000000000100000010001001001011100001000000010000000010000000000010000101100110000000000101000000000000000000100001011000000010000001000101000000100000010001000001000000000000110010000100
1011000000010100000000000000000101101100010000011010000010000000010100100110010100000000001000000000011011010010100011000001000000000010100000010000100000000000001001010000000110000000000000001010000010000010000010100000000000000000111000000001010000
0000000000000010000000100000000000100000000000000010000010001000100010000000000001011000101010000000000000001000000000011100101000000000100000100011000000110000000000010010000000001000000000101000000000000000100001110000000000000010000001000001000000
0000001000001000000000000010010000001000100010110000101000000000000000000001000000000001000000000000000001001100000000011000010000000000001000000100000000000000100000000100000000001100000001000000000101000001000000000100010000000000010000010010001100
0000000000000100000000100000001100111100000000000010011000000000001000000000000001000000000000001000000000000000000000000111000000000010000100000000000000001000000001000000000000000000010100011000010011000000010000001000000100000000000100100000110000
0000100000100011110000101010000000001000000000000000000010100000000001110000010010010011000100010100010000000001010010000000111001000000010000000001001101000000011010010100000000100010000001000000001000001000000001000100100000000000000010000000100010
1011000100010000000010010000000010000000000100100100000100000000011010101010000000000000010001100000000001000000000100001000010000000111010101010001100100010101000000000000000000010010000001000000000011010000000000100000000110000100000010000010000000
0000100000000000001000100011000000000001000000001000000001000001000000010000000001100001000000000010000001000000000000101000000101010000000000000000000000000000100000000000000010000000101000010001000010010011010010011000100000000000100000000000001000
0000000000110000001000000100100100000000000001000000000001000000000111000000000000000000000000100000101000000001100100111000000100000001000100100000000010000000000000000001000000100100100000010000001010100000000000100101010000110111001000000001000000
0010000010000100000001100000000000001100000000000000000011000000000000000000010000000100000000100001001000000001000000000000100000000000000000000010000110000010011100000000100000100000110000000000000000000001001010101000000000000000010000100000010000
0100000010000010000000000100000100101000010000010000000000100000000000000010000000000000000100100000000000000000000000000010000000000000100100000001100000000000100010000010010000000100000010000010000011001011000000100100001000001000000000000000101000
0000000100100000001000000000000000000000010000001010001110000000000000000000000001001100100000010110000000001001001011110001011001000001000000010100100001000010010010000000000000000000000000001000010000000000100001000100100000100000000110000000000000
0000001000000000000000000000000010010000000000000100011000000001000000010000000000010010000001000000000000000100010000000100000000000010000000010010000101011001000000000000010010000000100000000000110001010000000000000000000000000000101000000000000000
0000000000000000000000000000100000000001000000010000100010010000000000000000000001001010000011000011000100000000011110001100000010000010100001001010000010100010000000000001100100100000100000000001000010000000000000000010000000100000000010001001010000
0010000000100000110000000100000000000010101000100000001000000000010000001000000000100100000010100000010000001000000000000100001100000000001001000000001001010000000100000000000000000000100000000010000010000000000001000100000000001000000010100000000000
0000100000000000000000011010001000010000000001101101000101010000000000000010100010000010110000000001100000001000000000100100010010010010000000001000101000101000000100010000010001010100001100110000000000100001000000000100010000000000000000101000100000
0001010000000000000000000001000000000001010000000000000000100000000001100000000000010010000000000000000000011101001000000000001000000001100101100000000000100010000000000100000100000110010000000000001000000001000100000000001000010000010000000010010010
0001001100000000010000000001000010000100000000000000010000000000000100000000100000000001000000010010001000000001001001000001000001000000011000000100000000000001000001000000000000000101000100000000001000000000000000001100000000000011000000000000000000
0000010000100010000000000000000011110000000000001100010010000000000000010100000010000000000001000000010010110001000000001010000100000011000000000100000000010000000000000000010001011001000000001000000010000000001000001010100011001000000010000111000100
0000000001100000100100000001000000100001010000100100000000001000010000000000000001000000000000000001000000011010101000000010000000000100000001000010000000000000000000000000000000100000010000001000000100101000001010001000011110000000000000000101000000
0010001000000010000001000000000001100000000000100010000000111001000011100100000000000000000000000000000000000000000000000000000000001001000000000010010001000011000000001010000000101000010000100100000100011000000000100100000001100000001000100000010000
0101000000000000000010000000000000000010010001000000010100000000000000000010000010100000100000001110000010000110000111000000100010000000001000011011000001010010011001000000010000000000010000010000000000000001000000000000000100000000101000000000111011
0000100000010000000010000000000101001110000100000110000010010001100000000000001000000010000000000000000000000010010000000000000000100011100100000010000001000000000010000010000000010100001000000010110000010001001000001110101010000000000000000000001000
0000000100110000000100110010000001000011000110100000100000000001100001000000001000100000100001010001001001000000001000010100010000000000000000100000000100000010000110010000101000000000000000000000000000000000000000000001000100010001000010000001000000
1011100000000000100000010000000000000000100000000001000000000000000000010000001000010100000000010000100000100000000000000010000100000001000100010010000000100100000000000100100000000010010101000000000000000110000100000000100001001000010010001000000000
0000010000000000000000000000100000000010100000101100000101000010010000000001000000000100000000010000000000000000011000000100010000101000000000001000000000100100000000100100000010000100000000100000000000000011001000001000001000001000000100000000000100
0000001000000001010001001011000000000000000001011100100010101010000100100100000000100001000000100000001000000010110000100010000000000001010000000000100000100000011001000000000110000110000100001000001000010100000110101001000010000001000010000000000000
0000100010010101000010000000010010010000100000000000000000000100010010000100010000010000011000111011100001000000100000001101000100101000000000001000100000100000000100000000101000010000001000010000100000000000100010100100010100000100000000001000000000
0000000000000100000100010010000000000000000010000010000000110010000000010000000000000011001000000001011000000000000000000100011000000000000000001100001000000110001001100100001000000011000000001000000000000010000000010100000000111000000110000010100000
0001110000000001000110010101010001000010000000010000010100000000010010000000001000000100101100000000001000011000010010000010000100000000100000000001100101000000000001010000010000000000010000000001011000000100000001010000010000000010001100110000101000
1100001010010110011000101010010110000000000000000000000010000000100000000100000000000000100010000000100000001000100000000000000010010100010000001001100001000001000100000000100000000001000000100000000101100001000000000000000000000000100100000000000000
0000000000000000100010000000000010000000000000010000000000000000001000000000001001000001000000100011000110101001000000000100010010000001000100001010011110100000000001000000000000000000000000001001001000000000000000000000011100001000100001000100101000
0110000000001000100000110010000000001010000000000110000000100000000001000000000000000000000000101000110000110110100000000010011000100100000100100000100000011000000000010000010010000001001000010000110010100100100000010101010000000010000000000000000000
0000000100000001000000000000100011000001100000000100000000000001000101100000001000000000001000000000001001011000000000100001000000000000000100001001000100001000000001010101010010000110000110001000100000100001000001000000000110000100000000100000100101
0100100000000010101100000000000000000000011000000000000000000000000000000101001000011010000001000000000100100000000000000000000000000000010000000000000000000000000000000000000000100000000000100000000100000000000000000000000000000001011000001000000110
0000000101001100100000101000000101000000000001000000000000000000100000000000001000000000101000000100100100011101110100000001001010000001000010010000000000001000000000100000000000000000000000000000001011000010000010110001100001100000000000100010000000
0100010010000001000000001000010010001000010000000000000000000000011110100000000000000000010000000001000001000000000001010000010000000010100010100000010010101000000001000000000001000000110010000000000000001000001000001000000000101000000000001010010100
0000000000111001100000010000100100101000001001001010001001000000010001000010000100000000110000000000000000100000000000001000000000000001000000000100010000001000000000000000000001000001001001000000010000001010000000000000000011000000000000000000000000
1000001000101000100000010100000000000010010001000000000000000000001001010010000000000000000000100000010000000000000001111000000101000000100101000001001000001100010101010000000001000100001000000001000100000001000010000001000000001010000000000000100110
0100001100010000000000000000001000000000000000010100100000000000000000001000100000000100101010000000000110000100110010010100100100011000000000100000000000001000000000100010000000000001001000000110001000000101000000000001000000010000000010000000100000
1000000000000010100000000000000000000000101001000000000100000000000010100000010000110110000000000001000100000000001000100000001100101111000000100100100000001000010000000000110000000100100000100000101001100000000000010000000010000101000000000010010000
0000000000000000001100001000000001001100001011000001000010000000000000110000001001100010001001000000000100000001100000000000111010000000010011001100001000000000100010111001100000000000100000111000100000010000000000000100010000000000001000001011000000
0100000010010000000001010000000000000000000000000010001000001000010100000101000000011100001100000001010000000000000010000000000001000010000010100001000000000000000000010000011001010000110000000000010000000110000000010100000000100010001100000100000101
1001000000101000000000100000000000010000100100000011010100000001001000000001100101000010000010100000101000000000000000001001000100000010000010100000000001001000000000000000100010000000000001000000000000110011000100000000100000000000000000010000000011
1000000000001100000100010010001000000000000000001100000001000001000000000000010101000000000010000010000000000010000000000000100000000010010000000100100000000010000010000000010011000000000110000001110000000000000000010000000001011000000000101000100000
0000010000000001000010000000001000000010000000000000000000011000100000110010000000000000000100001000000000000000000000001000100001010000001010000000000100000000000000100000000000001010000000100000000000000110000000001001000000100000000000000110100000
0000000000000000000000000010000000001000100000100101000000000000011000000010000010000001000000000000010000100000010000001000111100010000010000000100000000001000000010000000000000010011111000000100100010000000010000001101010100100000100000000101110100
0001110000000100010000000001001000100000001000000000000000000000000001000000010000000000000000000001000100000000100010101010000000000000010000000000000000000000010000000001000000000000010110000001000010110010011000100001000001000001010010000000001000
0010000000000001000010000000000000010010001010100010000000000000011010001000001000100100010010000000010000001000000000010100000000101000001001110000100000000100000010010000000000000000000010000100010000100000000000001000000000000011000000000000000000
0001000110000000000010000010000000000000000000010000010001000110000000000000000000000010000010010000000000101000100000000010000000001010000000011001000001010000000000000000000000000000010101000010001000000000000000000000000000000001000000000011000010
0100000001100100000001000000000001000000000001000010000001000010000100010000000001000000000111110000101000001000000000000010000000010000000100100101000000100001100010010000000000000000000000000000001001000101010000000000110110000000000000100000000000
0000100100000001000000110000010001000100110001100010000001000100011001001000000000000010000001000001000000011000001100000100110011000000001010100000000100010110000001001000001110001000010110100010011000000000100011000000100000110000001000000000000110
0000000000110000110100100001000001000000100001010101000000010000000110000000000100000000000000010101000000101011000001000000100000110000000000010010001000000011000000010000000000000000001000010101001000000010000000000011110001000100000000001010100010
0000000000000000000000100000000000000000110000100000001010010000010000110010000010000011010100000000010000011100000000010010100010000010000000001000010000100010000000000011010100000000000000000000000100010100101000000000000000010100101010110000000001
1000000101000000100100000011001100100000001000001110000000010100000000001000001011000000100000000000000110000000001000000000100000000000000000000010100011010000000000000000000000000000000000000000100000000100000000000000000000000001100100101000000000
0000010100000000000000010000000101000000010011001100010000000000000000000010000000000000100100001000100000000000100001010000100100100000000100001000000010000001010000010000001011001000000000010000000000000000000000000001100010010000000100101100100100
0100000000000010100100000100001000000011001100010000000100010111010001001000000000100101000011000000000000000000000000001100100001000000000010000010001101001000100001001111000000000001000000000010001001000000100000010000000000001000000100000010011000
0000000010100000010000000000000000110110000100010000000001000000000001001000000010000000001000000000000000000000011100101000000000001100100000000000000010000000000000100010001010000000000000000000000000001000000000010000101010001001000100000000011000
0010100110100010000010000010010000000000010100110000100000000000010000010000010000000000000110010000000000100000000100000001000000000100100000010000000000000000000000000000000000010011000110100001000000100000000000010010000000000100101000001110010000
0000000100001011000101000000100000000000000000000000101011100000010000000000001010100010000000011001001000011000000000000000000000000001110000000010000100010000010000000000010000001000001001000110100001001000100000010000000001010000000100001000000011
0100100010000000000000000000001110000100010010000000000010001010100011000001000000000001000100001001000010000000000000000100000000001000000000110000000010000101000001110000001000000000001000010100101100000000100000000000100010000000010100100110000000
0000000000011000000110010000001000000010000000000010000001000000100100100010000000000000000000000100000000000011000000100000000001000000001000000000000000000000110000001000000000000000000000100000100000011000001011001000010000000001000000110001000110
1010000000100001000100010000000000000001100110001000000000000000000000001000101001000001001000000000000000000000001010000000010000000000000110000000110000000000010000000010000000000000000000001000000011100001000000000000100000000010010100011110010000
0000100110100010000000111001001000000000100000000100000100000000001000000010000100000000100001000000000101100000101001000000010000010000011000000010101000000000010111000110000000100000000000000100111101001001000000001000011010000001010000000001001010
0100000000000000010100000000000000100111000000000010101000000010000010001100000001001000100000000000000000000000001100100010011010000000101000000000000000000100001010100000010000001100010100001010000000000001000100010000000100000000010010000110100000
1000000100000000010001000000000010010000001110000000000000000001000000000101000000000000001110010010000000000000000000000000000000100000000000000010110001010111000000000000000000001100101100010000100000001111001000000100100000100000100010100010000100
1010000100000000000100000000000100010001000000000100001010000011100000001000000000010001001000000000101011000001000100011100000000100110010001000000000000000110000000000000010000100001001001000000000101000000000010010000001010010000000000000000000010
1000000000000001000001010000000000001101110000100001000100000000000000000010000000000000000011101000000000000010010000000000100000000001100010000000100101000000001011110100000100001000000010000000000000000000000000000010000001100000011100000100000000
0000000000000000100000000100000000000000000000000011000000111000000000000000000001000010000000000010000000000000000000000000000101001010000000000000001000100000000000001000000001000110000000000000000000000000000101000001000101010000010101110100000001
1100010000000000010000000001010000000100000000000000000000000100000001100001001000001000100100100010001100000000000100000000000011000000000000010000000000101000000000000000000000100010010001000010000001000010100100000110000000000000000000000001000010
1010001000000100000000001010010001001100000000101100101001100010100000000000001000000000000001101000100000010100000000000010110000000000010000100001000010000000000010100000000000000000000001100000000000000001010001000000000000000001010100100001100110
0101000000101001110000100001010010011001100010110010000011001111100000110000000000000001100000101000111001001001010000000000001100101011000000000100100010000010000010000000100000000000000100000010001010000000000000000010000000001000000100000010000000
0000100100001100000000001000010000101000000000001000010000010101101000000001100000000001000000000000001100000110001000001101010000100000000000001000000000000000000000000010000000000010000100000100000000000000000001000001000010100000000000100100000000
0100100000100000000000010001100000000010000010011000000000000101000001001100000010000000100000000100100000000000011000100100000001000000000000001110110010000000000110000000000000100001000000001000000000100000000010101110000000000000000010000001000000
1010000000010000100000110000010110000010101000000010100000011100000010110000000100110001000011000000000000100000101100001010000100000001000000101000000100000100000001110000100000001000000000000101010000000100010000011001100000101000100100000000000010
0000000000000000000000000101000000010000010000010000100100010100000110000000000110100110000000000000010000001000010001001000000000101110000100000000000000000100000001100001000000010000000100000000000000110000000000001001011001000100101100000000000100
0000001000100011001000000000110110000101010000000000001000100010001100001000000000000100000000000000000000000001000011101000000000000001000001001100000000000000100001000001000000011010110000000000001000000000100100000001010001001010001000000000100010
0010000000000000000000000000000000010000100100100010101000000001000000000010000100000010000000001000000000001000000000000011001000001101000001001100011010001001000000000010000001000010001010001000000101100000110001000100010000000000010100010000010010
0000000000001000010000000001001010010010110001000000000000010000001111000000000011000010000000000000000000110000001010110000000000000100010000000000001000010010000000000100000000001000010000010000111000010011010000001000000001011000010000100010001000
0101000000001000000000000001101010000010000011010000000001000111010000000000110100000000000100101100000000100000000000001000000100000101000000000000000001001001000010000000000000000100011000010000110000000000001000000000000010001000100000000000100000
0000010001100000100000001000000000101001100001000000001000001010010010000010100000000010000000000000010000010010000000000001010010000001001000000011000100000000010000000000000000000110000100011000010010000000000001000000001010010000100000000000010000
0000010000000000000010011000110000000100000110100000000000011000000000010000110000101010000000000001000000000000000000000000010000000100000000000100001000000011000100000000110010101000010011001000010000000100001110010000000000000100000001000000000100
0000000001100001000000100010001000000000000110000000000000000000001000100000010101000001000000000100100000001000000000000001001000000001110000011100100000000000010010000001101100000000110000000010010000000000100000100000111000000000000001000010101000
0000000010000001000110100000000000000000000001000000000010000010000000000000001000000001000000000000000000100000000000010001000010000000000010100010100001100000000000000000100000101000001000010001000000000000001010101000000000000000011100000110011010
0000000000000010000001000000100000000010000100000000000000001001000000010000100000001101000000000000101000000000001100000011000000000110000000000001000001101000010000000011010100000001000000000000000000000000101000100000000000000010101001000000000010
0010010000000000000100100000000010000000000000011000000001000001001010010000001000000000100010000001000000000000100000000110000001010000000000001100000010010010010100000000000010001101001000100000000000001001110000000010000100001000001000000000000000
0000000000000000000001010000000000000100000000001000000101000001000000101000010000000000000011000010000000100000000000000000000000100010100100100000010010000000000000000000001100000000000000010000000000000100000100000000010011000000000100010000100100
0000001010010010010000000000000001110010000000010000010100001110000110000101000000100110001000010001000000000100001001100000000010000010000000000000100001000000000000000000000000001000100000001000100010000000001000000000000000010000000000001000000000
0000000000001000100000101000000000010001001000001000000001010000010000000100100000110010000100000000000100000000001000001000001000000000110000000000110000001000000000110000000000000000100001000101010000000010001000000011010100000000000000000001000000
0000100000010000110000010000000001000100000000100000001000000100000000000100000000011001000000000100011101000010000000001000000000000000000100010000000001011100000000000000000000011001000000000000000001000000000000011000000000000010000100001000000011
0001001001100000000000000000001010110001000100001001000000000100000001000000100000010000000000000000000000000000001000100101000000100100100000001001000010001100000000000100100000000001011010000000001100010000000010101000010000000010000100000000000100
0000000000000000000000000001000000000000100000000010000001000000000000000000001001010000000100000000000001100000000000000001000100000001000001000000000000000000010000001000100100000000000001000000011010000010010000000001000001001101100101100000011000
0010000000000000001000010000000000010000000100001010000000000100000010000100010000010101100000010100010000000010000000001110000000000010000000010000000000001000000000000101000000000000000000000000000100011000000100000010100000000000000000100000001100
0010000100001000000000000000000000000010010000001000000000000000000000000000010001000001000001100000100000000000000000000001000000100000001010000000010000000100010010000100100000000000000000000100000100000100000100010001000000110000100001100000001000
0100100011000000000001000100000001000000100000000110100010111000000100000000100100000010001000000000000000011000000010000000000000000101000000100000100000000000100010000000000000000001000010001000000000110000000000000000101000001001010000010000000000
0000000000000010000101000000101010100000000000101000000000000011000001001110010000010000000010101010000010000010000001000000010011001010000100000101001000100000000001000000100000000010010000100100001000000001001100000000001001000010000001000000010000
0000001000000000000001000100000000000100000001000000100000011000100001100000000000000010100010010000000000000100000000000000101000000000111000000000000000100100000000000000011000000000010010010101000000000000000000000000000100011000001001010010100100
1010000010000000000000000010000100000001001101010010000000000000100000000000010000000000000000100000000000000110000000000000000000100000110010000010010000010000010100001000100001000000000000000000010100100000010001110000010000011000000000000100000000
0011000000000000000000000000000000000000000000010000000000100000101000000000000000000000110000100000000000010010000010000000010100100001000011000010000000100011001001000100000010000000001000010000000000000000011000010000000010100000001000000000000100
0000000000001001100001000011110010001010000101001000000001101000000000000000100000000000001000011001000001000000100000100011000100000000010100010001100000000000100001010000100001001001001000000000010000000000000000000110000000000100000000000000000000
1000001000010110000000110000100010000101000010000000000000001000000000100100000000000000101000001000011000000000100100000100000000000000100010000110000001001100000000011000010000000010100001010000001010010000001000000000000000000000000000110010100000
0000000000000000011000001000000000000000001100000000010000010000001000000001000010000100000010011000010000000000000000000000001000000000000000000100010000111000010000000000000000100000001010001101100001110100011000000000010000000010101100000000100000
0000000100000000001000100000000000010000100000000000010000001010000000100001000100000000000000000000000100000000010000000000000010000000010000010110000000000000000000000000001001000000010100000110000010000000010000000000100000000010011000000000100000
0001001000000000000000011010000000000000000000000010000000000000000001000000000010001000000110000000100001000000110001000000100000000010101000100000001000000100000000000000000100001000000000000111000000100000010100000000000000000100010010100000000101
0000100001000110000010010000000000000000000000000000010010000000100100000000001000100001000000000000000000000100000000000000000010001000001100000000010000000000001010000010000000000000001000000000000100001000000000000010000000000111000000010000001000
0000000100000000001000001000000000101010001000000000000010000000000010000010000100010000010001000000011001011111000010000000000000100010111000000000100000000000000000010000001110010010000001001010000000001000000100101000000000000010010000000100000000
0010010100100000000100000000001000000000000100000000010001010000000000010100000100010000000010000011001000100000010010000000000000100000000000000010001000011000000000100000000001011011000000000000000101000000001000010001000010010001010000001101010000
0001100000000110001000100100000010010001000001000000010000000000000101000000010000100000011000010010000000000100001000100011000000101100101000111010000000000001101100000010100000000100000001000100000001010001010010010000000100000010000011000010100000
0010010000100001000000000000000001001000011000000000000001110000010000100010000000000000100000100000000100000111100000100000000000000010000000000000000000010010000001000100100000000100000000001100000000001010100001000000000000001000000001000000000010
0101100100001101000000000000100000110010000100000000000001100110010010100001000000000000010000100000000001000100000010000000000100110011010100000000000000010000000000000000000000100110000000001000000110000010000000000010000010000001101000000010001000
1010010000000000000000001000000010000000000001000001000010000001100000000001000010000001000101000000001000000000000000000100100000010001000000000000000000000000000001001000000000100000010000000000000010110000010000000100000000100000000010010000000010
0011011000000000001000000100000001101110010000010000000000000000000000010000000000010000001011010001100010000000000100000000010000000010000100110100001000000000010000000000100010001000011100100000010000001100010010000010000010000000000000000000001000
1001100010000110000011000000000000000000100100000000001000000101100000101000000010000010000000001000000000000000000000000100100000000010000000000000110000100000011000000000100001000101000010100000001010000000100010110000000010000000100000010010001000
0000000000010110000000001000010001000001010000000011000000010010000000100000000001001001101100000000000011000010000000100010100000000000000000000011000001010100000010100000001000000000010100010000000000000011000010000000000000000000000110000000000000
0101000000001100000011100000000000000100000101000001110001000001100001000000000000000000000000001100100001101100001000000000010010000100000000100000000110100000000000000000000010000000011100000011000100001001000000000000000010010000000000110000010000
1010000000101001000000000000000000100000001000001000010001001010100000000001000000000000000011000000001100000000000101001010100100100100000001010100000101000000000000000100000000000100000010000001000000010110010001000000000100010000100100011000000100
0001001000001000000000010000000000000001000000010000000000001000000000000000000000000110000000000100000100100000000000000001000100000000000000100100000001000000100000000010000100000110000000000001000000000000000000010000000001010000000000000001000100
0100100011000000110010000000100001001100000000000001000000000010000000000000000000000100100001010000000000000000000000000001000000010100000010101100100000010000000000010100100000001100010000001000000000001000000000001000011000000001100000000000000000
0000000000100000000010001000010001000000001001010000000000101000001000001001100100010110100100110000100000010100000000010010001000100000010000101101100000000000100000000000000001001000010000000000011000000000000001001000000010000110000000000000010000
0000110100000001000000010010000011000000000000010000000001100000000000100000000000000000000000100000000000000000000000000000010000100100011000001001100000010000000001100000000001000000000100000000000100010000000001000100001001010000111011000000000000
0000000101000010010000000000001000000001001000000000000110101000000000100000011000000000000000100000000000100100000000000000000100100010000000000000010000000000010000000000001001000100000000100001000001000000000000000010000100010000110010100000000010
0101000000100010000000000100010001000000011000100000000010000000000000010101001100000100010100100001001010000010000100100000000010001010000100000010000000000000011000000010010010001010000000000001101010000000000000000000100000010000000000000010000000
0000000000100110000000000000000000000000110001000000000000000010000000000011110000000010101000000001010100010000000100000001000100000010000010000110000100100000000100000010000000000000000000000100000100000001000001001000000010001010000100000000000001
0000000001000000001000000100010001000000010100101010100000100001010001101100100001001000000000000001000000000001000000100000100010000000101000001000000000000000000001000000010000110001000001000000000001010010001000010000000000000000001000000000000010
0010010010000001000010000000000000100101001000001000011000010000000110000101000000011101100000000010001000000000000000000010110000010000000001000011101000111000000111000100100100110010000000000100000100000000000110101000000000000000010001000000101000
0000010000001100000000001000010000100000000000000000000000000000100000100100000000100000010000001000000010010000001010000000000001001000100000000000000001000000001000000000010010100000101000100100010100100010000101000010010100001000000001000001000000
0111010000000001010000000000000011010000010001000001001100000100000000000110000000001000000000000000010110100000000000000000000010000001010000000000000000001000011000000010100000000000100000000100100000000000100000100000101000001001000000001001010000
0000000000100001100011000000100000000001000101100001000000001000000000010000000010001001010000001010100000000100000000010001000010010000000000000001000010000010000000000000000000000000001000000000001011110010110000000000101000000001010001000011000001
0000000000110000000000000000000000100000001001000001000001000010101001000100011000001000100000010000000001100000010101000000000000100000010000001000000001100000100000000000011001000000000000001000000000000000000000000000000110010000000010000010000000
0000011000000000000010110000010000100000000001000000000000010000100000000000001000001000000011000011000010010010000000000000000000000000000000000000000000000010100000000010000000000001011100000000001101000000000010000010000000010001100000000000100000
1000000000000000000000000111011010000000100100000000100001100010010000000100010000011001000100001010000000010000000000001000000000100001000001100001000000000010000000100000100010000000000010000100010000000110001001101000000010001000100001100010100010
0100000000100000001100000010100000000001100001100000000000000100010000010000010100000010110100100000000000000000000000000000000001010000000101010010010000001100100000000000000001100000001110010100001100001011001010001110000100000011000000000000100010
0110000110010000001000010100000001001001100001000000000010000110001001010010100100001000000100001011100000000000000010000000010000000000000000001000000000000000000001000000000001000000100000000101000011100100001001110000000000100000000000000100011000
0010010000000000000000000000000000000001000010000000000010000000000000000000001000000000000000010000011000000000000000100000100001100001000000000000010000101000110000001000000001000011011000100000000000000001000000000000000000000000000000000010000010
0000000010000000100001000000001000100001100000000000010100100001000010100000001100000000000000000000010010000000000001001000000000000000000000100000000010101101000000100100000000000000100000000000001000000110000001000011000000000011010000000000000000
0000000100000000001000000000000001000000011000000000000010000110000100000000000000110000000000110010000100110100000000000000101000000000100000000100101000000000000000000000000100000000000000000010001010000000000000101000000100000110000000010000010000
1111000001000001011000000101001000000100010000000010010000000000001000001000001100000100000000000101010100100000000000000000001111100000100010110011000100001001100000000100000000000000000101110000100001100000000000010000000101000000000001000100000010
0000000001001000101000010000000000100000100001000011000100000001010000011000000001100010000100101110000000100000010010000001000000000011000000000000000010000100100100010001001000000000000000001000000000000000001001000000010000000110010000000000000000
0001000110000010100010100010100100100010001000000100110100001110100000000000000010000001000000100000000000000000001000000000000000100011000000100100100000000000100100001000000000000000000000000110001000000011000010010000000000010000001000000000000001
0000000000001000000000000000000000000010000010000010101000010000000010100010101000001010000000000000010001000000010000000100000010000000000011000010101000000001000000000010000001000000000010001000000010000001010000000100010000100001000000010000001000
0001000000000101000000000100000000000000011000000000001000000000000010101100000100010000000000010010010000010000111001000010000000010000000001000000000000000000000100000000000010000010000000000000100000000010000000000000101100000010000000100000000001
0000100000000011100000000010000000110000100000000000001000000000000011000000000010010010001000010100000101010000000110000000100000010001000000100101010000010001001001000000000010001000000000000110000001010001000000000100000000000000001000111000011000
0100000000000100110011010000000000000000000011000000000000100000000001010001000010000000000000000001000100100000010100000001000000000000000000000100000000010000000000000001000000000000101100000100000100000100010010100010000010001100001000100000001010
0000001100000010000100000100000000110000000010010001010000000100101010000000000101000100000000000001100010000000101010000000000001100000000000100000000000001010000000000000000000100000000000010100100100100100000000000000000000000000010000000000000000
0000000000000010001000000000010001011110100000100000000000001100001100000000000010000000000000000000111010100000000100000001000000000010100100001000000000000010000010000000010000000000000100000000001001000000101000010000000000111010000000000000010001
0000101000000000000010010011000000000010010000000000010100000001000000011000100001000000010000000001000100000100110000010100000000000000010001001010000000000000000001010000110000000000000000000001000000000000000000001001100000000000110000000000000100
0000000000000001000000001001000100000000000000000001001001000000010000000000000000000000000000000000001010010000000100110000010000000000010000111101010000000000000001000010000000000101000101000000000000000000100000010000010000001000000100101100000001
0000000100000000010000011100000000010000100000000000000001001000001000101100000000010000010001100000000110000000001000001000000000000011100000100000000010000000101010101000010001001001000001000010000001100001001010011010100001010000001000000000000000
0000000000000101000100000000010001000000110000000101100000000001000000000000001000111000100001001000100000000000001100001100000010000101100000001101000000101001000000000000100000000000001000000000001000000000000000000000000010001000000100000000000000
0110000000000010000000001000010000001011000000000000000000000101001000000001001000010110000000010000000100000011010000000000000000100000000100000000000000000001000000100000010001010000000000100100100001001000000000000000111101000001100000100000100100
0000000000000000000000110000010000100001001010000000100000101000000000000001000000000000010000010100000000000000000010000000000000000000001000000011100000000001000010001000000000011000000000000100001000000010100100000000001000000000010000000000100000
0000000000000000000000000000000000000000000000000000000010000101010001100100000000000000000000000000010000000000000000010000110000000000100000000000010001000000100100000100010000000001000110010011100100000000001110000000000000100101100010000000000000
0000000000101001000000000100000000000010100000010000001000100000000100000100000000001011000100000000110010100000001000000010000000000010000000011000000000110000010000111100010000000000000000000100000010001011000000001000000001100101001000000000000001
0000001000000100000101010110000000000000000101010011000000101000100000001001000000000000100010000001001000010000010000000000000100100000000000000000011000000101000000000000000000010000110001010010000000000000010010001001001000100110001000000110010011
0000110100100000001010001100000000000100000000000100001000000001100000000000010000000000000001011000100000000101000000000000110011000010000001000001010000000100100001000010010000000000000000010000001000000100111001000000001000000000000000100000000000
0000101000000001000000110000000000001000100000101100010000000000000000000001000000100110000100000000000000000000110100010000100010101000000000000010000000001000000000000000101000001000000110100001000000000001010001000000000000010000010001100000000000
0000001101000001000100000000000000010000001000100001000000011000000100000000101000000000010100100000010010000000000100000010000000000100011000000100000001000100000000001000010101000001000000000000000000101000000000001001000000000100001100000010010100
0010000000111100011000101001001000000001000000010000010000010000000000100101100100110000000010100010000000000100001100000000010000000000100000011001000000010000000000000000001000000110000000000000000000011000000001000001010000100001000000101000000100
1000000100010000000000000000000000000100000100000100000111100000000001010000001000000100000000000000010000010010000000001000000100000000000100000100000001000000100001000000000000000000000100110000101000000110000101000000010001101000000011000000000100
0001000110001001000010000000000000000000000010000000000001000011000100000100000000010001000000010000000000000001100000000010000000001000000000011010000110010000000000011100000100000000000000000010000000000010000000100000100110010000011001100010100000
0000000010001011000000000000001011000110000000000001010000000000001000001000010000000000000001000100010000000000010000010000100100000100000000000000000010001100001000010110000000011001000001100001000000001000011001010011100100000001110000100001010000
0000000000001000000001000001100000100001000000110000000000001000000001000000000000110000000110100000000000101000111000101000100000000000000000000011000100000010000001001010000000000010010100100010100000000000010000000000110000001010011000000000000000
0001000010000001000010100000100000011010000010001011000000001000000000000000000000000000100001100000000100000000011001000000000010000000000010000000000000000100001000000000100001001000000000000000000000000000000101000000000000000000000000010000001001
0000000000000000000010010001000000000010000000001010000000000100001000011000000000000000100011000000000000000000000010000000011000001010001010000100000000010000001110000101000001110000000000001001010000000000101000000000010000100000001000000000000000
0011010000010000000110000000001000000000000100001000100000010101000101010000101000100000001000000101010000100001000000000110100000000000111011000010000100000000111010001100001011000010000010000100111000000110101101000000101000000101110000000000000000
0000000100000001000001000000000110000000011100000000000000000000001010110000000010000000001000000000001000000000001100000010000100001000000100000110010000010000100000100000100011001010000101000010000010000000100000001000010000100001000000000000000000
0010100010000000000000011000000010000001000010001010000000000001000000000000000000000000110001110001000000001000100000100001001001000001000000000100000100000101000100000001010010000000010001000000001000010000001000000100000000010110000000101000010001
0100001011000100010000100001000010000010011100010001000000000001000010010000001000000000101000000000010000100010100001100000000000001011000010100000000000000000001001000000100000010101000010010010000001000000000000000101000000000100001000011000001010
1000000000000010000100000000000010000000000010100000000000000000100100100001000000000010001000010000100000000001000010001010000000000000000000000010000011011000000001000000000000100000000000000010000000000000000010000001010000000000000000100000000000
1101000000000010000001000000001001000000000000000000000100000011000001000001000000001010000000110000000000000001100100011010000000001100000011001000010100001000000000000000001001000100000100001010000001000000000001010000010000000000000101001000000100
0001110010010000001000000000110000000000000010001001000000000000000000110010000000001011000000010000000000100100000000100000000001000100001000000100000000000001000000001000000001001000000000000000011001000100100001000000100000000100000000000000000000
0000000000000000000000010011000000000010010110100000100000100010101000100000000100000000000000100101000101000010000000000000000001100000000100000100000000010000000000110010000000000000000000000000000000000000000010100000000100000011000100001000100100
0010000000100010100000010011100000000000001000001000001000000000010000010000001110001100010000000011100100000000001000110000010010000000001100010000001001001001000001100000000000001010010000000000000000100000000000000000000000000100100000010000000010
0000010001000000000011000000101000010010000100000000100000000001000010100000000000100000000000100000000001001000100000000000010000000100010000000001000000000000100000100000000000010001010100000000000000011000100100101100101000000100001000001000000000
0000011000110000000000001101000000000000100001000000001000000000001001001000100000000000100100001000100000000000000000000001100000100000001010110000010000100001010001000000000000000001000000110001000000010000001000000000000000000110000000000010000000
0000000000000000000000000000000000000100000110000000001000000000000000000100001001011000000100000000100001010001000010000000000000000100000000100011000000000000001000000101000001100000000000000010000000001000000000100000000011000000000000101000000110
1011001000000000000001010100000001000000000000000000000100010000000000000011000000001000000000000000000000000000010000000000000001010110001000000100000000000110000001010110000000000110001000000000101000000100000000001100000000100010001000000000000000
0000010011100000000000001000000000000000010001011110000000010000000101010001000010000000000001000000010000111001000000001110000001000010000000000000000000000001001000000000000000111000100010010010000100010000010000000110001000000100000100001000000000
0100001011001011000010000000000000110000000000000000000000000001010000000001010000001000000000010000000010000000000100100000001000010000010000000000000011000000100000000010001000000000000000000000000110001001100010000000000001100001000010001010001100
0000000001100001010010000000000000010000000100000000100010100000100100000000000000000101000001001001010100100100000000000000000100000100001000000000000000000010001010000000010010000000000000010001000010010000001000100100000100000000000000000000000000
0000000000001001001010001011000001000000000010000110000000010110010100000100000000000000000000010000100000000000000000011000000000000001010000000100000000000010010010000100010000000000000000000000000000000000000001010101000001000010000100001110000000
0000000000011000000000001001000000010010000000000001110000001100001000001000001000001100000000010000000010001000000000010000000010000000000000110010010000000000000000001000100100000000010000000101000000000000000000011000000001100010110000000000100000
0000101101000001000000111000000000000010010010000000000000000001000111000000000000011000100100000000010000010000000001000000001000100100000001000100000000000000000000000000000000000000000000001000000101001000000000001011100010000010000100000110001110
1100000011010000000110000010000000000000100000100100001000000100000000000000000001100001000010000010000000100010000010010000000000101000000000010000000100010000000100000100000000010100011001000000000000000111100001011001011000000010011010100011000000
0000000000100000100100000000001000000101000000100001001000000000001010000010010000100000001000000000110010001000101000000000000000100001000000001000000100000000010001000001000100000000000010010000000001010000000000110000010000000100001000000001000000
0000000100000000001000001001000001000010010000000100000000000010001000010010000000011100000100110100101000010000010000000001100000000001000001000001110001100000000010000000000001000000100001011010000000010100000000001000000000000000000010000000101101
0100110100000000000000100110000000100100000000000000000100000011000110000000001100000011000000000000000000001001000100100000000100000100001000010000100000111000000010100001000000100010010000000000000000010000000001000000000000100000001000001000000000
1010010000000100000000000110000100000100010000000000001000000100100000110000000000001000000010000000000010001011100000001000000100000010000000100010001000000000110100010000000000001001100000010100000100011000000000000100000101011000001100000000100001
0100010001001000000000000110000000000000000100000100000100000001000100000000000000100000000001000110010000110000100000000000101000000000010000000000001010100000001000000000001000001000000000000001000100001000110000010001001001000100100010000000000000
0000000000000000001000000000000101000000010001000001110010000000100010000110010000010000110000000001000010100000000100110100010000100100000010000000000001000000001010000011000011000000000001100000000000100000000000000000000000000000100100000010001000
0000001000000000100000010000010000000000000100100001000100100000000000100000000000000000000000000010001000001100000000000000100110001010010000000010100001000000001100000000000111000110000100000000001001010011000000100100100000000000000100101100000000
0000011000011000000000000000010000010100010001010000001000000010000000010100001011000000000001000100100000010000100000000000111010100000010010001000010101000000001000010000010001000000001000000000001110000000000001010000011000010101000000010100001000
0000000011000010000010010000000000100101000000000100001000000001000000000100100000000000100000000001000000000000000110000010000100100000101000101000110001100001000001001010000110000000100101000000000011100000100010000000100000010101001101100000001010
0000010000000000010100010000000000000001000000010000100000010001000011000000000100000010000000000000000010010010010000000000000001010010110100000000000000000000000000000000000000000000000000000000000010000000000001100011000000101000000000000000000001
0110010101010000000000000001000000001100000000000000000011010000000000000000010000000000000100001100000011000000000010000100000001000000010000000000001010000000010100000000000000000000001001000000000000000010101010001000000010000010010000001101000000
1010001001000100000000101000000000000000100100010100001100000000000000001011000000000000000000000000000000000010100000010000000000000000010001000010000100000000001000000000001100010110100000000000101000010010001000000000100100000001110100000000010010
77 77
239 142
