250 250
0100000000000000100111100101000010000000000010101100000000100100000000000000011000100000000000000011000000001000001000000000100110001100010000000000000000000000000000010001000000000000000001010000011010010100100000001010010100100000000000001010000000
0010000110000001000100110000011000000010000000000100000010000000000000000000010001001000100100000000001011101000000101000100111100000001000010001101000010100100000110000010010101010000000001000000000101000010000001000000001000000010100000000000000010
0011000010001100000100000000001001001000100000000000000001010000010000000000000000100001010010010010100001000010000000001000000000010000001001010001000000001000000010000000000010000101010000000101000010001000000001000010000000011001010011000000001001
0000000000000010000000000000000000000000000000000000001000100000000000001010000111101001000000000000000101001101000000100001000100000000000000000001000000000000000100011000000000001000000000000000000100110000101000000000000000100001000000000000010010
0010010110010100000011101000000010010100000000000000000100011001001001000000000000110001000000010000100000000001000000100000000000000001000100000000000010000000001000000000000000001000010000000000000101001000100100000100101000000000000000010000000000
0000101110000000100001000011001001010000000000101000011000000000000000000000010000010000000010000000000000010010000000000000000000000000000000100010010001000000010000000010010000000001000001100010010000000000010110000100000101001010000100000000001110
0000001000000000000000000001001000000000000001000011010000010010000010000000010100000000001100000000001011000000010000000100011011011000001110000000011000000100000000000000000000000001000100000000111000000001000001000010100000000101000000000001001010
0000000000000010000000000000000000001000011000010000000100000100000110000000001010000000010010000000000110000001010000000000110000110000011100001000000010000000000000000000001000001001000100000000010001000000000000000000010000110000000000000100000000
0000000000000000000000000010000000010000000000000000000000110000001000010000000000000000000000000000000100010000000000000000000000000000110001010000100000000000000000000011000000000100000000000000000000001100000000000010100000100000000000000010000000
1000000001010100000000000000100000000000010000001000000101100000010000001000010110100000000000100000010010000000100000000000000000000000010100001000000011000010000000000010000000000111000000110000000000000000000000000000000000000100100001010001010010
0101000000000000000000000011000010000000000000000000000001000010000000000000100000000000001000010000000000001010001000000011000001001000000001001000100010001100000000000010000000000001010000000000000000000100000010010001000100100000011010000010000000
0000000000100100001101000000000100000000100000000010000000000011010001100101001010000010010000000010110010010000000000001000100000000000000101000000000000000000100010010000100000000010001101000100000001000010100000000000000000100001000000101001000000
0000000100000100000000000000000100001000000000011101000100000000001000101000000000010001000001000001000000100000100110001000001000000000000100001000000001000000000010000100000000000000100100100100000000000000001000010010100110000010000001010000110000
0100010000011000100000011110000001000000000000000010010001000010000000000001000110000000000000001000000000000000000000000100100000000000000101000110101100000000001000000000001000101000000000000000000010010010101100000000000000100000010000000010000000
0001100100000000010001100000000000000010000000000100000100000100000011010000000000000011000001000100000010000000000000001000100000101100000000001000000000100000000000010000000000101000000100000000000000000001001011000000000000000000000100001100000000
0000001000000100001000000000000000000000000000100001011000000100011000000100000000010000011101000100010000001000000000010000000001100100001000000000000000000011010000000000000000000000000010011011110000001000000000000000101010000000000000000001000010
0000000000000000000100000000000010010001000000100001000000100000110000110001000100000000000100000000001010001001000100100000000000001000010000000000000000011001000001100000000000000000000000100100000000100010100001010100100000000001001000110010100000
1000000000000000010000000100000000100100001000100000000010000010100101000001100100000000100000010000001000000110010000011010001000010010010101100000000001000000000000100000010000000111000001010001000000100010011101000000100010000001001010000001011100
1000000010010000000000001000001000000000000000000001000000000000001000000000001000000100000000010000010000000000001000001001000010000100000000100000000010000000000000101000010000000000000000001001000000011001000000000000000100001010000100000000000000
0000000110100000000000000010100010100000010010000000000110100000011000110000000100001001100100001000101000000000100001010100000000000000000001001100010111010000000010100000000000111000000100000000101000000010000010101001000000000000000000100001110000
0000100000000000110000000100001100000100000010000000100000010010000000010000000000000000000100000101010000000000000010000000000100000000100000010100000000001100000000001000000000001000100000100000101000000100000000110000000001000000000000000100000000
0101000000100000000100001011001101100000000100010000000000000001000001000000000010001000000000000000000010001000000010000101000000000010100001000100000000000000000001100100000000001100000000000000101100000000000000000010000000000000000000100010000000
1000000000100001000000000000000011100001000100000000000000110010001000000010000000001000010000000000000011100000100000000000100000000010001000010100100000000000100110101101000001000100010111000000000000011000000000100000000000100000100000000000000000
0010000010001000000000100011000000110000001000000000010001110000100000000000000000110000000000010000001000000000001000000000100100001000000001001000100000000000010000000000000000010000000000100100000010101110000000001010110100000000001000010000000001
0000010000000001100010000101001000000000001000000000100110110000000110000000001001100000100000000000010000001000000000000100100010000100001101010010000100001000000000010100000000000000000000000000001100110000000000001001001000000000000000000011001000
0000100000000000000000001001001110011001100001000100100000100011000000001000000000000101000001000010100010010011100000000000000000100101010000001001000000100000000100100000000000000000100000000000000010000001000101010000000000110000000010000000000100
0001010000000000000100000110000000000100000100000000000001001100010010000010101100000001000000000101000000001110010000000000000000010011000010000000010000000001010000000010011000000000000000100000011000000001001110000010000000100000100000000100100001
1010000000000110100010000100000100110000000001000001010100010000010101011101010000100000000000001000100000000001100011010000000010000000000001001000100000000001000000000000000100000000001100000000000011000111010001001100001100000110000000010000000000
0000000101000010000101001000000000010100000000001111001000010000000000000000000000000100000000000000000011000000010000000100000000000000010001000000010000000101100100000011000100000000010000101001000000000000001000000000101010000000000000000000000001
0010000111000000010010101001000000010000000000000000001000010100010001000000000110000011000000001000001100100000000000000001000000001000000000000010000000111100000000000000000010011010010010000000001000000010000000000000000000000100000000101000000001
0101001101001100000000000001001100000000000000100000010100001000001000000001000101000000000000000010011000100110000000100000000100011000000000000000000000000000000001011001000100000000001000100100010001000001010000000000000010010001000000010000010000
0000100000000000000000000000010000000000000101000010000000001000000000000001000000000000000100000100000000010000000100101010000100010010010010100000000100000001010001000000000000100000000010010101000001110000100011000000010000100000100001000000001000
0000100000011000000111000000000100000000010010000100000100100000000110000001100000000100001011000010000000000010010000000010000000100001000000000000000110000000100110001000000110000001000010000101000100000001000000001000100000010100000000010110011000
0000000000000000000000000001000010000010000001100010000001000001000100010000000001100000000110000010000000000000100101010000000000000100000000101001100001000000011000001000000000000110000100000000010100100100000000010000000100000100000000100000100001
0000000000000110000000000001001010000000010001110000100000000000011100000100000000000011000110100010000000010000001000000000000000001010000000000000100000000100000010000100000000001100000000010000000010000000000000000100000100000000000000111010000000
0000100000101111000001000000000100000010001000010000101000010000000011010000000000000010100000000000110000000000000000101100000000000001000000000000010000000010000000000000101000000000000000010000001000000001000000001000010000100000110000110000001000
0000000000001001000100000001000000000000000010001010000001000000010110000000000000000000001010000001000000101010001000000001000010010000000000000000000000010011000010000000010001100000000000000001000000100000000010000000010000100001000000001001000000
0000000000000010001000001000011000000000000000001000000010000000010000010000010000100000100000000010100001101000000100000000000010000000000000000010101100111001010000100000000000000000000000100011000000010000000000101100000001010100001000001010000001
1000000000000000000010001001000000010100000001000000011011000101000101100100001000000000101001000100000101000000000000000000000010000000000000001000000100000010000000010000000000100000000000010001000010000000000000000000000110001001100000000001000000
0100011000001000000000100000000100000000001000000000000101000000001100000000000000000000100000010000000001000000000000000010000100100000100000000000000000001000100000001010000000001001001000000000000101000000000000100000000001010000100001000100000000
0111100010010010000010010000100001000000001000100001001100001000010000000010000000010000000100000000110000000100000001001001011000000010000001000000000001000000100010000010000000000000000010100001000000000000100101000010000000000010000010000001010100
1000000000000000110000000100000001000000100000010000100000001000000001000000100001010000000101000100100000010001100000000010001000000000000011000000000000000000010000000001000000000000000100000001000000001000000000000000011100001101001000101101000000
0000000000000000000010000000001000000000010000001000000000010100001000000000100000010000000000000100000000001100000001000000101000000001000010000100000000101001000100000000000000001101001000011000000000010000000000000000000000000001001010000000000000
0100000010000011100000010000000111001000111100000000000100000100010100000000000000000010000000100001010100000001000100001011000000100001000000000010100001001001000001010000000001100010000000100100000000011100000000100000100100000000000000010010000010
0100011000000001000000101000000000010010000000000110010100000000100100001100000001010000100000000000000000000000000000010000000000000000010100000000010000000010100000000001000000000000100001000010100000000000000000000000010000000100000000000101000110
0001000100000000000000000000000000000000000010000000000100000001000000100010000000000000000000000000100000100010001000000000000000000000000011000000000100000000000010000100110000000010000000000001010100000101000000100100011000110000000000000000000000
0000000100000000110010001000001001000000000010000000000000001000000001000000000000000001110000000000010000000000100010000000010000000010000000000000000000000100000000000010000000100100000001000000100000001000010000010100000000011100100000001000100000
0000000000101000000000100000001000101001011100001001100010100011001101000000011100000100000000001001100110001000000000100000000000100010000001000001011000000000001000001000000110000000000010010011010000000000000100010001000000100000100000100000000001
0000100000000000100000000001000000000001010000000000000100000001000000000000000000000000000010000000000000000100001000000000000000010000000000001000001000011000000000000000100010100000000000000001001010001000000100000000001100001000000100000000000001
0100100000000011000000000000000001101000010000000000010000010010000010000000000110000000001011001010000000000000000000000100010000000000100000000000100000001000010000000000001000001010000000100000000000000000000001001000000000001000000010100001000000
0000001001000001000000001000000100000000000111001000100010000000000000000000100000010000011000000000000101100001100100010000000000100001000000100000000000000010000000000000000000000000000000001000000000000000100000000000100000100100000000000000000010
0000000000000001000000000001110010101100001001001100000000000000000000000000000100000010000100010010110001000100000000010000000001000000010010000011001010010000000100000000000001000000000000010010000011100000000000000001000000000000110000000010010000
0000001000001000000000011000000100000000010000000100100000000000100000010110010000000001000000000001000000100000000000000000101000110001101100010001010000000000001000000111000010000000000000100000100000000000000000000000100000001000001000000001000001
1100010000110010001010000100000000000000000000000000001000000010010000001000010101000100000100000000101000100000010010000000100000100000000001100000001001000000100110000000000100000100101000000001100000000100101000000000000001000000000000011000010000
0010000000000000000000000000000001000010000010000110000001100100000100000100000000001100001100001000001001000001000000000000000000000000000100101000000000010001010000011000000010011100000000000000011101000000000010010000101000000100001111000110000100
0000000100000100000000001011100000010000000000000000000000101000011100010000000000000010000000000000000000011000011000000000000110010000100010100000000010100001100100000000101000000000110000000000000000000010101000000001000100000000000100000010000000
1000100000000000000000100000000100000001001000010000100000001000100100101000001010001000100000110000000000000000010000000000000000000001100001000110000000000010000100101100001000000000000000010010010000000000010001000000000100000000000001101000000100
0000000111001000000000000000000000100000010000010100000000000000000000000000110100000000000000000000000001001000000011011001000000000100000000010000000001100000010000110000010000000000000010000000000000000000000011000001011000000000000100100000000000
0000000000000010000000000001000011001001010010001000000010000000000010000010000000010000101001000000001000100011000001001000110000101111010000000100100000100001000000000001000010000000010010100000100000000000010000100011001010000001000000000000000100
0011010100000000010101000010010000001001000000000000000000010000000000001010000010100100001100000000000000100100101001000100010010100000000101000000100000000001010010000110000001010000000000100000100100101000011000000000000000110010100000001100000001
0000000000010000000000001011000011101000000000000000000000000000010001000010000100001000010000000100000000100000000000000010001100010000100000000000000010000101001000000001000000101000010001001000000001000001000100010100011100010000101100110101010000
0000000000000000000100001001001000010100000000000100100000000011001010000000000001000000000000000000000000000100010000000000000000100100000000000010100000001000000000100000000110001000000000000010010000000010000000010100010000010100001001000000000000
1000010010100000000000010100010000011000000001000001000001000100000010000100001000010000001000010000000100001001000100000100000110000000100001000000000000000000000010000000010000000001001000001010101000010000000000001000000011101100000100001000000001
0001000001001100010011010000000000000000000000000100000000001000001001010100010001001010000110000000000000000000000010100000000100001000000000100000010000001000000011010000000000000001000000000000000000000000000000000100000100100010000000000001001000
0000000001100000000011001000000000001000010000100010001000000000000000000000000000000000000100000000100000000000100010000010011000000001010010010000000000100010000000000011000000000000000000000000000000000000000010001000000001000000011000100001000000
1000000010001000110000000000010100001100100001010000000000000101110000000010000001000010010010000000001010000000010000100000000001001000000001000000010001010110001001010000110000100000000000010001000000000001001100000000101000000000101000001001011101
0011000010100010000001000010000000000000000000100000100000000000000100011000000011000000010100001010000110000000000000100000100000010000001000000100000000011000000000000101000001000101010100000000010000000001110000010000000001000000000100000000000100
0001001000000100100001000010001000000000000000100000100000010001010100100000000101000000010010100000010000100100000000000000010000101100000010000000000010010000000110110011001000000010000000100000000010000100100000000000000000000101000000000000100001
0000100000000000000010000001110100100000100010000001100000100000000000000000000001000000000000001100000000001000010000000001000000000000001000100010000000000000000100000000110011000101010010000100100000001100000000100000100001001000011010100011000000
0000000000000100100100001100000000000001000000000101100000100000000100000010010000000010000010000000100100001000010000001000001000001000010000001000000000010000001001100001000001000010010001001001000000001010010010000000000000000011001000000000110001
1000100100010100100001010110100000000010000000010000000110000010000001000000000000000010000000000100000000000000011001100100001000000111001110000001100000000000000000011010100001100000000010001000001001000000000000001100000011000010000001000000000000
0000000011011000000010010000001000000000000000100000001000010010010010000011000010000000000000000010100011000010010000010100001000000111000101001000000100011000000100000000000000010000011000000000010100011100000000000010010000001000100001001000001000
0100000000000000000000000010000000010000100001100000100000000000110100000000000000000000000101000010000000100000000001100000001000001100000000001000101000000000010000000000000000101000100000100010100000001000000011100101100001000000000000000010000011
0010010000001000100000010010001000000110000100000000000000000000000010110100001000000000001000010100000001001000000010000010010000001000001000001010101000000010000100101000000010110101000000000000001000001100010111000000000001000100000100101001010110
0000110011000000000000000101000000000001000001000000110011010010010000000000010000010100000000001010000101000000100000000011100000100000110000000001000000010010001000000000010100000011010000000000100100010010000000000110000000000000110001010010100111
1000000010001000100000000010100000000001100000000000000000000000000000001000000010000010000000001001000001001101000000000000000000010000001010010000001000000000011000100010000100100000000000100001011000010011010001010000000000100100000000001000000000
0000000000000000100100000100000000001100000000000000000000010001000000111000000100000000000011000000100001000000000100000000000000000010001100010000000101010001000010000001000100000000000000100100000000000000000000001000000000000100000000010010000000
1000000001000000000100000110101000000100000000000000000010000000000001010110010000100001000000000000000110100000000001001000000000001110000001000000000001000010000000011010100000000001000100010000000000011000001010100000000000000000000000010000010000
0001000010001100101000100000001001001000100000000011000101001100000000100010100000100000000001000000011100000000010000000001000000000011001001001010010011000011000010000000010000000000001000100000001010000000000000100001000000001100000001000001001010
0010000000000010100000000000100100000001000001000110001000100000000000000100000001010101001000001000000011011001010000010010000000000000000100000001000000100000100000001000000000010000001001000001000010000000010000000000010101000000000010000000000000
1100000000010000000000000001011000110001000000000001000000000001000000100000100100000010001010000000100000000001000110000000000001100000011011000000100011000001000000000001001000000011000000100000000011010010000000000010100100000001000000100000000000
0000000000010000000000000000000000010000000010000010000110000100000000100000000000010001100000010000000000000010000000100000011000000000001000000000000011000000000100000000110000000110000000011100100000100000000000000101010010000100000011000000000000
0001010000000011001010000000000000001001010000000000000000010100000100000000000001000100001001000010000000000000000110000000000001110000000000000000000000000001000000000010010000000000001000000100110000100000000000010000110000000000100000000000000000
0000110110100001010000001000000000001000100001000100010100001000000100001000000010000000000000000000000011010000100010000101000000100000010001000000000000100001001000110000100000010000101001000110010001001000010100000001000100100100000000011100010000
0000000000010000000000000100101100100000000000000010000001000000000000000000010000110000000000000010000001000000000010000000100101001000000011000000100000010000001000000000000100000000010001100000000000100000000000000000000000000010111000010000101000
0010100010000000001000000001001000000000000000001000001000000001001100000000011000100000000000010000100000000000000000000010000000000000100101000000000110011001001100000000000010000000010000010001100001001000000010001010010000000000100000001100100001
0100000010000100010000000000100000000001001000000010111001010001100000000000010000010000001010100000001000010010010000000100010010000000001010000000100101000010000101000100000001000100010010000000000001001000000100000000000001010000001001000000010000
0000001000000000000000000010100000001101000001000000000000010100000100011010000000000010001000010010101010010101100100000101001110000000000101000000010000001000000110100001000000000000100000001000000000000100000001000000001000000000110000100000000010
0100000010001010000001001010000010100000101001101000000000000000000000000000010000010010110000010110000000010000000000000000010010001000011000000010010000000010100000100101000000000000000100000000000100000010000000000001000000101010000000100010100000
0001001100000000101010100100000010000000000000000000000000001010110100000100000000000000000100000000001000000000000000001000000000000000001000000000000000100000000010010000100001000010000000000100000000000000000100000000000000010000000000011000101000
0001000000110000000111100010000000100000000010001000000000010001000000000000000000001010000000101000000000010000000000000110000001000110000001000000000100100000000000001000000100000000001100001010011111001000000000100000000000110000000000000000101001
0011101100000000000100000000001110000010000000000011000100000100001100000100000000000000001000000000100000000000000000000001000000101000000100000100000000001000000110000000000100000000000000000000001100000001000000000001000000000100001000011000001001
0000001000000000000100000101000000100100001000011000000100010000000101010000000011000000000000001000000100001100000001010000001000000000000000001000000000000001100000000010000000000000011100010001100000000000000001000000010000000000000001000000010010
1000000011100000000000000000000000100011000000000000000000000010010000001000000010001000000100001000100000000000000010000000100000000101000010010000101100000000010100010010001100000100000100001000000010010001000000000000010100000000001100000100010100
0001100000010000010000010100100000010000001000010001000001000010000000000010000000000000000000000001000001000000000010000000010001000000100000100001010000010000000100010000001110000000001000000000000001100000010001000000000001000010001010000000000001
0101100010000000000000000000000000000000100001000100000000010000000000000000010010010000001000001001000000000000000100000000000000100000000000000010010001001001000000001000000001000000010000001000101000000000000001000110000000011100000000011000000100
0000000010000000000101000001100000100000011000010100001000000000000000000010001010010001000001100001100000000000111000000010000001010100000100000000010000010000000000100000001000000000000110010000110100010000100000100000001000001011000100000001000000
0000000000100000000100001101010001000000001010010010000001001010100101010000010000000000000010000000000000000001100000000101000000101000000100000100100100010110000000000001001001000000100000000110100100001100001100000001000000100000000001110001000001
0010001000000000110000010001000111000000000001000000000000001000010000000000000000000000100000000000001000000000110000100000000000000000001000000010000100000000000001001000001000000000001001000000000000000000000000011000100010011100010000001000000010
0000001011100000000100000000000010001000000000010010000010000010001000000010001000000001100000000001010000001010000001000100000000000000101001000000000001111000001000000000110100011110000000000011010000001000000000101000000100000000001000001000000100
0000000000000000000000000010010000100000001000010000000000000000000000000000000000000000000100000000000010000100000100001001000100000001000001100000011000001100000000000000011001001000001000000001100000100000000000100000000010000000110000010100100000
0000110001010100000000000000011000101000000000000000100000000000000100001000001000000000100000100000100010000000000000000000000000010000110000010001000000001011000000000100110000001110110000110000000000001100000000000111000010001000000000100110010000
0000100000100001101100000000000010010000000001000000110000100000010100000100000000000000000001000000000011000000000010000000000000000000001001000000010000000100000100000001100000100000101000100000010000001000000000000010100010001010000000110000000000
0010000000000110000000000000100000000000000000100010000000000001000000001001001000000100010000000001010000100000001000100000100000000010000000000000000000000000000010000000000101000000001000110001000100000000101000000000000001100000000100010000010000
0000001000110000000000000000000100001001000010000000010100000000000000001100000010000100100010000000000100000101000000000010000001000000001000101000000000001000000000000000000000000010001000000100000000001000000111000000100000000000000000100001010011
0000000000000000010100100100000101000010010000100000110000000000010001100000000101100000010000010000000100000000000000001010101000000000000001001010000000100000000001100000000000100000000000000010010000000000000101000010100001000001000001001000000000
0011000010000000000100000110001010001011100000000001000001000010010101000001000000010100000011110000001000000000000000000100000000000000100000000000001000000000000000000110000000000000000000000000100000000000000010000010000010000001100000011011000001
0010000000001000100001001101001000100000001100100001000100000000100100010101100000000001000001000011000100000000000000000010000100011101000000000000000000000000000000000101010010000000000001000011100000000011000000011000001000000011000000000000000111
0110010100010000000000000010010100001000100010000001000000011000000000000010011100001100001001000000010000000110010010000001000000100011000001010000000000000000000011000001000100000000000010010110010001000000010010101010001000101000100000000000010000
1100000000000000000000000000000000010011000000001100100010000000000000000100000000001000000000100100000000000000110100000000000000000011000000001000011000011100000000010110001000000100011000000001000000000000000000110000101001000000100000010100000100
0000000000000110000001000000101000001000010001000000000010000000000111000000100000010001000000101000000100110100000010010000000000100000000001000000000100100001000100000011000000100000000000000101000001100000000000000100000101000000000010010000000100
0000000000000000110001000100001010010000000000100000000000000100000000100000000011000000000000010000101100000000000000000101101000000001000000000010000001000000000000000000000000000001000010010000000100000000000000110000010101110000000000010100000000
0000001010000000001000000000000000000000000001000001000000000000000001000000000001010000000010100001000010010001000000001100000011000000000100001100100100000000000001000000001000100101011000010000000000000001001010101100000000110001000000100000000000
1011000100000100010010000000110000000000001000000010000100001010000000100000000101010001010000000100000100100000010100000000001000000000100011000010000100001011001111000000000001000000000000000010000001001000000000000001000000000010000000000100000000
0000100011110001001000000000000000010000010000000000000010000000000100100000000000100000000000001000000000001000000000000100000100100000000000100000000000100000000000000011000000100001000100010000000100100000000001000000000000000000000001100000000000
0010000101011100001001100000001000000000010000000000001100011010000000100000010000001000000100000001100011000001010000100001001100000100000001000001000100000000000001000001000000000010000001011000001000010000010000000000001000000010000100110100000001
0000000000001001000000001010000000000000010000000100000001000000000010101001000000000000000010001000010100000000100000000000001000000001001010000000001010000010000000100000000000000101000000001000000100100000010000000000010010010010000100000000000000
0010101000100000010010011010000001000000000000001000000000001000100010100000010000001000011010000100100100010000000000000101000000010001001000100001011000000000000100100000010000001010010100000000010101010000000010000000010010001110000000000000001000
0000000100100010000000000000000000000000000001000000001100000010000100100101000000010000000010010110001000001110100100100000000000010110000000000000111000110000000000001000010000000000011011000000001000001110010000000000100000100000000100000000000001
0000000000000000001010000000101000000010011000000000000000100001100100000000000001010000010010000000001010000100110100010110000010001010001000000000100000000000001100000000010000000100000000000100000100000001000000000010000000000000000000100000000000
1000010100000110000100011100000000010000011010000010010000100010010000010001001000000100000010000100000000000000000000001010000000000000000110000100001001000000000000000100000100001000000100100001100101000000001010000000101010101100010101010000010000
0000010000000001000000000010100000000001000000010000000001000001000001100010000000100001000000011100100000110000000000001000000000000010000000000000010000000000001000000000000100000000000000000000000000000001000100000010000000000000110000000000000010
1000000000101000000001000101010010000000010000000000101000000101000100000000011000000100100001100000010001000000000000001000001000100000001010000000000000000000010000000000000000000001100000000001100000000010100001100000000010000001000001100100000010
0010100000000000100000011001010000110000010011001010100100000000110000000000001010110000001000000001000010011000000100101000000000000010010000000110000001000000000001001110000000010001000000000001000000001010000000010000011000000100000000000000010000
0001011000000100000000100000000001011001001000000001000001000000000000100000000100000100011000000000110000000100001000000001000001000000100000110000100100001001000101010100000000000000000110000001001000000000000000001000000000100100001000000000001100
0000000000100000000000000000000000000100000000000001000000000001000100000011000011000000010000000110000000011100100000000000001000001001000000000100000010110010000101000000000100000000010000100001010010001000000001000100001101100100000000000000000000
0010010010000100100010001100000110000000000001000000010000000000000000000000001000000000100000000100010000000001000000000001110000000000000000000001110000000101010000000010001010000010000000000100000000000000100000000001000010010000000001000000000000
0000010100000000000001000000010000000010000001000000000010001000000000000000010000001001000000000000010100000000000000001000000000110011000100000000000010000000000000001101000110000000001000001000010100000010001100000000000100000000100000000101000000
0010000100000000000000000000000100000010000000010100000010000000000000100010101000001010100000000000100000000100100000000000000000000000000000000010001000100000011000000010001000110010100000000100100110000000100000100000000000010000000010000000000000
0001010000100011001000000000101010000010000011000010000001010000000000000100000000010010100000010000000100100000110000000000000100000100000110010000000011000000000101010000001010000010010001001000000100000000010001000100010010000110000000000100000000
0101010000000000010100000000000000000101010000010100000100001000000000000000000000001000000100000000000000001001000000000100000000100000110001100000001011000101000101100010010000000000000001100100000000100001000000010000000010000000000010000000010000
0000000000000000000001000000010000000010100000000000101000001010100000001100000010000000000000010000010000010000100111010001000000011100000100010001000000000000000111100100001010100000010000100111000000010001000000101000000000000000000100000010000100
0010010000000000000000000000000000000000110111000001000000001000000000000100000000000100101000001101000000000000000000001100000010000000011000000000011000000000000000010001100001000000000000000000100010000000000000000000000100000000000100100000010000
1111110000000100000000111001000001010000000000000001000100001000000000010000000010100100001000001000000100000010000000010010100010010110110010000000000000000010100010010001000000000100000010000100010001000000000000000010000001111100000000100100100000
1000011000000010100000000001000000000000000001000110010000010000001000000000000001000000000100010000000000111101000000000000010000000100000000000010000000000010000000000000000000000000000000000000010000000000010000000000100000000100000110010100010000
1100000000000100001000010010100010000001100000000000010010100000010001000000000000100000000001000001000100000101100000000001000000000000000010000001010000101000000100000000010000000000000110000000010100001001010011100000000001000100000000100000001000
0000000000010100000010000010110010010000000011000000010000000000001001000000010000000000100000000000010000000100010010000001000000000000000000000010000000100100000000000110001000110000000010000001001000000000110100001000000100000110010000100000010000
0110000000000010101100000000000000001000010000001000010000001010000110000000000011000011000000010001000000000100101000000000001000000010000100100110000110100100000101000111000000000001000000000000101001001000000001111000000011100100000000000101100100
0001010100011001100000010100000001000000001000000000000000010000100001000000100101000011000000000000010010000000000010001000000000011000001000100000000000000000000101111000000000010000010000001000000000000010000100000000000000000011000000000000001010
0000001011010000010000010000011100010000000000000000000001000000000000110001000000100010100001111000101000000000000011011001001100000101001001010000000001010000001000000100010101000100000100000000000110000101000000111000000000010100001000001100010010
0010100100000101000100000000100010101010000000000010000001000000000001000000000000010000000000000100011000000000010100011000100001000101000000110000000000000000001100000000000000000000010000000000011001100000000000000101010000010000000011000000000100
0000010100001000000001000000100010001010000000000000110000001000100010000001000001110000000000000000010000000000010000000100000100000000010000000000000100000011001000100000000000000111000000000000000000000101010010010000000000000100001000010000000000
0000000000000000010000010010000000000000010000100100111000100000000000000000000001000000000000000100100101100000000000000000000000010000100000000000000000100000100100000000101000000100001000000010000000000000000000000010100000000001000000000000100000
0010000000000000010101000000000000010010000001000000000000000010000000101100000100100000000001010110100010000000000000000000000001100000000000000110010010100000000100000101000000001000000000001000000001000000000000000100000100010000000100010001000000
0000000100000000011010000000000001010011000000101100001000000011100000000000010000000010101000000000010000001100000000000000010000001001001001000000000001001000010001000010100000010100000000000100101000000000100000000000000000000001010000000000000001
0000000001000011001000001000010001000000100000000010000010000000010010000000000011000100100101000000001000001010000011010000000110001100000100000100010100101001100000000001000100010000001000000000100000010100000010000001001001000000000010010000000000
1100001000010000000000000000000000100100000010010100010010000000001000000011000000000000000000001010010000000001000000100000000001000001010101000000000001001100010000000000010000010000010000010000100100000000010011000000000110010010011101000001000000
0001100100000001001000000000000000000000110001001000010010001000001010010001000010000001010011000000011000010001000000000000010000001000000000100001110000000000010000000000000000000100000000100000000000010100000000000100001000000000000010000000010110
0000000000000000000100000001000000101000010000010110000011010110000000000000010000000010010001000100001100100000000000010000000000101001000000100001001000010000000001000000001000010000001000001000000100000000010000000000000000000000001101010000000000
0000010000000000100100000000010001010000000010000100000010000001000001100001001101000000000110000000000000000100110100000000010000001000100000000000100000000010011000101100001000000100000010000000100010000001000000100010000000000001000011000011010000
0000000000000000001101000101010000001000101000000000000100000000000101010100110000010000110010000000001000001100000001001000000000010000010010000000000000001001010110100010000100000010100010000001010000010000000000000000000000000000000000001000000100
0001000100000010000000100010000000000100000000000000000000000000001100100001000010000000000000000100000000100001000010000001000100101000100000100000000000000000000000101100010100000010000000000000000100000100001100010000010000001010000000000000100000
0000001001001010010000000001100000000000000000111000001010000001010000000010000011000000010000000000000001001000110000000010000000000000000000011000001001100011100000100000000000000000100100100000000101000000000000010000010010110001001000000010000000
0000000000010000000100000001001000001000010000001000001000000000000100100100001000111100000000111000001000100000000000000000010001110000000000001010000000000000000110000100101000010000000100000000100000100000100111000000000001000000000000000010010000
0000000010100000000001000000000001000000010000001000000000010000110000000000000000000000010001001000001000010000001010000110010000000010001001100000001010100000000000010000100010001000000000000000000001000010000100010001000011100100001111100011101000
0010000010001100100000000000000100100100000000000000000000100000001011000000110000000100000000000011000000000010010000000110000100010010000000001001000010000001011000010000000000000000001100000000000000000000010000000000100001110000010000001100000000
0001010000000000001000000000100010000000000010000001000000100000000000001100000000000000000000000000100000000110110010000000000100010000000000100000000010000000110010010100000100001010000001000000001100001000000000000001000010000001000010000000001000
1000010000000000010000001100000000001000001000000000000000000111000100001100010000000000010010000110000000000000000000000000000000001000100100000011010100000001011001000000000000000010000000000000100001010010001000000100001110010000100010000000000000
0010100000001000000001000001000000000000000001100000000010001000000010000010000111000000001010000011000000000000000000000011000000000011000000010010001000000000000011000000000001000110010000000001000000000010010100000000010100000000000001001101110100
0010000000000000000010000000010000000000000011000000000000000000000010001100100000000000010000000101001000000000000000001000001000000000101000010100000001000000000000000101000100000010000100000000110110000000100011000000000000000000000000101100100000
0000000000000000000010011100010100000000010011000000111000000000000100000000100010100000011001000000110011011000000000001000000000001000000010000100100010000000000000100000000000000001001000000100100001000010001001000000000000000000100000010000100000
0010001000111010100000000000001000000101000001000010000000000000000010000011100011000000000001000100011000000000000001000000001010001000000011000010001000100000000000000000000010100001001001001100000000111000000000000100000010000100000000000001100010
1000001111100010000000000000000000001110001100000000001000000100000000000011000100000000000100000000010000000000100000010000010000000000000000000011000010000000000000100001000000100100100010000000000001000100000010100000010000000000100100100100000000
0010001000110000000010010000000000000000000100000000010000010101100000000000001000000000010001000100000010001100000100000010001000100000111001000000000100001000000100000000010000101010000000000000100011000100010010001100001001010000000011000001000000
1000000100000100000010000100100100000010000001100001000000001000000001000011001000000000000010000000100001000101000100011010010100000011000000000000000000101001000001100001000100000000000000100000001000000010001000001001100001001000000000000011010000
1000000010010001000010000000010000100010010000000010000010000010000010000000000000000000010001000000000001001000110000010000110000001000000100100000100010001001000000000000100100001000010010000010000000001000000000000000000000000101100000010000100010
0000000000000010100011010000000000000101001000000100010101000100000001001101000010000001001000010000011010001000000001000000010010000000000000010000000010010100000000000010000000000100000100001000000000000001101001010001000001000000110000000000010000
0000000000010000000001000010000000100000010000000000000001011000100000000010010000100000000000000000000000010000000001101000000001000000000000001000110000000011010100000010100001000000001100011000001000001100001000000000000000000100000000100010000001
1100001001000010100000000000000000001011000110000001000000010000001000010000100000000001010100000000001001000010000000000011000010000000001000001000000000001010000000001000011000000110000001000010010000000100010000010101000010101000010000000000010000
0000000000000001000010010000000010000000100100000000010100000010111101000010000000000000000000100000000000000000100000000110001001000000000100000000100001000100100000110000000001000000000000000010001000000100010000001100000000000000011000000000000011
0010100000100100001000001000000100000000110000000000000000001000001001000000000100000000010001000000100010000100010100010100000000000000000000010000000000000001010000000000010000100010000000000000000000000110110000100000000000010001011000001010000000
0000100000000000010010000000001000000000001000000000000000000001000001000001000000000000000001001000000010010000101100100000000001010001000100000100000000010000010110100000101000000000100000000000000000000000100000001000001001010000000000001000010001
0000001000100100000011001000000000000000001000011000000001001000000010000100000000000000000011010000000010000001000000100010000010000001000000000010000000101000010000000010001001100000001101011000010000000001001000100000100001000000000000000000000001
0000000011001000000000010000000000100000001100010000010000000010010010001000000000010110000010000000000101000000010010100000000010000000000000110010000000011100100000010000110000011110000000100001000000001100000101000001000000000000000000000000001000
0000010000000000000000000000000000100000101000000000001000100010011000010000111100000000100100000100100100000100000000000110000000100000000000000000010000000000000000000000001000000000000010000001100000000100000010010000000000000000000001000000100000
0000001000000000000100100000010000001000000000000100000000000000011001001000010111000110010010000010000010000001100000000001100010100000001110010000000100100100011110000000000000010000011000000100000001010000001100000100100000000010110000000010000000
0000000000000000000010001100000000100000001100010000000000001000000000101001000000010010000100010000000000010000000000000100000000001000000000000000000000000000010000000010001101001001000000000001010001000000010000000010100000000000000100000000010010
0100000100000000001000001000000000000010000000000000100000000000100000001000000001001001000010010000000010010100001000000000000001000000001110000000000000000010000100000000110000001100010100000001110000000000000001000100000001000000000000000010000000
0000010000000000000001100000100010110000010000000000000000101010010000000000000001100001000000101010100000000001000001000011011001001000000000110100000010001000000000001100100000000001001010000001010000111000000010000100000101000000000000000000110000
0000000010000000001100100000000000000010100000001000000000000001010010000000001111101100000100000000100001000000110000010100000000001000000001000100000000000100000000000000001000001010000000000000100111000000001000000000000000000100100000001001000001
0000000000000000100000000000000000100000000100010000000000011001010110010100000000000000110100101000000010000100100000000000000010010000000000000000100000000010000010010000110100000000000000000110100000001000000000000000000001110001000000010101100000
0000000000100000001000000010001000100101000000010101010000000000010001000000000000000011000010010000100001000011000001000000000010000000000000100001000000000010000000000100010001010001000000101000001110010000010100000010000010000000000111000110000011
1000000000000000000000000000000100010000010000011000010000000010000000010000100001001001001110000001000100000000000000000000000000000001000010000100010000000000001010000000000000000001000000000000011111110001100000000100100001010100100011100000000100
0001110000101000000000001000000000100000010001000000001100000001000000100010100000000011000000001000000100001011000110100001000000010000001000000000000100101000010000010000000010000000100100000000010000010000100000011000010010001000000000010000100001
0100001000000000000000010000000000000100000000000000011000011000100010000011000100001001000100000000000000000000000000001010001000000110000000001000001100110010110010000010000010000000000000001100110010000001000000000001000000000100001000000100000000
0001001010010000000000001000000010000000100100000001000110100010000000100000000000110110000000001110000000000100000100000000000000100000000000000011001100000010000000000000000000111000000000100000000000100000000110000000000100000100000000001000010000
0010100100000100010000000000100001010001110001000000000010000000101000000000001000100001000001000000100100001001000000010000000000000000001000000000000100000000000001000001100000100001010001000000000001000000101000001000000001000000000000000100000010
0000001000000000000000011000010000010010000001010001000000000010000000000010111001000100000000100000000011010001100000000000000000010000001000100100000000000001110100001000001000100000001000101101000110000000110000000110000010010000100000001000000100
1100001000000000110000000000000000000000100001000000000000000010100000000010101000000010001000000000000000100000000000000001000100000000000000000000000000100000101100000000000000000000000000000000010010100010000001010000011000010000001001010100100100
1000100100000010000001010000000000000000000000010000100000000010010001100000001100000000000001010011000000000000000000000000000001010000010000101000000100000100000000010000000010000010101100000010000000001000100100000010000000000000010000000001100000
0100001100000000000101000001000000001000000000000001000100000100001101010110000101010001000001000000010000000000001000011010101010010000000010000010000000000000000000000000000001101000000000100100000000000000000010000010000000000000000001000000000000
1000100010100000000000000100000100000001000100011000001000000001000000100010100000000001001110010000001000000000000000000001000010000000100000000000001000011100000010000000010100000100000000001000000100000000000000000000001000000000100000000000000010
0000000000001100000001000000100001000110000010000000000000100000010110000100000000000110000100100000000101000000000000000000000000010000000000100011000000000010100100000001001000010010000000000001100000000100010010000000000010001000000011000010000000
1000000000010000110011010011010000001010000010010000000000000000100100010010001100000100001000000100001100010100110000000000000010000110000010000000000100001000001000000000000010100100000010001000010000000110010000001100000000010010001000000000000000
0010000000000000000101010000001000000010001010111000100000000000000101000000000001000000000000010001100100000000000000000001000001000000000000000000000001010110000100000000011001000010000100010100000000000101000100000000001000100101000100010001000000
0000000001000000000100000000000000011000000100000100100000010000101001001010100000100011000000000110000010000000001100000000010010101000000000100001011000011000000100000000000100001000000000000000000000100000000000001001000000000001000100100001100000
0001000100010010000000010101100000000000000000000000000000000001001100000110100010000110000000000100000000000100000001011100010000010001000000010000000110000000000000000000001010001100001000010000000000100000000000000100000110000000000001000000010100
1000000000010000010000001010000100100010000010100100000100100000000010001010000000000000010100000100000000001000010111001000000000000010000000001000000000000000000000010000000100000000000100010100000000000100000000001010000100000110010001101001000110
0000010011100101000100010001101000000010011010001000000010010000010000001010000001000000001000000000000010000000001000000100010000000000000000000000000000001010000000100100010000001000100000000001000000010000000000011000001000100000000010010000000000
0000010000000000010000000010000000000000000010001000100110000000100010000010000001000000000001000100000000000000000010000000010100100000000000010000001001010000000000000010100000000000000010000000001010001000100000000000001000101001011000100011000000
0000010000001000000000000100100000000000000000100001000000000001011000010000000000001000100000001100000000000000100000010000100000000010000000010011010000000100001010000010000000010000100011010000010101000000100000000000101000000100000001000000001100
0100000000000001000010101000000000000001000000000101010000000011000000100000000001001000000000000000100001000000010000000000000011000000000000010010100000010000000000010000100100000000001100000110001100000000001000010001000010001000010000100010010010
0000001001000000000100000010011000101010000100000000100010000100000000000000000000000000000000001000010000000001010000000000000000000101000000100110100000010001000010000000100000000110000001010011000100000000010100000000100001000110000000000000000000
0000100000000000110001000000000100000000000010000000010101000000001001000000000001000000000000010000100000000000100000000100000100001100000000010001000000000000000000000010100100000100100000001010000111000001000000000000010000100000000000000101000010
0000100100000000000000100000000000000000000001000000100000001001000000100010000000000000001001010000010000000100000000011000010001010000010100000000000001000000011000000101000000101000000000000000000000010010001001000000000001100011001000001010000000
0000001000000010000000100000000000000000000011000000000000000000010100010000100010000000001110000011101000000100110000000001010100000000000000010010000001001000000000000000100100001010100101000000000010000010110110010000000100100000000000000010001000
0010010010101001000000001010010100101001000000100001100000100000000010000010000100110000000000101001000000000010000100000001010000100000100000100001010000000000011000000000000000100000000000010000010011001000100000001000110000000000000010000000101101
0000100000000000100000100001100010000000010000000000010010000100000000000000000000001101001000100000000000011011000000100010001000001000000000011000100000000001000101000000000010001100010100100000000001010100001000000100000001000000000000010000000100
0000000110000000000000000000010001000000010001000000010100000001010000000001000000000000000001001100010100010000000001001000000000000000000001000000000000000000000101000000000100000000000000000010001010101000010000010010000000010000000000001010000000
0000000000100100000000000000000000010000000000010111000000000000110000101110000010010000000000000000000000101000000001000010000001001000000010100000000100101000100010000000000100010100000000000000000010100000000000000000101000010001010000110001000000
0000000100000000110000000000000000000000100001000000000000001000000000000000010000000010100000000001000000000100010000001000000000000000000000000000110100001000100011000011010100100000000101000000011000000000000000000000000000000101000001001010000000
1001000001000011000100000010000100000001100000010001100100000000001000000100000000100000100000000001001000000000000000000000000100100000001010100000000001110000000000000010001100011000000100100000010000001000001010000001000101001000100100000110010001
1100000001000000010001100000000000000000000000001000000000000001001010100000000001000000010001110000101111000001000001011000000001010000000000101000000000101000000001000100000000000100000100000000100000000000001100000000000000001000001000000000001000
0000001010100000000000000110100000100000001000000010000100000001000011000010000100000000000000010100100010000000001000000000000010001000000000100000101001100000000100000001001000000000000000000000000000101010010000000000100000010000010000000000000000
1000000001000000000001000000000001000000000000000100010110000000000010000000001000010110000000000000000100000000001000010000010011010000011000000010010010000010100000100000000000010000000000000000001000100000000001000000000100011000100000000001011000
0000000001000000010001001010000000000000010100000100000000010110000000000100100100000000100001000000111100000010000000000011000000000001011000000010100000000000010100000000101000000100000000000110000100011000000000100100111000000000000001010000000100
0000000010000000010001000000000000000010000000000110000000011101100101000001000000000100000010000000000000000000000100010000000000000000100000000000010000000000010000000000000011101000000000000000100000001000010000000001000001101000000010000000001100
0000010000000011000000000000010000010011100000000000010000001001100000001100010000100000001000000000010101000100100010000000000001000000000000001000001000000000010000000010110110111000000000010100000001010000001000000011000000000000010100000100000000
0001000000010000100000000000010000000000000000000000100100100000000000000000000000001101000000001000000000000000100000100100000010001000000001110000000001000000001000000000010010011000000000001000000000000010000000001000000000000001001000000000000011
0000000000001100010010000100000010010000000000000000000100000000000000001000000000101000100000000011000010000000000010000010100001000100100000000001100001000000100000100000000000000000000000001000010001001000000000000100000000000000000001001000000001
0001000000000100000000000000000000010000100000000000110110000000100000100000000001010000000000000000000100000010000000000000000001000000010000000001000000001010000000000000000000010000000100000001000000101010001010000100000000010000001001100000000001
0001011010010101000110000000000001000000000010000000010100001100100001010010110001001100000000001000000000001010100010000000000110000000010010000000100010000001001111000100001000100010000000100100110010000110010000000000000000000000000000110000000000
0001101100100000001000010000000001000000000000000000000000010011000001000000100000000100100000001000000000000100000010000000001000100011001000000000000010000000010000001100100000000110010000001000000000000010000100000000011001001000000001000000100000
0000000100000000001000000100000000010000100010000010000000000001100000000000000000010110010000000000001000110100000000000000000000000010000010000001000000000000010001000000001000000000000000000011000000100000001000100001000000000000000001000000000000
0110000011000000100010000100100100001100000000000000010100100010000010010000000011100001010000000000000010000000001000000000110001001000001100001000011000010000010000000000000010000000000001100100000010001000000000100100100001000000010000100000000000
0010000000010000000000001000000000110010000000000100000100001101100000010000000010100000000000000000000110001001100000010100011000000100000000010000000000000000100000000000000000100100010000000100010100000000000100000000000010001000001000000000000000
0000000001101011010000000000000000000000001010100000000000000000000001001000000000101000101010100001000000000100000000000000000000000000000000000001000010010000000000000000000010100011011000000000001000000000000110000000000000011101000001010000000001
0000000000000000000100010000000000001000000010010000100001100100000100000000000010000110010000000011100000000000010000000000010100000000000000011000001100100000000000000001100000000000000000100010000000000000000000100100000000001000000010000100000000
1010000000001101000000000100000000001011000000010000000011001000001000010000000100010000000110000000010000000000000000100000001010000000000010000100100000000000000000010000000010001001100001010000001000000000010000001000000100000010000000000010100100
0000001000000001000000100000010000000000100000010000001010000000000000000000000010001000001100000010000000000000100011000001100000000000000000011010001101000000101001000010000001100110011001001001000100000000100000100001000000100000000001001000000000
0100100100110011100000001010000001000000101000100000111000010000101000000000000000000000000001000000100000100000000100000100000000001001101000000001100010000010000000010000000000000000000000000100000000000001000000000000000000000010000000000100001000
0000101000001000000000000001000000011000000000000000000000010000101000000000000000000000000100010000010000001000000001000101100010000000000010000100110000000000100010001000000001100000000000000000010000000000000000100000000000100000000000000000000110
0000000000000000000001000000100000100000010000000000110000011100100100000000010100000000000000000000001000000000001000000010000000001000000000110000000000011000000110000001000000000000000000010000010000000001000010000000010001000000001100000000000010
0100000000000100000000000000010000000010001000000011000001000001000000000000000000110001000000001000011000000010000000010000000100000000000001101000000000000010100000001000000111000000001001000010001010001000000000000000000100000000110100010010001100
0000001000010000000001000000000000000000000010000001000011100000000100010010000000010000110000000101000100011001000000000001000000000000000000000001000011101001000010001000001010000001000000100000001000100000000000010000000000000000100011000100010000
0001001000000000001110000001000110000000000001001000000000000000000000000000110000000100000000000100000000000000100000000000000001000000101000000000100000101011100000000000011011010010001000100000010000000000000000000000000000100011000001100101000000
0000000000100000010001000000000000000000001000000000000010000000001101001000000010001001000000000010000000100001001000000100000000010000001100100000000100000000000000000000000000001000000010000000110100000000100000000010100101010000010000000000101000
0000000000000100000000100010000000001010000010000000000010000010001000001000101000000000000000000100011000001000000000100000000000001000000001000000000100011000001000000000000001001001000001000000000100001100100000101000010000000001101000000001100000
0000101010100000000000100000100000000011000010000110000000000101101101000000000000011001100011000100000000011100100010101000000000010001010011000000000000010010000110000000000110001110100000110100000000000010000000000110000100011001000000000000001001
0010000100010000010000000001100000010100000000000000100010000000000000001000010000000001110000010010000000000001001100100000000000011000000000001000000100001000011000000100000000001000000000000000010000000000000000000010100000010000000000010101000100
0000100000001100000001100000100000010000000100000100001100000010001001000000000000100001101000000100100000110000000101000000000010001000000010011000000100000000010000110000000001000000000000100000000000001001000000010000000010000000100010000000000000
0001001100100000000000010000000000000001001001001010000001000001000000000100100110000000000000010001000100100000000000001011010100010000000000000100000000000001010000100010000110110000000010000000000000110001000000100000100001000001000000000100000000
0100000000000000000100001001000000011001100000100000010010000000000101000100000000000101000010000000000000000000100001000010100000000000000000100000000000010000000000000000000001000000100000010100000001010001001010000100000010000000010001011000001100
0000000100000001000010000010000000100000100000001010001100100000000111000000010110101000000000000000001100000000000000001000001001000010000000001011000000000010010010100000000000100101001000011000000000000000000100000000000000000000000000000000000000
0000100000011000100000001000000000000000001000011010000000000000010011001000100010000000100000000000010000100000100000001010010001000000000010000000000000100010001100000000010000000000000100000001100000000000000011000001000011100001000000011010100011
0100000001000110000000010100000000000000100001000000000100000000000000000000000000000000100010010100000000001010000010110010000000000110000000010100000000000000010000001000010100000001000000000000000000000000000100100000000000001000110000000000000000
0110000010001001101000000000100010000001010011000011011010000010110110010110100010100100000000001000000001100000000000000011101100010000000001000000000000001000100010100010010000101000000000000000000001010000001000010000010000000100010000000000000000
0000010100000100011000000110100000010001000010000100000110000000000001001001000100101001000101000100000000000000000000001000010000001100000100000100000000000000001100000010000010000000001000000100000000000101000000000000000000000000000000110100000101
0100010000000000000000100000000010100000000000000001001000000100010000010000001100000000100000000010000100010001010000100000001010101011010100000000000000000000001000000110110000110101010000000001001110101000001000000111000000000000000001000000010000
1100000100000010000000000001000000010010000010100000000011010000000011000010000001000000000000000000000000000000000001000000000010100100000100000100000110000100011000100000000001000000110000000000000000011000000001000000000000000000000100100101000011
1 68
77 51
