250 250
1010000100000010000000000000000000000000000000000000010101000000001000000000001001000100000000000100000000100000011100000000000000000000010010000000100000100010000010001100010000010000000000100010001000000000100011000000000000000000001000000000000100
0010100000001000001000100000101010100000000100000000000110000010000100001000000000000100000000010001001001100001000000000011000000000000010001100100000000010000000100010000010000000010000001000110000000000011010001001100000000111100000100010000000001
0000000000100000010110001000000000110000000001000000010000000101000000000001101100000010000000000110001000101010010000000000000000100000000000000001000000110010000010000000000001000000010000001000000000010000100000000000001001000000000000000000000100
0100000000010001100110000000001001010000000000100000000000000000001000000000000001100001000000100010100000000010000000001000000000011100000001100100000000000000000000000010000000000010110000000000000000001001000000000000100000000000100000111001000101
1000000000000100000000101001011000111000100100010001101001010000000000000011010011000010010000100000000000000001011000000000000000000000000000000000000100010001001011010100000000000000000000100100000000010011000000000000000000000000000000000000100100
0000000100000000100000001001000001000010000000000010000000000000000000000010010000100010000000000000000010010100000000000100010000000010000000001000000000010000100000000000010001010000001000000000010000000000000000000000000100100110100001100000000001
0000000000000100100000110000010010000000100010000011000000010000010010000110010010010000000000000000001000000000100000000000000000000100000101000000000000000001000000100100000000000010010001000100000000000000011000000000000100000000000100001000011000
0000100100000000000010000000000000000000001010000000001000000011000000000000000000001000010000100001000000011000000010011001000000010000000000000000000001000001000010000100000000000000000000010111100010000000000000101010000101000000000100000000000000
0100000000001000010000010100000000000000000000010100000000001001000000000000100011000101000010100000010000101001010010010000000000101100000000000000001010000010000001000001000000000100000100000000010000000100000000000100000000000000000110100000010000
0000100000001000000100011000000100001000000010100011000000000000000000000011001011001000001000000100001000000010100000001100000000110000001100000010001000010000001000100000000000000100000000001001010000000010110000010100010000001100000000000001000000
0000000000010000001000000000101000000000010000000000000001100001000000001011010100000000110000001000000010000000100010100000000010001000000000001000000000001100100010010100000101000000000000101000000001000000010000000001000000000000000001000000000000
0010100000001000000000000010001001000100000000000000000010000000001000000001010000000000000000001000000000001100000100000000001001100001000100011000101000000000110000010010110000000000010100000000000000000001011010000000000001000001100100100101001001
0010000000000000000000010100001000000000000100110000000000000000000100000000000000010000000010000000000000010000100010001000001001100001010100000000100100001011001010101000001100000000000100000000000000000000001001110000000100000000000001001001000000
0000000000000010000010110100100000010000000000010100000000100000000100000000000000000001000010010011000010000100100101000000000000000000000000011000000000100000000000001100000010000000101000001000001000000000010000000100000000100010001000001000100000
0000100000000000010010000100100000100010000000111010000000000000000000001001101010000100000001001000010001000000000100010000000000000100000000010010001000101000000011001010100000001000000000000100011000001010100011010000100110100100000000000100000000
0000000000000001000000101000000001100000000000001001100000010100000000000000000100000000000000000001001000000000000000000010000100000010000010000000000011000000100000000000011000000000000100001010111000100010000000000010000100000000000000001000000000
0010100001000000000000000100000000000000000000000101000000000000000000000001100000101010000000000000000100100010000000000000100010000000010000000000100001000100000110001100000000010000001000000100101000010000000000000000000000000000010100000000000000
1100000000000011100000000100000001000000000000000000000000100000000010000000000000000000000000000000001010100000000000010000100010000010001000000000010010000000010000000010100000100010000001100010010000000000000010010001000100111001010100001100100000
0000000001000000001000000000000000000000011100110010010100100011000011000100000100000000010000101000000000000000010000001001000010000000011000000001010000000000001010000100100101000110000000000000000001000010000010001000000101010101001000000000001110
1000110000100010001000000100100000110000000000000000001000001001010000000000100000000010001110000000000000000010000000000000001000000000000010010000000000100000000000000100011000000101000000000010001000000100000101000000001100001100000000000000110000
0001001000000000010001000000000000000010000100000000001010000001110000000001000001100010000100000010010000000000000000000000000001100100000000000000101001000001010000010000001001000100010100000100100001010001000000010001000000000000100000000000000000
0110101000000010000000000101011000000000100001001000000000000000000000000000000010001010000000000011100000000001001100100100000000010000001000000010000000000000010000000000000000000000000010000000000001000100000100100000000001000000000000001000101000
0001000000011000100010001000000010000100001000001100000000000000000010001100000000000001000000011000000000100000000000010011110000010000000000001000000000000001000000000000000001110000001000010100000000000000011101010001000000000010000000000100000010
0000001010000001001000000000000000000100000000000001000000000000100000000101001101000000000000000001000111110100011001100000000100001000000001000000001000000011001010000101000000000000000000000000000000000000000100000000000000000000100000100000000000
0001000000010000001001000000000000000010100000000000010100000100100100000000000000000100111000000100000000000000000000100000010001011000000000001000011100011000001000011010000000000010100000110000000000010011000010000011100000000000100100000010010000
0000000000001100000000110010000100000000011001010000101000000000000001010001001010010001100000001000000100000001000000100011010000010000010010000101010001000100000000000000010000100000110100100000000010000010100010010100000001010001000000000100000000
0000001001100000011000011001000100000000100000100000000101000000000001000000000000000000010000000001000000000000101000000000001000000010010100100001000000000001101000000010001000001000000100000000011000010000000111001010110100000101000000000000010000
0001001000001001100100000011000000001000011010010100000000000011001000100000000010000000010010000000000000000010010010000000000000000000001000000000001000101000100100110101000000110000000001000000100000000100100000000001000000100010010000011000000000
0000100001100001100101100000000000000000000001000011000000000000000100000101000000001000010000000000100011001000100101000011100001001000010010000000000000001000001010101101000100011100000000010000101101000000000000000010100000010000000000000000100000
0000000000001000000000100011001000000000000000000000000011000000010000001001000001001000000010000000000010010000000110100000000001001001000000000100000000000010000101000000000100000000010001100100000100000010000010010000001000100001000100000000000000
0000010000001010000000000000000100000000000000010000011000000000000000010101000000000000100000000000000000000110010000000000101000000001000001000000000000001001010000000000000000001011000010010011000100000000000000100000000000000000000100011000000010
0000000001000000000000000000000101010000000000000000001001000001001000000100000001001000000011000010000100000000010000110001010011000001101101010100001000010000010000110010000000000000100000000011010001000000000100010000100000000100000000011000000011
0000000000000000000100101001010000010000001110000010000001000000000000000001000000000000000000100000010000000000000000001000100100000001100100001000000000100010000000000000000000000001001010011000100000010010010101010000010000000000100000000000000000
1000000000001000000000000010000010000111100000100000110000000000100000001001000000000000011010100000001010000000000000000110000000100000100100000100010101000000000100000001000000100001000101000000000000100010001010000000101100000010001000100010010000
0010000000010000001000000000000011000000100000000000000000001000001000000000101010000001010001010000000000000010010100000000000000100001000000000100001000000000000000000000000000101001001010000100000000000000010000000010000000001001100100000000110000
1000100000000000000000010000000000000001000000000000000000000010000000110000000010010000100000000000000000000010000000100000000000000000000000000100000000000100000001000010000001001000010100000000000000000001010001010100001000101010011000000000000000
1000001000000000100000000000000010000000011000000000000000100000000000010001100000000000000001100000000000010010000000010001000001000000010001000000001000000000011000101001101110000001010000010101110000000000000000101101000000000000001000001000100000
0000000000000000000100010000101001000011000010000000000000000010100000000100000001000000000001000000000000100010010000000010100001000000010111000000000100001001100100001001000001000000001011010100100011010000000000000000000000010010001000000000010000
1100000000000001000000100001000010000000100010010000000110000000001000101001010110000010001000000000000010000010010101000000000000000010000100000000000000011000000000000000000000000000000000011000000001000010000000000100010000000000010000000010000000
0010000000000010000000101000010000000100000000000001000001001100001001001100000001000000100000111000000010000000000000000010001100000000000000000000000000000000000000000100101000100000000000100011000000000000000010001000001100000000000100001010000011
0100010001010000100010000010001000011001000010000010001000001000001000100000000000000100000110000000000001100000100000010000000000000001010000010000000000100000000100001110101000000100000001011110000000000000110010110000010000001100000010000100100000
0010111010110001000000000001000000000000000000001000000000110100000000000010100010100000000000000000100000010000001001001000000001000001000000100010001000010100000001010000110101000001100000010001001000000100010000001000000010000000100000000000000010
0001000010000000001000100000100000011000001100000001010100010001000100001000101100100001000000100000000000100000001100100000000000000000000100000010000010000010000010010100001100000001000000000000000000000100000100000100011000101000000100000000000000
0000000000001101001100000000010000000000010000001010000001000000001000000000001000001000011000000000000000000000100000010010111000000001000000000001001000000000011110000000000000010000100000000100000000000010000000000000000000110000000010010000000000
0000000000000100010100000111001000000001000000000100100101000000100000000000100000010000000011010001010000000000100000010000000100000000000010000000000100000100000000000100000011001000100000001010011000100000000000000000010000000000000000001000000000
0000000100001001000110000000100100000001000000000000000010000100010010001100000000100100000010100000000100000010000000001000010000000100000000100001000100000000000011001100100000000001001001000000001000000000000000000010110000001000000101000000000010
0000000000100100000001010000010101000000000000000000010101000000000000000000000000000000000000000001000010000001001100000011000000100001001101001000001000001001100001010010000000000101000000010000000000000000011000100000000100100000100100000100100001
1000001000000110000011001000000001101001010000000010010000100000000001100100000100001010000011001011010000101000010000001000000000000000000000000000010000000010000100100000000100000110000000000000000000010000011100100000100101000000100000010000100000
0000011000000000000001000000000010100110000010000000001101000000000011101000000000000000000100100010000000010000010000000001000001000000000100001101101010100001110000000001000111100110001010000000001010001000000000000001001001010000001000001001000000
0010000000001100001000001101000000100000000000000000100000000000000000100000010100000100000000100100010000001100000100001101000100000010000000001111000010110000000000000101010001010100000000000000001100000010000000100001000101100010000000100000000000
0000010000000001110000000010000000010000110000110000101000110001110000001000000010000000000001000100000000000011010000001000000010000000000000011000010101011000000100000000100010100000011000010101000000000000000000000110001000000000000000000000001100
1010000100000001000000000000000000110000011001000000010000100111001000100000000000001000000000000000010010001000110000100000100000000010100000000001000001000110000000000000000010000000000000110110100110010000000000101000100000010000000000000010000000
0000010100100000010010010000100100000111000100000000000100000100100000100000000000000000001000000000000000000000000000000000000110000000001100110100000100000000000000000001010000001000000100000001000001010100000101000000000000000000100000000000000000
0000000001000110000010000001110000011000000000000000001011100000110000100001001000000000000000010000000000000000010100110100000010100000001000000100100001011100100111001000000000000000000000100000000100000010000000000010000010000011010000000000000000
0001000000010100011000011100110000010000000100000000000000010011000010000001010100000010010000101010100001000000000001000001000010010010000100011010000001001000011000000000000010000001000100100000000001000100000010000000010101000000100000000010000000
0001001001001000010000001000010000010011010000000011000010110000101011000010110100000100000001010100000001000010011000100000000000000010000001000110100000000000000000000000000000100000000000101000000000000000000000000000000000000001000100000000100001
1000000001111000000010010010000000110100000000001010000000000001100001100010001000110010010001000000000010100000000001000001000100000001000000000000000000000000000000000000000000000001000000000000101000000000010000000000010010000000000000000001001000
0010110000000000000100000001010000000100000000100000011000000000000010000000010100000000000000100000000100000100010000000000000000000000000000010000010000001100100001001001000011101100000010000100000000000000001000000001000000110000000000000101010000
0000010000010010000000000000000000001001001000000000000000000000010001010000100100010000000000011001000000000000001001000000000001100000001000101001001101000010110001001000000100101000100000000001100000001100001000100001010000011000000010000100000000
0000010010001101100000000000010000101000000000001000000000010000000100000010100010000000100000100100000000000000100000001000000000000100010000010000000000000000110100100000000100001000100000000100010100000000000000101000000000010000000000000000001110
0000011100000001011011000000001001000000100100000000000000010000010010000111000000000001001000000110011100000000001100000000000000000000000000010010010000100000100000001000000000011000110000100100011000000000000100010000000100011010000000000000000001
1000000000000000010000001000100000000000000000001000110000000001011100001011000110000000110001101000000000000111010100000000101000000000000010000000001001001000000100010001000110001000010000011000100100000010000000000000000000101100001100000010000010
1000000000001000000010000010110000000000001011101000000000000001011000000100000011100011000000100000001000000110010000010000000000000000000000000000101000000000100010000100100000100000100000000000000100000001100000000000000000000000100010000000000011
0100000001001011000000101000000001000100001100000000000000000001000000010000000000001100000000000000100000000000100000010010001010001101000010010000001100000000100010000000000000011100000001110000000000000001000000101000000000100000101000100000000000
1000010000100000000000100000000000000000000000000010000100000000000000000010010000010000100100000000010000010000001000100010000000000000000100001000100100011000000000000001100000000010000100000110000010101000100000000011000000110001000000000011001000
0000000010000110000000100000000000000000000101000101000000000000000000011000000000000000000100001000000101000000001000000000000000001000010001000110000000000000001110101000111000101000000100010000010000000001010000010001010000000100010000100010001000
1000000100010000000101010010000001100100000000000000000100000010000000000000000000000000101000000100000000000000001000000000000000000000000010000000000000000000000000001000000000000001000000000000000000000100000100000010100001000100011000000000010000
0000000000100000010001000000000100100000100000000010000000000000000000000000000001000000011010000101000010001100010011000000010001000010000010000000000000000000000000001001010000011001000000011110000011000101000001101000000000010010100010000000000100
0000000000100001000000000000010010101000000000000101000000000000000000000000000000000001101000010001000110000000000000000000010000100000100111001000001000001100000101100111000100011000000000000000010000000000000100000110000100000000001001101000000000
1000011000000000000100001100000010000000000010000000000010000000100000100000000000000000001010000100000000000000000000000000010010000000000000010000110100010001001000000100000010000101000000000100000100000101000110001000000010000010000000000000000000
1001100001010000101100001000000000000000000000001001001011000000000000000000001001101000000000100000000000010000100000001000011000010001000100000010100100001000000000000000011001001011000100000010000010000000100000001000000100000000110010000000000000
0010000000000000000000000001010101000000000001000000001001010001010000011000010000000000001000100001000000010000010010001000101000100001000100000000010000000000000000010001100000000000011000010000000010000000000000000010000000000000000000010000100000
0100000001111100000100100000011001000001000000000000000001000100100000000010000000001010000100010000001000000010000000000010000000010011000100000000000000000000101000000000000000000010000000010000000010000001000010000010000000000100000001000000000001
0001100100000010001111000000000000000100001000100000010110001010001111100000001001011000100000000001101001000000000000001000000000001000000010000000000000001001000000011001011100010100000010000110000000001000000000000001000000010000000000000001000000
0000000010000000000000000000000010000011000010100000000010100000000100000010010010000000001000001001010000000001000000000100100000000000010100000100000000110100010100010010001001000000000001010100010001101000100000100000000011001010000000010000010001
0000100000100000000000000010000100000100000000001101000100000000000000000101100000100000000000010010000110001000000000000000100000000000100000000000010000000011101000000001000000101000000000000000000110000000000000101100000000010001100000000000001000
0000000000000100100000000000000001000100000000011010110000000000100010000001000000001001001000010000000100001000000000110000011000000000101000000001000000001000000000001000000100001000000000010000000000000000000001001001000100100000001000100000000000
0001000000000000000010010000100000000000000100000010000011111110000010101000000000000000000000000010000000010000001001001000100000110000101000000001000010000000001100000000010000000000000010000010010000000000000010000100000100001000001010101110000000
0000000000000000000000000011100000000000000000001000000101110000100100000100010000000000001001000000000000100001000000000000000000101000000000010000001010101000100000000110001010001101000010000110001111000001000001000000000000000000000001000100001010
0111000000000010000000000000000000010000000000100100100100001110000000010000000000000000001000000001001000010000000000000000000001011000000010000000100010100000000001000001000001000000000000000000000001000010001000000000000000010100000000000000000001
0000100000000000100000000000000000000001001000000000000000010000001100001000000000000000100000010010010011000001000000000010000010000000010011100011000000100001101000100000000010000000001000000010000000000010000001101001000000000000000001010000010001
0100000010000000010100000000001110000100000001000001000001100000000000000000110100011000000000100101001000101001010001000010000000010100000000010000000110000010000001000000000010010000010000010000001000100011010000001110000010000000000000000100110100
0001000011100000000000000010000100110001110111000010000001000000000100011000000000110000000000000100000100000100000001000101000000110000000100000000000100000001110000010001000011000001000000000000000010000000000000100000001010000000000111100011000100
0000000000000000000001001100000000110010000000000101000100000001000000100000101000000000000000000110011000000100000001001100101000000101000000011011110000000000000000001000000000000000000001010000000000000000000001001010001000000000000000000101000000
1001011000010001000000000000000001111000001000110000001000001000010010000000000100001100000000000000000011010000000100000000000010100100000101001000000000000100001100000000000001000000000000000000000000000000010000000100000000000100000000000000000001
0000000000000001000000000000000001000101101010011001000000100000000110001100000001010010000100000000011010000110010100000000010000101000100010000000000000010000010010100000000000000000000010000000000001000001110000011110101000000001001000100000111001
0001100000000000010000000000000010001010010000000000001010000000000000000000001000000000000001100000100100000100000001000001100010010000001000000001001100010000000000010001000000000000000001000000000010001100000100000000111010000010000100000011000000
0010000000000000010100000100000001000000000001000010000000000000000000000000000000001101010000010000000010100000001001000010000100010100000010000000000000010101000000100001011000000000000000110000000101000100000000100000000010101000010000000000010000
0010000000000000001000000000000000000000000000001001000000011000010001101100100000100100010000000001000110001001000000000101000000001000000100000000000000100000001000000000000000000101000010100010011000000000000010000001000000000000010000010000010000
0000000000000000100010000000000010000000000000010000000000000001001000000000000000010000000000000100000110000000100010101100000000000000000000001001000000000011000000001000100011000000100001000000010000000000010000100100000010000000100100000000000000
0000010000010100101100000100000010000000000100001110000000001110101100101101100000011000001000010000000000100100000011000101000001000000001000000000010001001000100010000000010000000010001100010100010000000000000000000000000001000000000000100100011001
0000000100000010000110001000100000000000000011000010001000011100000100000000000010000100000000010100001000000000000000010000000010000000000001001001000000000000000100000111000100000000100000000100010010000000001000000000010011000010010100000001000000
0000000001001010000000000000001000000000001100000000000000000000001000000000101000000001101000010000000000000000100100000000000000000010000000000000100000001000000000100000000000000000000010000000000100000000100000010010010010000010100000001110000000
1011000010001000001000001000010000000100011000000100000000000000000000000010000001000000000001000000001000000001000010110111000000000000101000000000000000001000000011000000110000000000000000110100100000000000010001000010000000000000000100000000010000
0000000000100000010001000001000010000011000000010110011010100000010100000011000110010100001000100111010000010000100000000011001010000001000010000000000000000010000000110000010000000010010011000100001000000101000001000000000011001000001000000000000000
1000000000001101000000001000010010010000010001000000001000100000000011110010010001000101001100000000010000001010000100000000010010000000000000000100000000010000010000000001000000000010000000000000000000000000011010000000000000100001000000000000000000
0000000000010010000001000111000000010000000100001010000010000000000000000000000001100000000000000001010000000001000100000000001010000100000000110000011110101000010000000000000010100001000110000010010000000001100000001000000100000000000010100000000000
0001000000000000000010001000000000000100000000100001000001110000001000100000010010110000100000001000000000000000000000000000001000010000000000010000000001000001000000010101001000000000001100000100000000110000001110000000100001001000111000000000001100
0000000110011000010000000000000001100101000001000100010100000000000100001000000100000101000000000000010101000100000000000001001001010000000100001000010000110010000000100010100000000101100001110000100001000000101000000000000000010000000000010100010001
0000000101000001000000000000101000100010010010010101000000000000010000000001000011000010000000011100101000000001000010000000000000000001000010000000000101000000001000010000001000011000001000100000010000000011110000001110000100010000010000000100000000
0010100000100000000000000101000000000000000000000000000000000110011000000000100000000100001000100010110100010000000100010100000000000010000000001000100000100000000000000000100000000100000100000000011100001000000001000001001010000000000000101000001101
0000001010000000000000000000000110000011010000000100010000000000000000000100000100001000001001000000000000000000100000000000010000000010010001010010000010000000000010000000000000100000000110000000000001010000100000000001000000000010000001000000000000
0100000000110000010000010000001010000000000000001000000000000001100010010100000010000000000000001010000000100000000000100000000100000100000000000000000100010000000000001100000000000000000100000000101000000010000000000001000000001000000100101000011000
0100000000000000000010000001001010000010010000100000000000001000000001000000010000000001010001100001000010000000100010100110000111010010000001000001100000101000001000010000000100000110000011000000100000000000000000000000000000000010001000001000000110
0000000000000010000000100000000000100100100010000000000100000001100010001000001000000010010000000100001010000000100000011000001000001000000100000001111000000000100010000000100001111000001001000001001100000100100000010000000000100010101100000010000000
0100010001001000001100010001000000000100000000001001000000010000000000000001000001100000001000001001000001000000000000000001000010100000001000000010001000000000000000000001110100000000001000000001001000000000100000000000000000000000001000000001000010
0100001000100000000010100000000010000000000100000000000000010000000011010000010000000100000001001100000000010100011000000110100100010000000000010000100000100000000010000010000001000001001100000001000000000010000111010011000000100100001000000000000000
1000000010000010000000000010100000000000010100000101000100000000000000010110000000000000000000010000000000000001000001100010000100000100000000000011010010000010000000000000000001000000001000000100001000000000001010000100000001010000000000000000000001
0011100000000000001101100000000001010000111000000000000000000011000000000000000000000000010000000000000011000001000001000001001100001000000001100000000001000010000000000100000000110000000100100100000000000000000001001001010000010000010010100000000000
1001000000101000010001001000010000010001000000000000100000010101100100000100010000011001000000100000110000100000000001100000000010000001101000100000001011001000001000000000000000101100000101000000000001000000100100100000000000100000000000001000000000
0001000000000000000000000000000011000000000000011000011000011001000000001000001000000000100100000000000010010010000000000000000000000010000010010000100001000000100000000000000010000101000000000000001000000000000000100110010010000010000100000000000111
0100000101000010000000000000000000010000010000000010010000010000000000000010010000000011000000001000010000101000000000000000000000000001000000000100000000001000010000000000100000000000000000010100000000000001010100000000000000000100000000000100000000
0001010000000001000001000000000000100000001000000000000110000000000000110010010000001100001000000000001000000000110000000001000101001000100000000000000000100001000100001000000000001000000000000100000000101101101000001000100000100000000001000100000000
0000000000000001000010000000000010000010000000100000000100000000010000000111000101001000100000011000100100000000000000000000100010100011000001000000000010010000001000101101000000001010000000010100001000001001000000100100001000000000000010001000000000
0010000100001000100000000001000000100000000000000000000000000000100000000010000000000000000000101001010000000000000000110000001100000000000000000001001101000000000000010010000000011000000000001000000001010000000000010010000100100000001000001010010000
0000010000010000000000000000100000001100000000000010010000000000000010011000000010101000000010001000000101000000000000000000000000100001000000001101110000000000001000000000000000010000000000000000000100000000000000000100000100000000011000000000000100
0000111000001000000000000010000000000100000000000000010001000010000000100000000011100000000000000000001100001100000000000001000000101010100000010001000010000001000110000000000001101000000100000000000000100000001001000000001100111000000001001001000000
0000000000101000000110000001000000100000000001000001001000000000011000000001000000100000000000100001000000000100000000000010000010000110000000011000000000000000010000000001000000000001000000000000010001000000000000000000000000000010100010100000000010
0000000000000000000000000000000000100000000000000000100001000000001000100100000000000000000000000000000010000000100000010000000010000010100000101000100001000101000010000000000010010000100000000001000011010000010110000000010000010000000000000000100100
0001000001100000000000000000010000000000000110100100000000010000001000000001000000001100100000100000000000100000001010010001000000000000000100110100000010001001100110000000000010101000100000010001000000000010000000000001101000001010100010000111000000
0000000001000000001000000001000100000000101000000000110000001010001100001000100000000000000000001100100010001110100000000011001000000000100110000000000100000000000000010000000000000001100000000100001000000000100000000000000000000001000101000010100000
0000011010100100000101010100000000000000000100000000110000000010110000001000000000110101000001011000000000000000001100001010000001000000110000010100000101100100010000100001100000010001001000100000000000000010000001000001010000000010000100000100001100
0101010001001000000000000000000000000010000100000000001000100010100011001000000000000000000000010100010000000000000011000100001000000000101000000000000100000100110000000000101100101000100100100000000000000010001000000000000011100000000011100000000000
0000001000100000000000000000100000000001000000100010000000010000001001000000000001010000010001000000100000000110010000101000000000011000001001000000011000000000100000000010000100110100001000000000000000000100001010000001000000000100000000000000000000
1000001000100000000000000000000010001001000101000000000010000001000000000001000100000100010000000000010000100100001010000001000000001000000000000001010000010000000010000000001000010100000000001000100001010110000100000010100100101000000001110001000000
0001000001000000000000001000000000100001001110010001000000100000000000000000000000000000011011100000100000000000100100001100000000000000000100000000101010001000000000100101000000001000000000000000000000001010000000000000010010000000100000000000001100
0000000010000000000100101000000000000000100000000000000000000000010000000000000000000000000000010000010010001001000000000011000010011000100000000100001101011001000100010000010000100000000001000000000000000000001001000100001100000101000100000000000010
0001000000010000001100000000000010000010000000000001000000000000000100000100000000001001000000000100000000000000000000000000000010000000000001000000000100100010000100000100000000010001001001000001010000000010000100000000100000010000000000011100000000
0010000010100100000100111100010000000001001100000000011001001001000010001000000000000001110000100000000000001000000000101000000000000010000000100000000000001000000000010000100001000000100100100010000000000010001000000000100111000000000010000000001000
0011111000001001101000100010000000000100010000000100000000000000101100000001000100000001000010010010000000100000000000000010000001100001000000111110000000000010000000001000000010000001000000000110010000000100000000100000000000000000000000100100001010
0000110001100001000000000111000001000000000001000001000000000000010000010100000000000000000000000001000001000000000000000000001000010000100001000110000000000000000110000010001000000000000010010000000000000001000011000000000001000101000011000000000000
0000111000000000010000000000010010000001000000000001000100000000000000000100000011011010000100000000000100000000001010000010000000000010000000000101000011001000001000000100000100001000000000000001000000000000010000001000000000100000110000000011000001
0000000000101000000000010010000000000001010000100000100100010100010000100000000000000000000010000000000000100010000000000000000100100000000000000000011000000000100000000001001100000000000000010001000000010100000000000000001000000000100100100010000010
0010000000000000000010010001000000000000010000000000001000000000000001000010000000000000100000001000000001100000001000000000000001010000001000000000001000000000001000100000000001000000001010010000000000000000010001000000000000100000110000000000000000
0100000100000100000000100000000000000000010000000010100000110000110000101000000000000001000000000001001100000010100000000000000000010000000000000000010000001110000000010001000010000000110000000100100000000010000001000010010101000000100000000000000000
0000100010000000001001000000000010010010000000000010110000001101000000000000010000000000000001010000100110000001010000100000000001000100000000001000110100010001100010011000010000010100100010101000000000000000010010000000000111101100000001001100000100
0000000100000001000000010100100000001000000000100000100000100000010000000000000010000000000000011100000101000010000001100000000000110000010001000010011000000000010000000001000000000100000000000110000000010000001000000100000110010000111000111000100100
0100001010010001010000100000000000010000001000000001110000000100100000000000000000101000000000111100001000000010000000010000000100100010010000010000110000000000010010000100000000010000000001000011011000010000000001000000100001000000101000000001010000
0000000000000101001010000000000101000001001010100101011100000000001001010000001000010000010010000000000000000000000000000000100000000010001010000001000100000000011011010000000100010001000000000000100000000000000001001100000000000100000000010001000000
0000100000000001001000100011000010000000110000001000000100100000000110010010000110000000100100000100011000100000000000000000000010000000000011110000000100000010000000000010010000100001000000000000100000000000011000010000010000000100110000100000000010
0000000100100010001010000001000010001100000001010010000000000000100001000110000001010000110000000000000000000000000100001110000000001000001010000000000000010001100000111000000000000000001000010000000000000000000010010000010000100000000000100001011100
0001000001001000000000101001000000000010000000100000001001010010100000000000000010000000000000000011010000000001000010000000100001100110000100000010000000000000010100010001000010000001001000100001000010010000001000001000000000000010001000010000000000
0000100000100000010000000000001000000000010000000000000000000001100000100010010000010000010000000000010000000000000000001100101001001010010010100100000000000000000000000000000000000010000000100000000000010000000100000010000000010000000000000000000000
0000110001000000101000110000000000000000100101000000001100000001000000010000000000000100010000000000010000100000000100100001000010000000000010000011000100110100000010000000000000010000001100000010000010000000010001000000001000000000010000000000000101
1000000000010000000000010100100000000000100000000000101000000001000000100010010001100100100000110000010100000100001000101000001000000000000010000100100010000000000000000000000010000000000100000000000000000000000001000000000001110000100001100000000010
0000000100000000000010010100000000000001001100000000000000100000100101001000000100100000011000000001100000000010001100000000010000000010000000000000000000101010100000010000000000000000000100000000010000000000000100000010100000000000000100000010000100
0100000000000000000000100100000000010000001000000000000000000001000001000000000100000001000000010000000100000000000111010001000010100000100000000010000000100000000100100000000000000001010000000101110010110000000000000000000000000000000010000000000001
0000000000010000110100000000000000000100000001000000000000000000000000000000100000100010100000000000010010000000000000000000000100000000000000000000000001000001000010100000000101000000100000000011110000001000110100000001110010110000000000100000000001
0100000000000000000000100100000001101000010000100000000000000001000000110000000000100000000001110000000010001010000101010010000000000000000110011000000000010000011010110100010000000000000110000000000100000100000100001100000000000000000100000001010010
0110001000000001000011100000000000010000100000000001001000000001100000000001000000001000010000000100010110000010100000000000000000000001000000100000000100000000000000001000000000010000001001100000000000000100000010000101000000000010000000000100010000
1000000000100001000100100100000010001010100000000001000000100000000000000000000000100000010000000000000000110000000000000000000000001000010010000010000000001001100100000000000000001000010000010010010000000001010001001100000100000000000000000000000100
0000010001010010000000001010010000000001010010000010010010000000000000000000000001000000000100000000010001000000100100101000000000000000000000000000001000001000000100000001000000100000001100000001001111001000000000110000000000000000000000000010001100
0000100000010001100000011001100000000000000001000000110100100000000000000000100000010000001000001000000000101000000001000000000001000000000000000000101000010000000000001000000000010000000011100000100010000000000100001000010000000001001110000001000000
0000010001000000000110000000001100000001010000010000000000000001000100010000000000100000001001000000000100000001001000000001011000000000000000000010000010000100010001100010010000001100010000001000000100001000000010001000000011100000001000001010100010
0000010000000100000000000001000001000100100000000000111010100000010000100000001100001000000000000001000000000000000001000000000000000000000000000001100001000010011101000011000000011000000000000001000010000100000010001100001001000000000001100000000000
0100100000000000010000010011101000000000000100010000101010000100001101001000000000001000000010000000000000100010000000000001010000000000000000000000010010000000100000000000000110010000000100000000100000001000001000000000011000010001000000000000010100
0100000100001000000000100000000000100000000000000100100010100000000000000000000000000100000000000001010010001000100000100000011100000000001000001001001000000000110010100100100100010000100001010000100000000010000000000100001000000101010001001001001001
0000100000000000010000100001001100000001001100000000010000000000100000000000000000101100000001000000001000001100000000000001100000000001001000000000000010010000001001001000001000000010010101100000001001000010100000000001000100100000000000000000100000
0100010000100010000000000011000000010100110001000100100000000000001100000000001000100010000001001011110000000010000000010000000001000000100010000010000001000000000001100010100010000000000010001010000010100100000000000001000000000000000000000000000000
1000000000000000100010010001000000000100000000010000000100010000000001010010001000011101000000010011010010000000100000001010000010000000000100000000100000100000000001100000001000001010000000000100001000001001000110100000000000100010000000100000101000
0000100100000100000000011100010000000000000000010001000000010011000011010000000100000000000000011000010010000110010100010100010000110010000000000000000000100000000010000000000010010001010100000000101000011000000000000010000000000100000110010001010100
0100000000100010000011000000001000000001010010000000000110000000010001000001001000000010000101000000010000010001000000000000001010000001100000001000100000000100000000000000010000100000001010100100000001010100000010100110000100000001010000100000010000
0000001001000000000010000000100110010000000010000100000010000000000001000000100010000000000001000000000011010000000001110000000000100001101100000001000000100000000001000011100000000000011011011100000001001010000000000001101010000000000100100000000100
1000000000000100000000000001000010000010100000000000000001001000110010010000000110000010000001000100000000000000100000000001000000000000100101000001000110000000000011000000000110110000000001000100001000000011000010001101000101001000000000000000100000
0000000000100100000000000100000000000010100000100001000000001001100001000001010000100001000000010000000000000010000000100100000000000100010100100000000010001010000000000000010000001000111100011000000100000010010100100110000000000000000000010100000100
0100100000000000110000000000100000000000001010000100010000000000000000000110000010010011000010100000000010000000000000000000001001000000100000000110100101000101000010010000001100000101000001101000001000100001101001100010000001000100000100000000010000
1000000001100000010000110010000000010000001000000001010111100000000100000000000000010000000001000000000000000000000101100000010111100000001101010000000000000000010000010001000000100000100110000110101000000000000000100100010010000010101000000010100100
0000000100100000101000000000010001000010100000001010100010000000000001000000010000010000000000000010000010010000000100000000000000000001000000010000000000000000000110000010000000001000100000000000000000000000000100000000100001100000000000000000000000
0000000000000100000000000101001000000000001010010000001010000010000000000000101000000001001000010000000000101000000000000000001000000000011100011000000001000000001000000001001000000000000010000001101000000000000000000011000000010100001000000000000001
0001001001000010000000000000110010000000011000000000100100000000100000000000001001000100001000000100000100000011000000000000000100000011100000000100100001000000000010100000110000001000100000001000000001000100011000000000100001000001000000000100001000
0000100111000101000001000010010000100010100000000001001000100000100000010000001000010001010001000000000010001000000000010000000000000100001100010011001001010000010010000100010000000000000000000000000010000000001000000100101100000000001001000001000000
1010000000010000000000000000000000010010010000000000010010000100001001100000010000001000000000000000000000000000010000000010000100100000110000000000000100000000010001000000001100000000010011010100000010100000100000000000000000100000000000000000000100
0000000011000001000000010000000001000000000000000000000110000000100100001000000001000000000000100000000010000010001100000001000000000000000000101000000100010001011000001001000000000000000000000000000000000100000100101000011000000000000000000000000000
0001000000000000000001100000110000100000000000010000010000000001000000000000110011100000000101101000000001000010000000000001000100010000001000000010000000100000001001000000000100000000100000000000010001000001100000000100010011010100001000101000001010
0000101100001000000101000010010010000001100011001000000000000001110000000010000110011000000000000000001000000000011000100000001000001000001011000001000000000100100000000111001000000100000000001000000001001001000000000010011010000100000000000000000100
0010100000001000000001000000000101100010010000000100100000000000000000000000001110000001000000000000100000101000000000000100000101000000000010000000000000011101000000010000111000100000011000101000001000000010001100000000000100001000001001000000000000
0000000010000000100010000001110110000000001011001000001000000001001100000100110010000001100110100001001000100000000100001000000000000000000100000010000001011000001101011100011000100000000000111000000000000001000000000011000000100101000100000100001000
0000100000000000100000000100000010000000000000101000001010000000000011000010000000100100000000001000000000100110010000101100000010001000100011000110001101100011000010001000000000000000000010000000000100000010000001010000000100000000000010000000100000
0110000000000001001010000000000000010000000000000000100000000000000000010101000000001000000110000000010010000000000010010000011001000100100001000000000000000000000000001000101011010000010000010000100000000100000000000000001000000110100000000000101100
0010100000000000100001100001100100000000000110000000000000000000000000000001000000000100000010010100000000001000000000001000000001000000000001001001010000100000000000000000000011000000010000000000000010000100100000010000000001000010100000000000000101
1000000001000110000100110000010000010100000000000100001000000000010110000001000010100010100010001000001000100100000000000001010001000000101000001000000000000000110000010000001000010000000000000000111110000000010000000010000000001000010001000000100100
1000000010001000100000000011010100110000010010101000001000000010010010000100000000000100001000000000001000000011000010000000000001000000001000001000000000010000001010010000000011000000100000010010000001101001101000000010000000000000101010000000100000
0000000000000000100000000000011000000100100100001010000000000001100010001001001001010010000110000000001101000101000001100000001000010000000000000000000000010000000000100000000101000100000000010010000000101001001100101000101000000000010100000000000000
0000000000000001110000001001000100000000000000001000000000000011000001010000000110100100100000000001000000100100000010000000000000000100100000000111000000000110011000010000100000011010010010000000010000000000000010000000000000010010000010000100000000
1000001000000000000100000000001000000000000010001000000000000000000001000000000000000100000000000010000000000001000000000000100100100010010000000000000010001000100101000000000000000001000000000000000000010000000000100101000000000000100100000001100000
0000000000000101000000000000000000010001010000001010000001000110011000100000000000100010000000100010000010000001001000000000000001010000000000000000010000000000010000010000000010100100000000010110000001000000010001001000001000010000000000000000100000
0000010000000100000100000000100000010000001001100000010100001001000000101000000110000000000000000000010000000100100010000010000000000000000000001000000000000000000001000001000001000000000000000010001000010010000000001010000000010010000000000001010100
1011000000000100000001000000010001000000000001101000101000000100010001000000010000000000000100000100010010000001000111100010010000010001000001010000010000001011000000000000110010001000010000000100000000100000000000010000001101100000000000000010000000
0000001001000000000000000000000000010000000000000010100000000100001001000000000000001000000100000000000000001010010010001000000110000000000000100110000001011010001010000000101000010010000000001000000000000000001000000000110000000011000010010000010001
0000011000101001100001000000100000000010000000100000110000100011000000000000100000000000001100110100000101100101000110000011000000000000000000000110000001100010000100000010010010000010010011100000000000000000000001000010001100100100000000000000000110
0010000011000000000101000000001000000000010000100000000101010000010000000000000000001000000000000000000001000000101000000000110000000001000110010001100000000000000011001000000000100000000000000000000000010000000110010000100001000000000000000101000100
0100000000010000000000000000000000000101110000000000000000010100000000001000100010001001000001010000010000001100100000000001000000000001000000000000000000000000010000000100000000000000000000000010010001000001000000000100000000001001000100000000010000
0000000000000000010001000000000000001010000000000000001000010001100010000000101001000001100100000000010000000010000000000010001000000010000000000000000000110101000000000000000010000100001000000000000001100001001001001000000110000000000100110000010000
0000000000000000000100001000000010010010010000000001100000000000000000100001000010100000000100000001011000010010001000001000100101110000100000010000100000000000000000100100000100110000000000000000000001000010010100000001000100101001110001000001000001
1000001100000010000010001100001000010000000010000000001000000110000100000000001011010001000010010000000001000000100100000001000000001000000000100100100000000010000110000010000010000100000000001001101000100000000000100000111100000000000100100000001001
0000001001000010000000000000000010000001010000000000010000110000100000110000001101000000000110100000000000001010100101100000000001000011000010100110000000000000100100000011000000000000000001110000000000100010001001000000101000000000010001001010010100
1110010011000000000000000001100000000100000000001000000001010000000000011000000000101100011010100001001000001000100000000010101101100010000000010000000000010101000000001000000100000000000000000101100000000000100000100001000000000100000000110010000000
0100000000000000100000010000110000000000100010100000000000010000000000000000000000000000101001100000000000000000001011110000000000000010000100000000010000000000001010001000000000000000000010000000000101000010110000000000110000000010000100000110000010
0010000000100000100000100010100100000100000000000000000001000001010000010000000010000100000000011001000110010000000000010100001000000100000000000100010010010111001100000100000000001100001000000000000000000000000100010100100000000000000000000000010101
0010000110010000011101000101100011010000000100011000000010100011100110110000000000000010000001000000000000000000000000100000000100000000000010011101000000001000000010100000100110010010000000000000100000001010000100000000000000000000000010000000000000
0000000000000000000000000001000000010000100000000001100000000000100000000100100000000000000000001100000000100101110000000000000001000001001010110001000000001100000100000100000000000001000001000000001000110000000010000100010100000010000000000000010010
0001001000000000000011100010001010000000000000100001000101000000010100000000100010000001100000000011000000000000000010101100000001001000101100001010000011000010000000100000100000000000001001000101000000000001000000010000000010000000000010000100001000
0000000000000000000001001010000100000000011000001001000100000000001000000000001010010000011000000110001000001100000000000110100110100000000100100010010000000000000010100100000010001000000100000000000001010100000000000000000000000000000000000000100001
0110000000100010010001010000000010010000100010000011000100011000010000001000000000000001000000010000000000000000101000001000100000010010000000000000000000000100000000010000100000001000000000000000000000100000000010001100000000001000011000000010000000
0000000000000100000010000000000010000001101000001000000100000000101001100000000100000000000010000000000001100001100000000000000000000100000000101000000000100001000001000000000000100000000010100001100100000000000011001001010000000000001000010000001000
0000010010101000001000000001000010000001100010001000011000000001110111010000010000100000100100000010010000000010000000001010001001001000001000100110000001001010000000000010000000000000000101000000001010100010011100100000000000100000001000100010001000
0010000100000000000000010000001000101000000000000100100000101000000000000000010001100010000101000000001001000000010000010000001010100000000000000000000010100010000001000010000001000000000100000000100000000000001000000000000001001101000000100000000000
0000000000000000100100000001010011000000000000100001000000000001000000001100001010000011111000000000000000000100001000110000010001101100101111000000000000000001100000000100000000001100000000100011100000001000000101100000000000010000000000000100000100
0000000000010000000101010000001010001000000010000000000000100000010000000001001010000001000000100000010001000000000100000010000010010000001010111001000001010000000100000000000000010000100000100000000000000001000000000011101000001000000000000001000010
0001000000011010101000000010000000001000010000100100000000100000111000000011000000000001000000010000100010100100000100000000001000000010000000000100000000000000100010010001001000000000000000001000001000000001000000000000001000010000100010000000000000
0000110010100000100000000001000001001100000010001000000010000000000000000000000000100001000100000010000101000000000001110010001000000011001000000000000000001000000010000001000000000001000000000000010000000001000000000001001110000000000001000011000001
0001000000000101011000010000000000001000000010000100000000100000010000000000000010010000000010100000101000000010000000010000000011000100000000010000100100000000000000001000000000010000000100001000000000000000000100000000000100000000010101000000010100
0100100000110000001000000000000000100000100000001100000010000100000001000000110000010000000111010100010000001000000010000000000100000010100100000000100000010011000000010000010101100000000010100001000000001000000000000000010000000000000000000010000000
0000000100000001000000000001100000000000000000000000010001100000000000000000100000000000001000001110010000100000001101110001010000000000000000000010100000010010100000010010000110000010010000000000001011010000000000010000000001000100000100001100100000
0001001010000100000010001000000000000100000000000000100000000000000000101000000001000100100001000101000001000000000000000000000011011000110100010100001001000010000001000000000000000000001000000000001000000000010000000001101010100000010000001001000000
0000000000000001010000000000000000100000100000000001000001000010000110101000000000000000000001100100000100000100010000000110000000001100100000000100010000000000000000100000100100000000110000000000110000001000001000100000001000010010000000000000010000
0000011000000000000000000000000001110100000000000000001000000010000000010000000001000010000100000000010000001000100000001001000000010010000001000010001000011000100010100000000110000000100000010000010001010000000000000001001001100011000001101100000000
0000000000000010000000001000100100101000001000000000100000001000001000000001010000000100000010000100001000000000010000010000000000001000000000000100000110000011000100010011010100010000000000110010000000110000010000000100000100000000010010000001001000
0000000100010000000000100001000000000000000010010110000011000100001000010000000100000000000010000000000110000000000000101001000100001000100100000001000110000000000000100010010000110000000000000000100000000000000011000000000000010001100001000100100000
0100000010000000000001100001001000011000000000000100000000000000000011000000000001000000010010000000000000000110000000000001000000110100100000000000010000000000000001100001000000000001000000000000011000000010000010010010000000001010000000000010000000
0000000010010001100000000010000001000000000000010100000000000000000001000111100100110000000000000000001000000010000000000000010001100100010000001000001001001000000000000000000000000100100100100010000000010000000100010100100000100000000000100000000100
0001100000000000001010000100000000000000110000000000100000001010011000000001000110000100010000100001000000000100001000110000100000010000100000010001001000010001010010001000000001000100010000100010000010000000001100000100100000000000010000000000000001
0000100000000010000000001110001000000000000000000000000000010011000000010000000000000000010000000101000000100000100000000000000001100100100000000100000001000001010010000000010000010001000100000010000001000000111000010100000010000010000101000000000000
0110000100000000000000000000000000001000001000000100001000000010000001100000000000010010000000010000000011001000000000000000000100000000001000001000110100000000011010001010000000000001000000000110010110000000010000000100100000000000000100000001100011
0010000000000000001000001000000000000001000000110010010100000000000001111100010010000000000001000000000000010011000000000110000000001000001000000000010000000011001000000000001000101001000101000000010000010001001010000101000100110000000000000001100000
1000100000100000000000000010011000000000000001000001000000001000001000001000100000000000000001010100100011010000111110000010100000100100000100000000010000000000001000000000011100000010000010010010000100001000010000010000000000000000000100100001000000
1101000010000000000000000000001000001001000000000100001000000101000000000001000000000000000010100000000000011000010000000010000000000000000000010110000000010000000000000001000001000000000000000010000000000100000110000000000000000000010100000000000100
1000100000010000000000100000000000010100001000000000000000000000010011010100010100000000110000001010010010000000000100000100000001000011000010000110000100010101000100100000100110000000000000100001000000000000000000000001000000000000000011000000010000
0011001001100000000000001100100000000010000010100000000000010000111000001010100001000111000100000000001000000000001000000000000000010000000010000000000000000000000000100000000110000000100000000000010000000000000000000001001000000011000010001000001000
0100000110000000010100010000010000000101000000000000001000000000000000000000000000000100000000000100001011010000100000000000000001000011000100100101100010000000000111000000000000000000000000011100110000010000000000000000000000000000001000000000000000
0000010000000000000100001010001000000010000000001000001100010000000100000000000100010000001010100000001000010000101000000100000000100000000000000010000000000000010000001001000000000000001001011001000000000000010100010010000000000000010100010000100000
0001000000000010000000010101000000100000000000000000001100100111000000100000100010000001010011000000001000000000000000000100001000001000000001001000000000100010001000000001011000000001010000000001000101100000001010000000000000000000000001000000100000
0010000000001010000000000000010000000000000001000010000001100000010000000000100000100000100010000000100000001011010100010000000000000011000000000001000110000100001100000101000000000100010000000000000000000000000101000000000000100011000001000010001000
0000001010001000000000000000000011000100000100000001101000000011000000001001000000000000001000000000000001000001000000100001100000100000000000000000100000001000001000000000000000000000000010000100000000000000000000100011000100100000001100000010000001
0010010000001001000011001000000001000001000000000000000010000000000001000000100001100000000000000000110010000000000011001100010000011011000001000000000100000100110000000010000011000010001010010010000000010000000100000000100000100000000010001000000000
1000101000000010100000000100100000000001000001000111000000010001000001000000000001001000000000100000001010000000000100000001001011000000001000100000000010001000100000000001010001100010010001000000010001000000000000000010000011001010000000011000110000
0001001101000000000000000000000110000000010001000000000000001100000000001000000000010000000000000010110000100000000000000101000010000000010001100101000000010100000000000000110001000101000010010000111010010000000000000010000100001100000000000100100000
0000000010111001000010000000001010001000000000000010000100000000100000000010000000100010000100010000000000000000000001000001000000000000000000110000000001100101000010001001010001000100000001000000010010000010000010011000000010000000001000010000000001
1100000011100010100100000001010000000010000000100100000000010000100001100000011000000000000000000000000100100000101100000000000000100000000000001001100000000000011000000100001000000010000101011010001110000000000001000000100100100000001010010000000100
1000010000100001000000000101000101100000100101000000100000000000000000001100100000100000000001000000000000010010010000000000000100101000001000000101010000000000000011000110101010000000000000100100000000100100110011000000010010000000100000100100000000
0000000001000000000000100000010001000000010010000000101000000000100001010010100010000001000000010001000000100110000000000001100001000000000010000000000000110000000000000000000000000000000000010100110100000100000010100000001111000010001010000000100000
0010000011000000110000100000001010011100000000011001000000100001000000010000000000000001000000000001000010100100001010000000000100000000010000000001000100000110100100000100011000000001000000000000010000000000000000000001000110000000001000000000000000
0000000100010010000001010000100000000000000000001000010000000010010000000000100000000011100010100010000001100000001010101000000000000010100000000000100001010010000000001000010000000111000010000101100001000000000000100000001101001000000000000000000000
0001000000100000011000000110000000100000001000000010000100000001000010000001000001000100000000000000100000000000001100000000000000001100000100110100000000001001010000000000000000000000100000000001000000100001000010000000000001000000110000000010000000
1011010001000001000000001000000000000010001010000000000000001000000000000000000010001010100010010101000000000000000001010000100000001000000010010000010000000000100000100000100010000000000101100000000011000000000000001101000000000010000000000010000110
0110110010000000000001101000101000000000010000000000000000000000000000010000001001000000000000010000100000100010001000100100010100010010000101000000000000000010000000011000000001000001000000000000100111010000000001000000000000010000000000010001100000
1000000000011000000000000100011000000000000010010000100000001000000001100110000000000000010110000000000000000001000100010000000000000000001000000000000000000000000000000100000011000000000000000000000000100010000000010000000100000001011000000000000000
0000000000100010100000000010000000000100000000000000000000001000000000000000010000001110000010000000110000000001001000001001101010000010001000000000000100110000000010001000000010000000000101010000101001000100100001000000000000000101000000111000010000
0010010100000000000000000000000000000000000110001100000000001000100010000010000011001011000000000000000001000000010000000010000000001000000000010011001000000000000000010011100000000100000000000000000000001000000000000100000000000010001001000000000001
0000010101001001100010100000100110000000000000000000011000000000000000000010000000000100110000000000000010000001100010000001101000111000000000010010001100010000001000100000000010110000000000000000000010000000000010100000001001000000000001000000000000
191 132
141 91
