250 250
0000000110011000000001000000011100001110000000001001000000000001100010001011000000101000100000001010000000010010100100000000001000000101000010100001000010000101000000000000010000001000001000000000010000110000100000000001000000000001010000100100000010
0100001000000110000001000000000000000000000000100000110000000001100001000111010001000000000000000000000000010100011000000000000101100000000000000001000000100001110000111010011111000000010010000000000000010010101000100000000010000000000000000000000011
0000000100000100110011000110010100010101000001000000100100000000100000010110001000001000100000001001100000000100000000001000000000000100001000010000000000000101000000000000000000000101000000001101101001000010000000000000000101000110010000000001001100
0000000000011001100000010001011010100010110000011000000100000000100001100000100000000001000100001000001000000000000000100100001000000000000000000000000000100000000010010011000000000010000110000000100000000000000000000000000101000001000000000001001010
1010000010001010000000000000000000110000100100000000000000100010000000001000100010100000000001000101000000000001010001000010010000100000001000010000000000000000010000001000010000000000000000001010001000001000100000000001000000001100000000011001000000
0000000000010010000010000000000011010010101100000100001000011010101101000001000000000001010000010001011000000010001000000100000000000000100000000000000000000000001000101001000000001100101100001001101000100000101011000000010000000000100000000000000000
0000000000001000000010011000010000001000010101101010011000001001000100100000100000000000100000010000000010000110001010001100000000000000001001000000000000000010001001010011101111000010000000000000011100001000100000001001100100010010001100100100001000
0000111000000000000010110010101000000100000000011010010000000000101000000010000010100000000000001000001000000001001000001000000000010100000100000010000000000100000001000010001100001000101000000000101010000000000000000000000000100000001100010010000001
0001001001000010010000100010010001001001010010000000111001000000000010110000011010001101000001000000000010000001011000000000010000000010010010000101011001000000110100100000001100000000001010000100000000000000000000010000001101000000000001100000001000
0000000010000000001000000000000001010000000000000010000000100100000010000000000100000010101000110000100000001000100010000001000000001000001000110000010000100100000000000010100000010010100000001010000100101100000000000000010000001000000100000000000000
0000001001000010100100110001000100010000000001010001100000000100010000100010000000000100000000000000001000000100000000000000000000000000000000010001000000000001000100010001000100000000000000000010000000001000000100000100000010000000001000000000000000
0000000101000010000000001100110000010100000010010000000011000000110010000000000000001000000000000100011000000100100010000000010011000100100000000000000001010011000100000110010010010100000000001000100000010100010000100000000001001000001000000000000100
0000000000110011010011100010000000101111000100000010000100000000000000000010000000100000001000000001001001000000000000101001000000000011000000000001100100000000001000010000101000001100010100000011010000100110000000001000001010001000111100000001000001
0000010111100000000000100000101010000001000010000000001101011000000000000000010000110001000000000000000000000000000000000000000000000000001000000000000000000000000001000000000010000100000000000000000000100000000000000001100000000011000000000000010001
0000000000001000000000001000000000100000001010000000000000101000000001000000001100000000100100000100000100100000000000000001000001001010011000000001001000000000000001001000000000000001000000000000001000000000100000000010000010001000100000001000000000
0000000000000000000000000001100000001001001000011001010000000000000000010001010000000000000000000010000100000010000000001011010000000000001000000100000000000000010000000000000000010000100100000000000000000000010100001000001010000000001010100010001010
0010000100001000100010001000000100001001010001000000010010000000000000000001000000010100001000100001000000000011000000010110001100000000000000001000000000000010000000000000000000001000000001000000101110000000001000000100000000001000001001011100000000
0000000000000000000001000000100000000010000000000001001010000000001100100000000000000000000000101000000100110000000010000001000000000000000100010100000010000000000010000110010000000000000000000101100000001000010000000000000000000010110100000000001000
1100100000001000000001100000000001000000010000000010000000100010000100000000001100010000100100010000000000000000110010000010000000010000000000010000000000000001001100000000001010100000000000000100000001000100001000010001000101000000000000000000010010
0000010000000000000000001000101000100100101001100001000000000110001000000000010010000010000000000000000000000000100000001011001100010001000000000000000000000100000110000000000000000000100000100110101001100100110000010000010000100000100000000100000000
0000000000000100000000010000010000000000000000000000000000000000010100001100001000000001000110000000000001000000100000001010001000101000001100000001001010010000000000000100000100101101000000010000001000010001000000100100000000000001000000000000000101
1000001000000000000000000100100000000000000000001110100110001000000010100010001001000010000001000010000000000011000000000000000000000101100100000100100110000010100001010000000000001100000001010000100000010100001000000000000000000000000000000000001000
0001010001000011000000001000100000000100010000000000000000101000011001000000000000000010100000010100010000100000101000010010001000001000000101000010001001010000000000000000000100000000000000000001010000000000010000000000001000001000011000000011000010
0101000000110000010000000010000100010001000000000001000000000001010000000000110001100000001010000100101100010000000000100001010001000100100000010110000010000000000000010000010011100000100000000000001100001100100000000000000011000000100001001000110000
1110010100001100000000000010000000000000000100000000100000010000011000000000000000000001010111010000100001100000000000000000001000001000100010000000010110000000010000100001011000000000000001000011000001010000000000000100010000000000100000000000000000
1000000100000001010001000000000000000000000000000000000000000110100010000100100001000000000000101000000100000000100001000000000000000000010000001101001010000010100000100000000000000000000000000000000100000010000000000010100011010101010001000000000000
0000000000001000011000001000000100000001000010000000000010000000000001110100000100100001100100001100110000000000100000011010000011010000000001000001000000110001101001000010000000100000100001100010000000100100000000000000000100000010000110100100000100
0100100001010010001001000010000010100001000010000000010000000000000100000010000000100001110000000000100000010000011000101100000101000001000001010001011000000001011100000110000000000011000000100001000000001000000000110000000000000000101000001000001000
1000000000000010010000000010010100000000100000010000000010000000100000000000000000010000000000000000000110000000000000000000010000000001000001111000000000000010000000101000000100010100001001000100010100010010000100000000001000000011000000010000000000
0000010010000000010100010010100000001000000000001110000000110010000000000000000100111000000000000000100000000000000000000000110000010100000000000100100000000000000000001001010010010010000000000000000000001100000000001000110000100100000000010010000000
0000000000001010000000010000000000010000000001001000000000000000111010000000000000000000000001001000000100100000010110110000001000000000000000100010010000000001001000000000000000000001000010000111000000010100010000100000000000001000000001100000000000
0001001100100010000000000000001000000000000010000000000000000001000000010000000000010000000000001000000000000000100000000010010000110110000001000000101000000000000000000000101000000000100000000000010100010101001000000001000000101010001010001000001000
0000001000100010100011000000000000110000000000000000001100000000000000000000010000001000111000100010001010100000000010100000000010000000000000000010010010000000000000000100000000000010000000011000000100011000000000000000000010000000000100000010000010
0000001000000100000000000000001000100000000010000110000000011000101000100000001000010000000000000100000000010001000000001010001100000000000000000010101111000000000000000000110000000000001000000101110000001010010000000001000101001111000010011000000000
0000100010000000000000010000001100000011000000000000110000000001000100000010000001000011000000011000000000000101000100010000000011100000101001000000000010100000000000010000010100000000010000100000000000000000000000010000010000101100001110000100010000
0000000000000010000000000100110001000000110000001000001000100000000010110000100000000010000010000001101000010001010100001100000100000010010010000011000001001001000000000000000000011000010000100000000100100001000000000010011100000100000000000000100010
0000000000000000001010010100110101100000010100100100100011000101010010101000101010000001000001010000100000000000110000000010000000000000000000001001000101000000001100000100100001000100100010110000010000011001000000000000000000000010000001000011000000
0000000100000000010010000000000001000100000000000001000000101000000000001001000000010000000100000000001000010000010000000000000101000011000000000010000000000000100010000010000010001001000110001100000100000000000000100010011010010110000000010000000000
0000000000000000001001000000000000000000000100101000000001000010000010000000000101010000000100000100000000001000000000000010000000000000000000001010000000000000011000000000110000000000010001000110110000000010010001010000000000010001000000100010000000
0100000000101000000000100000000000000000010001000000000000000000001000100000010010001100001000000000001010000001000010000000000000010000100010100001000010001010000000001011000000000100100000001100000000000001000000010010001000101000000001000101010000
0000000000000100001011000001100000110010010010000000010000010000000000000000000100000000100000100000000000010000001001010001000101000000100000100001000100110000000001000000000001000100010000000000101010000001001101100000010000110000001001000000010001
0000000000000000001000000001000000000110000010101000000010000000000100010000100110000000000100010000000000000001000000000000100000000000000000000000100100100000000100000100000000000000000000011000000000010100100000000100001001000000000000000000001100
0010001010100100110010000011001001011001100000000000000000010000000100000000000000010000010100000100000000110000100000000000001000001000010100001100000010000000000100001000100000010011000100000000000010110000000000010010001001000100100100000000000000
0001000001101000001000001010000000000000000001000000100000001000100001011001000100000100100100001000101100000000000000000011000000100000000010001010011100010000000000000101000000000000001000010010001000010000000000001000010001010010001100000000100001
0010000000001100000000000010000011000100010000000000000010001000000000001000000100000000000010000100000000110000000101000000000000000000001100000000011000000001000010000000000000000000000001001010000100100000000010001000000000010000000000110100000000
0000010000010011000000000001000100000000000000000000000001100000000000010010000000000001100010100000000000000001001000111000010100100000001010000000000010100000100000011100011000000000000000000000001000000000000000000100000000100000000000000100000100
0010101100000100000001010000000000000000000000001001010000000001100010000000000110000010001110000001000000001000000000001000101100010000000100000000000010001000000000000001001000000100000000100110010000001001000101000000001001000000000000000000000000
0000000000101001000100000000100000010000100000000000000000000000000000000000000000000000100000010000000000001101000000100000110000100000000000010000010000100000000010011010000000100000001000000100000000000000000100000100000010000100000000000000010000
0000000000000001000001011000000000000001000000000000000110001010000000000000000100010000000011011000010110010100000001000000000100000110000010000101000001100001000000000000000000000000000000000000000100000000000000000100000001010100000010110000100100
0000000100100000100000000011010000000000000000000100110100100000000000000010000000001010000010000000000000000000000000001000001000000100010000000000100011000111000000000000000001000000000101010101000000000000000000010101011100100000000000000000000000
0000000000010000101001111000010001000000000000100001000000000000000000000110100000000000100000001100100001000000010000000000000011000000000011010110010000000000100110010001000000100001000000000001100010101000001000000000000000100000000000100010000000
0001010000000100000000110011000000000000000010000000000000010000000100000010001000000110100000100000001000010000000101001001001001000000000000000000000000000010000000000000100100000010100100000000000000000010000100000000000010000000000000000000000001
0001000001001000001000010011000000000000000001001000000001000000100110010000000000110010010100000100010000000000100000100000010100010000000000000000000000000010000000010100000000001000101000100001000000000100000100000000000000001001000001000000000000
0000011000000000010000000000010000000101010100010000110000000010000000001000001000010000010001000000100100001000000000010100000100000100000110000000000000010000000000010000000010000000000000000001000100100100100001000010000100100000000000000000110000
0000010000000001000010000000000011000000000001000101000001001000000000000000011000000000100000000010000011000100100100110000000010000000001100000010000000100100000100010001001011000000010000000110100001000000000001000000010000000000000000100010000000
0000001000010000000000110000000100000100010011100001100000001100000000000100010000000001000000010000010001100000100100001000100000000000101000000001100000001000100000011000000000101000100000000100100001010100000000000100010001000100000000100101000010
0010010100010010010010000000000010000000111000001000101010000100000010100110000001000000010000000000010000000100000000000000000000000100000000000010000000000000010000100100000000001001011000000000000000001000000010000000010000000010000000100000101000
0110000001001010000000010010000110001010001001000000001000000001000000000000000000001000011010000010000000000000110000101000010000000000000000010010001000110100001010000100000000000000010000010100000101000001001001100001000001100000010011100010000000
0000000001010000010000000110000000010000000000011000010000000100000100000010000000100000000010010000000000000000100001000010000000000100010110000001000010000000000110001001000100000000100100000000001000001000000001000110100100000000100000110000000000
0100001011000010000001000010000000010000100000010010000000100000100000000100000000000000000000000000000101000000100101100010001000001000000000001100010000000010001000100000000000000000011100000001100010010100000001000000000001000000010000000000001000
0000000000000001000000100001000000010000010000000000000000100101000000010001000000000100010000000100100010000000100000000001000100001000000100001011000100000000100001000000101000100000000000000000000000000000000000101000000010000000100100010000000000
0011100000010000100000000100000000000101000000000000000001000000001000000000100000100000100000010001000000000000000000000110000000000000000000000000000000000000010000000101000000000001101010000010100000000000000010010000000000000010010100100100001100
0000000000000000111000000010000000000000010101100000000100000010100001000000000000001001000011000000000000010011000000001000000010000010100010000000010010000010100100000101100000000010000011000000000000000001011010000011000000100000010000000110000000
0000000000000000010000000000000000000000010000001000000000010000000000001100000000000100000000000000001000000000100000100000110000010000000000000000000000001000001100010000000011000100011101000000000010000000100000000000100000000000001000010000000000
1000000000000100000000001110000100110000000100000000000000000000000100000100110100000100000000000000000011000000000000010000000010100000011100000001000000000000000000001001000010010000000001000001100000000000010000010001000001100000100001000001000010
0000000000000011000001000000010010000100000010010000010001000100000100000000000010010000000000000010000010000000000100100000100010000000001010001010000000001101000000000011001100000000101000000110001000000000000000000000000100000010000000001100000000
0000110011000100100000001000000001010000000010000100000000100000000000000000100011000010000001100100100100010010000000000100100000000010000010000010000001010010001000100000100000010010000110000001000000110100010000000100000010000100000000000000000000
0101100100000000000000000000000110000010000000000010000000000100000100010000001001001000000001001100000100010010001000000010000000110100101000000000000000001010000000010001000000000100000000000000000000010000001000000010000000010001000000000110000000
0100000000000000000000000000000000000100000000010101000000000001000100001000000010000000000001010000000010000001000000000001000000010000000000001000000000010100000000000000101010000010000001000100000000010000000011000000000001000001000000000101000110
1100001110000001010000000000010101000000000000010100000000000000000000000110000010000000010000100000001001000000000000010000000000000000011010100100000000000000000000000100000000000000100001000000000000100000010110000001000101000000000100000100001000
0000010010000100011000000010100100100000000000100010101100001000000000001000000000001000000001001000000000000010000000010001000100100001000000000000110010000000000010000000101000000000111000100100101000000100000000000000011100000010001000001001100000
0000000010000000110000100000010110000000000001100010001111100000000100001011010100000000010000000100000101010000100000000000000010001010100100000000010000010111000100100000000001000000000001101000001010010010000011100001101000000000100100101000000100
1110000000000001011000100000000000001001000000001001000100000001000000000000100110100000000001000000000000000000100010001000000100000010010010000100000000000000000000110000100000000010100000000001011010010000000011100001000000100000000000000101000100
0011010000000100000110000000000000100100000001000000001100000000000101000000000000000000000001000000100000101011000100010000100001000000000110000101000000100010111000001010001000101000001000100000000001000100000000000001100010000000000011101001110000
0011000001000101000001110000010000100000000000010001010001010000010100000100111000000000000000000000000010000000000000000000000000000000000000001000000100000011000000000010100110000100000001001000000000000011000010001001000000100010000100000000010000
0000000100100010001000001000000100000001000001000000000000010000010000000000000000010100001100010100000000000000010000000000000001001000000001010001011000010000010000000101000101001000010001010000000000000110100100100000000000100100000000000001000100
0000000100000000100000000100000100101100000000010010000000000000000000000001000010010000100000000000100000000000000100010000001100001000000001000000000001000010000000000000001000000100000001100000000000000000000010000000000010111100000100000000001001
1000100000100000010010010000000100010010000000000001001010000000101000000000011000000000000001011011000000000000110010000000001000000000000001100000000010000001000000000000000000011000100001110000000010010000000000000100101000000000010000100100001000
0000101010101100111000000000000000000001100000100010000000100000000000000010000000000000000100000010000010000100000000001000000100000000110000000100000100000000000010010000111010000000100000110000000100000001000000100000000101000000010001000000100000
1001000000000000000000010010010100000001011100100010000001010110000000001001001000000100010010000100000000000000000100001010000000110000000000010000001000000000000000000000001000000010100001000100000000000000101000100000000001001000000000011100000000
0000000000010000100000000000010000000000011000010000100000000000010000010001000010000010000000001000000011010000000100001010000000011000001100100110000000010010000000001001000100000000000000010001010000000001100000100001000000000001000101001000000001
1100000010000000000111100001000000000100000100100000000000010000000000000000000101001000010000000000000001000000000000100000000000000100100000000111001000100000000100100000000001000001000100010000001000010010010000001000000000010000011000000000000000
0000100100001001000010001000000010000000010001100000000001000010000000000100100000000000100010100100001000000000000000100110000001000000000001000000000100000000000000000000000000000100000000000100000010010010001100000001000000001000000001000000001001
0010000010000000000000000010000000000100000110000101000010000000100100010010110000010000010000100000000000000100000001000001000010100000110000000000000000010001000000000000100110000000001000100010000001001010000000000000010010000011000000010010000000
0100000000010010000000000100000100100000000101000111000010000010110000000000000000000000011000100000000000000000000000000000000001000000000110000101000000101000000000011000000000000001001000000100000000000000100100001001000000001010000100000101000001
1110100000010000000101000000000001000100110000000000001110010000000100000100000011000000000000000010000010100001000110000000010000111000000100000110000000000000000001001000100000000000100100000010000000000000000000100110000000000000000000000000000001
1000010000011000001000000000000000001000101000100011010000000000000000001010000000000000000000000000010010000000000001101000000100000000000000000100000000101000000010000000000000000000100000000000000101001000000001000010100010000001000001000000000000
0000000010000110000000000000000010010101000000000001000010000000000000100000001000001000100010000000000000010000000010000000001000000100000000100010010001000000001000010000000000000000101000000000000010100110000000010010000000000000000001000000000000
0000000100010000110000000000000000001000100000000010011000001000000010011000000000010000000011000000010101010000000011000100010100000000010000010000000101000110000101000000000010000000000000000100000001010010000010100000111000011000000000101010010000
0000001110000100000010000000000000100011000001001000000001111000000000000000011001100001100001000010000000010000011000000010100000000000000000000000001101000100000000000000000010000000000000000000000011100000000000100000100000001100000010010001000000
0000000000101000001101000010000000000000000000000000000011001010010000000010100000011000000000000000000100110100010000010010001010100100000000000000010000000000000110100000010000001000000000000001111000000100100000100000010010000010000000000000000001
0000000000000010000000000000000000001001000010000100010000001000000000000000011100010000000100001011000000001000000000000000000100010000010000001100010000110000000000000100000000000000000000010010000000000100000010001100000000000000000001000000000000
0100010000010110100010000000000000000010000100000000010000000000000001000000010000001000000000100000010000100000010000010100000000000000100000000100001010000000000000000100000001101000001110100000000000000000010000000010011000010111000000010000000000
0100100100000000000111000010010100000000110010010000010000000001010100000000000100000100001000000000000000000000000000100000000000011001101101000000000000000000010001001001000000011000110000000000000001000000000010000000000000000010010000100000000001
0001000000110000000010000000100000000001001010000000000000000001000000000011100100010000000000100000010000000000000010000000010000000001000101000000000000001000000001000001000000000000001001000000000000000100000000000010100100000000001110100101000000
0010100110001000001000000000000001000101000000010101100100000000000000000100101000010000000000000000001001000000000010000000100000000000100000000000000000010001000000000000000000000000000000010001010000001010000000000011000010110000000010110000000011
0000000000000010010000010000110100000000110111000000010001100100101000000110001000000101000010000000010000000110001000110100000001000100100000000000100000100001000000000000000000000010000010000000100000000000000111010000000011001000000000000000000010
0000000010110000000100000010110000000101000000000000000000010100000000000001000010000000001000000011000000011000000000000000000100100000010000000000100001010000100010100000100100110000000000000000000000000000110000010011000100001100100000000000010000
0000100000000000000001000000000001000010100100000000000000001001010000000000100100000000000100000001010000000000000100100001000000000000000000100000010000011010100011100000000000000100100000000000010000001010000010000010000000000000000011000000010000
0010000010000011000000000000000000000010000010010000000010000000001000000010000001100000000000110110000000001000000110000000010110000000100110100001000000000101010011011110000000000000000000000100000000000000100101000000011000000000000000001000000000
1001000000000000110000000000100000011000000000000000100101000000000001010011000000000001010000001100010000000011000000010010000010001101100000010001000010100000000010000000000001000001000000000000001000000010000001001000001010001000000000000001011001
0000000000000100000010001000000000001000000000000000000000000000000000001100010100000000000000000000000000000001001000000000000010001001000000000100000000000000000000000000001000100111000001000100010011000000000010001000100000000010000010000000100000
1100000000010000100000101000000100000000000010000000010000100000001001001000010010010000000000000000001001000000110010100000000100000000010000000000000010000000011000100000000000000000010000000000000010000000000001000000000001100100000001100000010101
0000000000000000000001000000011000000110000000000100010010010011010000000001000000000000000001100000010000000001000000000100000000100000000000000000000000010001000100000000000000000000000000000100000010010010000000001000100001010000000000000001000100
0001000100111001001000100000000000000000001000000000010011000000000000001001010000100001101000010110000100000000000000000001001000000000010000000101000001000010010000000000000100001000010000000001100000000100000000000000000100000000000000000100100100
0100110000010001010000110000001001000100000000000001000100001010001000100000000000011001000000100000000000111000000000001001010000000000000100000001000000000000000001100101100000100000100001000000100000001100001000000000000000000000000000010000000000
0000001000000100000001000000000000000000000000000100011000000100000100001000100000110011000000000010000000001000000000001000000000010000000000000000000100100000000010011000010000000001000101001000010000000000000000010000000000000000001000100000000000
1001000000001100000010100000010010000000000000100000001000010000000010000010000000101000000000010001010010101000010000000000010000000000010000000100000000000000100000000000011110000010000000010000100001011001000000000000010001001010000000000010100000
0100011000000000000100000000000000010000011110001000010101010000010000000000000001011000000000100000101001000010011110000010000001000011101000001000000000100000110000001000001000101000000000101000000000010000000000000100100001000010000100000000100000
1000000010000100000001000010000001001000001000000010100010101000000000100000000000100000000010100000001000000000000010000000000001010100000000100000001000000101000101100000000010100000000000000010000000000100000010001000101100101001000000100000000000
0000001100000010000001000000000010000000000000011000001000000000110000000000000000000000001100000000000000000000010000000000010001100010100000000000011100000000000000100000101000110000011000000010000000000010000000000000000000000100100010000101000000
0000001001010010000010000100010000100010100000100000000001001001000010000000000110001000001000000100100000100100000100000101000111000000010000010000110010001000010000000010000000101000000001000000101010000000001000001000000001000100000000000010110100
0000000000101111010001000000000000100000000010010000101010010000000000000010100000000000000000000000000000000000010000001000001101000010001000001011000110000101101001000000010001101000000000010010001000000000000101000000000000001010000000010001010000
0000000001000100000001001000000000000001001000000000010000101010001000000100011001000000010001100001000010000000001000000000100000100000010001000000000101010000000000000000000110101100010000000010000000000000000000001000010000000001000000000000010000
0001000000010000010000000000000001000000000000000000000001000000000100010010000000010000000001100000000000000000000000001001000000000000001110000000000100000000100000000100100000000010000010010010000000010010100000000100000000000000000010000100100010
0001000001010001000000100000001001000110110000100101000011100000000000000000001100000010000100000000000000000010000000010010000101000001011000000010000000000011000100000001101000010001101010010111000010000000001000101000000110000001000010000000010000
0000001000001000010010001000000010100000000000001000000100000000000000000011000010000010000000100100000010000000010010101010000000011000000000000000100000000000101000000001010000000000000010000000000000010000001001000100000000101100110000000100000000
0100000001000100000100000000000000110001010000001000000000000000100010000010000100000000000000000000000000000100101010001000000000001100000100000000100001011000010010000000010000000010001000010100000000100001000010010100000101000001001100000000010001
0000000101000100000010000000000000000100000111000010000000000010000001000111100000101001000000000000000010001011000001011000000000100000110000000000000001001000000001001100010000100001000100010000000110000000010000000000000000000000010000001000000000
0100000000000000000110100000100111000000110000110000000000010110011010000100001000000010000001000000000000000000001100010001000000000000000011100000000000000000000000010001000000010000000000000100000011111000111000001001000001000001100011000000010000
0000100000010010000000001000000000101000001000000100100000000010000000010000000000000001010000000001001100010010001000010010001000000000001000000000000011000010000010000000001010000100010000101000000010000011010000000001001000111100000000000101101000
0000011001101000000000100000000000000000100000000000000010010000110000100101000000000000100000110000000100010001000000010000000000100111000000101000000000001100000000001000000000001000000000001000000000000001000010000110010001000000000000011000000000
1000000000000001001101100011010000001000010000100000010000000000011001000100000001001000100100000000000100000000000100000000100000000000000000000100000000000000010000000100001000000000000000000000000010100000000100000000000000000010011010010100000000
0000101000000001001000000000000001000010110000010100101000000000010000010000100100001011010000001000000101000100011000100001000000000000100100010000000000100100010000000100000000010000000000000010000000000000001000000001000000001100001000001000100000
0000001000000000000010100000000000001010100011000000010000100000000000000010010010000001000000000000000010000100000010001000000000000000000110000000000000010010000010000000010000010000000000000000000000000000000000011000000000000001000010100101000000
0100110000010101000001000001010010100000001000110100000001000111000010000100000100000010100001010000100000001000100100010100001000100010000000100010000000010000000001000000101001000010010000000000010000000001010000000000010000001100011001001000010000
0000000000010000100000100000001000101000000000000000100000010000000100000000000000001000010000010000001000000000000000000000010101000010000101000000000000001000010000001000010001010000001000001000000100000000000000001000001100000010000011000010010000
0001010000000000100010000100000000000000110000000000001000000100100000001001000010000000110100000000000110100000100000001101000001100000000010000000000000100001000000000100000000000001010111000000101010100000000000100000000000001010000000010001101000
0010000100000000001000100001100000010100000001000000000010001000000000000000000000010010010000100000100000010000001001000001011000000011001000000000000100000001110000001000000010000000000000000000000001000001000001100000000100000100100000000000000010
0000110000010100000010001000001000010000000000010000000000001000001011000001010000000010100100011000010110000010000101001000000000110000000000100000000001001000000010000100001010100010001000000000100000010000001000000000100000100000000000000000000000
0010000010000000010000000001011000011000011000000000000001000000000000100000001001001010000100000000000000000000000100001000000100000101000000000100000001010001010100000000000010010000000000000000000101001010001010001010000100000010000000000000000000
0000000001100000000000000000010001000100000001100000000001000011101000000000001000010000000110000100010000000000010010000001000000010001100001000010000010000001100000001000000000000000000001000001000000100000000011000100000000101100100000101000100000
0001000000000000000000000100000000000000000000000000001000001001000000000001100100011100000001000001100000000000000001001000000000010000000101111000000101010100001000000000000100000011000000000010001010100000000000011100000000001000000000100000000100
0000001011101000000010000010000000001000000000000000100001100001000000000010100010000000010010000000110001100000000000010101000001000010010000000000010000000000000000000000000000000100010010000000000110000000000100001001100000000000000000001000010000
0001000001000000000000000000000000000101000000011101000000000100001000011000000010000010010110000000101000000110000000000000000000000000000000001000001010000000100000000000101000001000100000000000010000010000100000000000000000000001000110000000000000
0001000000000000001000000000000000000001010000010001010000001100000000000000001110000001000000000000000000000000000010100000000010010000100000000011000000101000101000100110001110101000000100110011000000000010000001001000000000000000110000000010000001
0000000000000001000000000000010100000001001011101000000000000000000000000000100000001010000010000000000000101001000100111000000100000000001000000000000000000001101100000100100000000010001000010000001000000101000001010000001000010000001000000000110000
0000100100000000000010000000100000000000010000000011100010000001000000000110010000010101000101110100001100100100000000100000110100000000100000000010100000001001000100000001010000000000000000000001100001000100000000100000110010000000000000000000101000
0000001000000010000100110000000000000000001101000000100100001001000010101000000101000000000000010001010011000000000100000110000000000001000101010000000000000010010000010000000000000000010000000000100000000000000000000000000000010010000000000000111000
0000000000000100000000001100000000010011100001000000000001000101000000000010000000001000000000100000000100000000000000000000000000001100000000000000000100000010110100000000000000000000000000001100000000000010010001010000101010001000000011000000010010
1000110000000001100000000000000000001000010000110001100000000000000000000100000100001000000010000011000000000010100001001100000001000000000100001010000000100100100000000101000000000000001001100000100010000100100100101000000001010000010000001010000000
1000000000000000000000100100000000000000000001100010101000000101001000100000100000111011010000010000000100000100000000000000000000010110000000011000100001001000000000000000000000000000000000100001000010010100000000000000010000000001000000100100000000
0000010010000100100000000000001100000000100001001000000000000000101000110001000010000100000000000000100001000000000000000010111000000000000000001000001000000010100010000001000000000011011100000000000100000000000000000100101000000000010011000100000000
0000100000000001000000000100000000000000000100000000001000000000000000000000101001100001000000000000000010000100000010000001100000100000011000000001000000000010000011101000100001101000001010001000010000000110001001000000000000001000000000000010000001
0010000100010010000000000000000000001001000001100000000000000100000100000001000011000000000001110000000000000000000000000000000001000001000000000001000011100000100010000000000000010010100000000001001000100100001010110000000110100100010000000100000010
0000001001100000000000001010000000001010000100011000100000001000001001000101010100000101000000000000000000001100010000000000000000001001000110000000000000000000001001000100001000000000000010100100000000000010010000000000100000000000000000000000000011
1000000001101000000000000011000000000000000010000010000000010000000011000000000000100000001000100110010000000001000010100110000001001100000000000001000000000000000100000000010000111000000000000010010011000000010000010000000000000001010110000000000000
0011000100000011000001110000000100100000000101000000000010000000100001101000000000000000010000000000000010000100000101011000010000001100001000000000000000000010100000110000010011000100000000000000001001010000000000001000000000000000001000000100001000
0010000000000000000000000000011000100000000100000000000100000000000100000001000000000000100001000000100000000000010000000000010010000000001100001000001001000000000000000100100000110000000100010000001000100010100000100000000000000010000000010001000010
0000101010000000011000000010000000010001100000001011100110000000000110001000000000000000000011010000001100000000000000000100000000000000000001000001001000010001110000000001001000000000000000000000010000001010001000001100000011000010000001000000000000
1000000000101000000100100010001000001100001000000000100101100000000000000000000011000000000000000110100000010001001000000100010100000000000010000001000000010000000010100100000100001011100100000000000000010010000010000000000000001000010001000010101100
1001011000000000000100000010100000110000000100000000100001010000010000000010000001000000100100000010010000000000001000000000000000000010000110100100000010000110000000000001001000010000000010001000000000000001101000001010000010010000001011000100001001
1000000001000000000000001000000000001100000000000000000000010000000101011000100101100000000100000000010000000010000010001001000001000101100000010000000010100010000000010000100000010000100000000001000100000000000000000000010000100100100000100100000000
0000000000000001000000001000000000000000000000000001001101001000001101100100001000000001000100000000001000010000000001100101100100010000010001010011000110000010000000100000000010000010000100000000000101100000001000000100000000000010000100010000000000
0001000000100000000000100011000000001001100100000000100000000000000000000000100000010010000010101000001000000100000010000001010000000000000000000100000100010000100000000000000101001000000000000001100000111000101010001000100000100000000000000100000000
0000000001001001000110101001000001001001001000100100010000010100010000010000101010001000010000011100000001010000000001001000000000000000110010000000000100000000000101011000010000000101000000000000000001011100000000000001000010100100100000010000000101
0000100100000010000010000000010001100000000010000011001010000000000010001000000000100000000000000100000100010000000010100001000100000001101011100000000000001100000000010011000010000010010001000000000001100010000010000000001010100000010000100100000000
0011100100000000001010010000001101001001010000000000001000000011000001001101011100001000000001000110000010000000000000000000001000000010001000000000010001000100100111000001101000010100000000000000001000011100101000000010100001000000000101001000101000
0000000000000010000000001000000000100001000000101000000110001000000001000000000100000000000011001001000000000000000001111100000000010100000010010000110010001000001001000000010100001010000000000100010100010000000110000000001001000000100010000010000000
0000100000000000000100000011001001011000000000110000001000000000000000000000000000010000000001000010000000000000001010011100000000001000000100000000000010000100000000000000000000000000000000001001000010000010110100000000001000001000000011100000000000
0000000000010000001101000010000011000101000000001000110001000101000010000000000000000000001000001000100000000010000000000000010100100000000001000010001000100110000010100000010000100000000000000000000101001000000000000000010100000000000010001001011001
0000000000000000000001001010100000010001000000000000101001000000100001100010000100000000010000100000000000001000101000100001100000001010000000000000100000000000000000000110100000100110000001000000000110100000000000000000100011000001000000000000000010
0010000000010000000000000001011100100000000000001100000000000000010000000000000010000000100100000010000010000000000100000001010000100000011000000000001000100000000101001000000100000000100000000100100000000000010000000010000000000000101000000000011100
0000010010000000010000000000000000100000000000000000000000100000100010000100100000010010001000010000011000000000111000001000010000011000100001000000000000000010100000100000100000100010000000010000100001000000100100010010010100000000100000000010000000
0000001000100011001110010100000000100000000100000000000000000100100001001010011000100010000010000000001010000000101000100000001000000000000000001000011000000001111000100100001000000000110010110000000100000000000010001010010000000100000000100010000001
0001000100001000100000100001010100000000110000010001000001000000100000010000110010000000001001001000000000000000110011010001100101100001000000000001000000010000011001100000000000000100000110000100000000000000000000000000000000100000000000100000000000
0000000000000000001100000000000001000000000000100000000011000000010000010001100010000011001001100001000010000000000100000000000000010100000000000000000010010001000000000001000011010000000100000000001101000000100000000000000010100001001000000001000110
0000100010101000000000000000100000011010000100000000000000100000000100100101000000000000010000000001000000000000000000101000000000000000001000000000000100000100000000000011000000100100000000100000000000000000000001001000001001000000000000100000111000
0001100000000010010011101010000100001000000000000000000001001000000101010100000000000010001000010000100010100000000000000100100000000000101011000000001010100101000000010000000001001010000000000010000000000110000100100000100000000001000000001000001000
0001000000000000100000010000000001110010100000010000000000000000000011000000000100000001000000000000100000100010001001010100000000000010000000000000000010010000000000000010010000000100000000000000000010000000101010000000110000000000000001100010000000
0001001011000010000000001100010101000000000001000000001100010000000000100100000000001000000000000010110000000001000000010000010001001000000000001000010000000000000000001000000001000000001001001001000001000000000100000010000001000100101000100100001001
0000101000000100000000001000000000101001000000000100000000000001100001000101000011000001000001100101010000010100000100000001001010000100000001001001010000100010010001000000000001000101000101101000000000000000000000000000010000011000000000000001000010
0000000110000000000000000000110000000000000010000110000000010001100101000000000010010000000000000000000100110000010000000000000100000000000100000001000100100000000111001001000011000010000000100001000010010110001000000010001100000010000000000000000000
0000000001001000000000000001001000000100100000000000000011010001000000000011000000000000100000000000000000000000010000000000000000010000110001100000000101000000000001000000010110100000010000000110110000000000000000100000000001000000100000000011000000
0000010010000000100000000000001000111001000101000010100000011000100100100000100010000000000000110100101000000000000010001010010000000000001100000000011000001000000000001000000000000000010100000000000010010000100011001000000010000000100000001000011001
0100000000011001000000010000001000000000000000100000000100000000001000000001000000000100111010000000000000000000100000000000101000001000000000100011000000000000000001000000000000010000000001000000000100100110000000000000000100101000000100000000011000
1000010100010010110011000000000000000000000000000000000000000000000000000000000000010001000000100001011000000100010000001000000000000010000000001001000001000000100000010000000000001010001100001011000000000000000010000001000001100000000001000010000101
1000000000000001000100110001000000000000010011100001010000001000000100010101100000100000000100000000100001111000000000000101000010000000010010110000000001000000000000000101001100010010001100010000100110000001010000000011001100000000000000000000000000
0010000000001000010000000001000001100000000000000010001100000000000000000110001011000000001000010000010011000000000000001000000000000010000000001000000001010010000000000000010001000000001100001001000101000000000000011000100000001000100001100000000110
0010000000000100000000011100101001000000100000010000000000001000001011001001000011001001000000010000011100000100000001000000100000100000000000000000010000000010010000000000000100000110000100000000000101000000000010011001000011100100000000101000000000
0000000100110000000000000000011010000000001100000000000011000000000000000000010000000010000000000000101010000010010011000000000000100001101100000000100000000010000001000000001000000000000000000000000000110000000101000000000000110100010000010000000000
0100100100010100000000100100001000010001000001110000000011111110000000010000001011001000000000000000000010001000010001000100000000101000000000100000000100010100000100010000001001000000000000010110000100000000100001100000100100000100101011000100001011
0001100000100000010101001000000101000000010000000001000000000000010000000001010100000000000000000000000010001100010000000000001000000000010010000000000000000000000000110000001101010000010000000000010000110000010000010000000010010000100000001010010000
0010010000010000000010000000000000100000000000000001001001001000001110000000000000000000000001000100100010000000000000000000000000000001000001100000000001011100000000100000110000001000000000000000100000001010100000100000100000010000001000010000000000
0101000101001110010001110000000010000000000100000000000010000000000000100000001011010000010000000001010000010001000100100010010000000011100000000000001010000000000110000000110001010000010100000100000100000000001100000100100000000000000100000100000001
0001000000010000110000100110000100000000111000001100000000000100001001000010010000000001010100100101000100000001001100000000000010000101000000000010100000000100000010100001000000100001000000000100101000000000000010100000001000001010000000000000000011
1001000101000000100000000001010100000000000000000000100000011010000001011000100010000010000100001010000010000100000000000000001000000000000000001000001000000100000000100010000101000100100001000000000100001010000100010110000110000000100100000010000000
0100001000000000100000010001000000010000000100000100000000000010011001001001010000000100100010000100000010010010110000100000000000001000000001000000110010000010000000000100100000000010000001000000000110000001001100100001100110000000001000101000000000
0000010000010000000000010011000010000011000000010010000000100000000000000000000000000000000010000000000000001100010000000000000000000000000000000010100000010000000000000010000000001101000000000010000000000000010000000000000000000000000001000000000000
0000000100010011000000010100000001000000010100001000000000010000000000001000000001000000000000000101001000000000000000000100100000110000000000000000100000001110110001110000001011000000000010110000000000000000100000000010010000000000000100010000000000
0100100000000001000100000000100001000010000000001010000000001000001000110000000000000000000000010000000001001000000000000000010000011100000000100000000000000000010010000001000011010000000000000001000000000000100000000010000000000011100000000000000000
0000010011110000000101000010000000000000000000001010100000000000000000110000000100100000010100000010000010000110000000000000000010000000000000001000000000000000000100001000000001000000001000101000000001000000010000010000000000000100000000100000010001
1000000000010000000001000000101001000100000100000110000010101010110000000000000000110001000000000000000100000000010000000000000000001100000000000000000000000010010000001000100000010000100001000010100000001000000000001000001010000000001000001000001000
1000101010000000000110000000000010010000000000000000000010000001001000000100100000000100001000001000000000001001100010000000000000010000000100000000100010000010000000000000000000001000000010100100001000001000000010000000000000000000000000000000000010
0000000100000100000000000001100100000001010001000001001000000110000001000010101101000000000000000011000000100000000000011001000111110000010000000100101110000001000010010000000101100010000000000000000000100000000100000000000010000000000100000000010000
0000001000000000000001000100000010010000000000101000000000000011001001000000100010001101000000010001000000100000100000010000010000010100010000001100010011000000000000010010000000000000000000010100101000000110001010000010000010000000001000100000000000
1000100100000001000000000010000000000011000100101001000010001110100100001000000000000000000000000000000010000000000001010000000100001010000000000010101000000100100000000001100001000000000010000000000000000000000000000000000000001010000001000000000000
0010000111000000000100000000100000000100000000000000010001000100010011000100001000000000101100100101000000100000000100000000000000010110000100000000000000010000000100100000001100000000000110000100000100000001100000000000000000010110000101001100000000
1010100000001000000001100101011010111000000000000000110000000000100000000000000000010000011000000000010010001100000000000011001000001000010000000000011000100000000010001000000000101000100000010000000000001101001000000000011000100000000001011001100000
0000000001100101010000000000100000000000000000100010100001100010000000000010000010100000010000001001000000100000001010000000000010000000000000000010010000000000010000001010001000000000001000000001000000000100000000001000101000000000001000000000000000
0000010000000000100000000000000000000000100100100000100001100000001000000100001000000000001001010000000010000100000000010110000000010000100000101000011000001000001000000100000000010000100000000010100000000000000000000100000000000001000001100010100000
0000100100000000000000000001000000010000010001111010001000000000000010000000001000100110100000000010000011000001001000000000000001100000001000000000000101000100000000100001000000100010100010000000000000100000000000010000001000000100000010010000100000
0001001000010001010000000010000000000001110100010000100000000010100000000000000001000010000000000000000001000011101000001100100000000001000000000100011000000000000000000000000000000000100000100001000000100000100000001101000000000000001000010000000000
0001000101000100000000100001100000100000000001101001110000000000001001101000000010100100010100000010011010010100000000001001000000000010000000000100010100100100000000000000000010001000000000110000000000000000000001000000000000010000000000000001001000
1001000100000000001000000100000000000000001101000000101010100100010000001100000101000000100000000010000000000000000000000010000000000000110000010000000001000010000011000000000000100000001001001000100110100000000000100000000010000000010000001100100000
0000100010000000000000000000101100010000000010000001000000001000010000000010000000000000010010000000000000000010000000000010110000010000010101000000010011001000010000000000001100101000100000000001000000100010000000000000100110100110010111000000100000
0101000000000100001000000100000010010100110001100000000001010000100100000000010000000011000010000100000000101001010110010000000000010000001000000010000010000000010001000000011000000001000000000000100000001000000000010010000010001000111100000001001000
0000000010000100001001100000100001000010001000000000000000000000101010000001000001100100000000000100101001000000010000000000000001100001000000001010000010000000000010000001100010000000000010000001000110101000001010001000000100000000000110100010000010
0000100000000100000001000000000000010010001000000000010000000100101001100100100000001101000010010000100100100000000000000010001001100000001011001010000000000001100000000000100000010000000010000000000000010001010010000001000000010011100001010000000000
0001001000100000100000000010110000000000000110000000010000000000000100010000010100001101000000001000100010110001001000010010000010000000000100010010001100000110000010001100100000100111001000000100010000000000000000000010000100010000000000001000100000
0000000000000110000000000001101010000000000000001000100100000000000000001000000000000000000000010000000000001000000100000010000000011010000000000100100110001000001110000000000000011011000000000010000000000101000000011000000010000100000000000000000000
0000001110000100000000001011010110000000000000001000110100000100000000000010000000000001000000100000000000000000001001100100000000001000000010000000001000001010011000011011100000010000000100000100000000000000000000000100100000000001000100000000001000
0001000000000000000101010010000000000000000000000100010001000011000000100000010000000000000001000100110000000000000001001100100001011110010000000000110000000000000000100001000000000001001000001000000000000000000001001000100000010110000000110101000100
0100000000000010000000001100000000000100100001000001010000000000000011111011000000010000100001000010000100000000000000000000000010000000000000000000001000000000100000001010000010100000010000000000000100011000000000000000000010001000000000011010000000
0100100000000000000000000000000110100001000100000011000110000000001000001000000010010000000001000000100001001001000000011001010000000000100100000000000100000000000000000000101000010000000001001100000000100010000000000010000000100100100000000010000010
0000000010010000000000001000000001100000000000000011000000000011101010000000000000100000000110000000000001001010001000000000000010000110110000000000000000001001101000001000001000100000100000000000000000000110101010001000000100000001000000001000010100
1000000100000011000100100100000010000000000000000010100001110000100000010000000000010011000000010001000010000000101000000000000100000001110100000000000000100000101000000000000000000110000010001110000000000000000100001000000000001000110000000000000000
0010001000100000000000000000000000001000100000010000010001001100100000000100100100000000010010001000000000010000000000100100000000000000000100000000000000000000110000000000000001010110000000000000001001000010011100010000000000000000000001000000000001
0011000011000010000000001000010000000101100101000010000000000000000000000000000000000000000001000000000000000000010000110000100100100000110000001010001010000100100000101010100100100010100000000000100100010010100010000011001000010110110000001100100000
0000100000011000000000010000000010000000000010000001100000001110000001001010000010000000100000110000001000000000010010000000000001000000011110000000001000000100100000010000001101000000100001000000010100010000010000000000010000010100001000100001000000
0000000001001000011000000000000000000000000100100101000000001000000000000100000001001100000010001010110000010001000000000000010001010010000000000001010000000010000000000000000000000100000000000101110000000100010000010000100000001000000010010100000000
0000000000001100000000000000000000000000100000100010000000010000000000000010000000000000010000000001000000000001011000000000000010000100000000010001001100010000011100011000100011000010001000000101001010000110000100001100010000100001100000000000000010
0000000000001000000010000001000000101000001000000100000000000000100000000000000010000000001000000101000010001000000000001110010011000000001000010000000001000101000001100000110000000000000000100000000000000000000100000000000000000010000000000000010000
0000000100010001000000000000101010000000001000010001000000000001010010001100100000000001010000001001000000000000000100000000010100000100000000000000001000000010001000000100100000000010101010100010001001100000000000001100001000000000001000000000110000
0101100000001001000000000000000001000000000000000010101000000000000010010100001000100000010000000000100111100100100000100100000000000000000101101000001000000001000001100000000100000000000100000100000001000000000001000000000010101000001000001100000101
0000000000000000001000001001010010000000000100000110000001010001000100001010101100000000100001000000000000000000000010100000000011000111000000101100000001000100010000000000000001011000000000000000001000010000100000100000100001010000000101000100000000
0000100000000001000000001001000101000000100000000100000000100000000001010000001000000011000100001000100000000000100010000010000110010001100000000001110000100000000000000000000100000010110000000001010100001000000000000000000100000000000000000001000100
1010000001010000010000010000000000000100000000000000000000000100001010000000000000000000100000000010100000000011000001000000000000000100000001000100000001100000100000000010100010100000000000100000010000000010010000101100000000000000000000000010000000
1000000000000101100111000000000000010001000000000000000100000000000000000000000000011000001000000000000010101000000001000011100100000000100000000001000011100000110000000011000000000000110010000101000000000000100000001100000000100000101100100011000100
1000000010000010000000000000010010000000000011000000000010010000000000100001000001000000000100100001000000010000010000010010000000000000000001100000010110000000000010000000001000000000000000000000000100001000100100000000001000000100010100000010001010
0000011100000000010011010000001000000000011100000001000001000000000010000001110000001101001000001000111000000000000111010000001001000000100100000100100000001010000010000000001000000001000000001000001010001000000001000101011100000000001000001000010010
0101101000000000000101010000000000000000000000010010010010000101000001000000000000000000000000000001111000010001000000000110000000100011000000010100100000000001000000000000000111000001000000000001000000000000001110000000000000100000000000000000000100
0000000100010001000100100000000000000010001101000000000000000010000000000000000001000000000010000000000010000000000010000100000000000000001000000000000000010001000000100000010011001000001001001000000000000000000000000000110000010101001100000000001011
0000000000001000000010100010001001100100001100000010000100001100000011000000001010001000000011000000010000000010000000010010000000100000000000011011000010100000011000010000000100000001000000000010001000000001001000000010000100000100010000000000001000
1000000000011000000010100100000000010000000010010000000110000010001100001000000001100000100000000000000101000000000000001000100110100100000001000000000000100000000001000000100100000000000010000000000000100000010100000000001100000000010011100000010001
0000000010011000000010000000001001011000000000000000000000010000101000000011000000000010000000000000000001000010110001000100000000001000000001000000100000000001000000000000100100011001000010001000000001100000000000000000000000000100000110000000100000
0000010001001000100000000010000000000000110000000000100000000000000001100001100000100000010000000001011000100000000000100001000010000000000100000000000000101001100000000000001000000000000011011100000010001001001100100000000000001000000010000001000100
1000100101100001100000000000000000000100000000000010000000100000000001000000000100000010000000000000001000000000000000000000000000000000000010000010001000010000000100000010000010100000111100000100001000110000000000000010000000000000000000000110100000
0000000000000101000100000000011000000000001001000100010001000000010000010000000100000000000000000001100010000000000100000010000100000000101100010100000000010000001000010100000100100001000001000000000000010000000100000000011001000000010000000000100001
1000000000010000000000000100011000000000000001000010000100000101010100010000000000000001010000111100000011000000000000000000001010000001010000000000000000000001100100000000000000001000100000000010001000010001010000000010000001000100000000001010000101
0011000000000000000010011001010011000000000000001100010010000001000010100000110000100101000010100000101000100101000010110000000100000000000000010000001001000100000001000001000000110001000000000000000000000000101001000001000000010000010000000010000100
0100000100000000000010000000000000101001000000100000000000000001000100010001000000000100001000000000000001010000000000000000000000010000000000000000100010010000000000110110000000100101000010001000000000100110000100010100010100010000000101000000010001
1010000100000001000000110000010000000100000000000000001101010000000000000100001000000000000000000001000000000010000000000000000000000000000000000000000000000000100000000001010000000000001000000000000000000001000001001000001010010000000000000000110010
0010000000100000000000010000000000001000000000000001110000100000000010001000010110000000000000000100000010001000000000010000000001100000010010100010000100000111010000100011100000010110001010000000001000000000000001000000000001100010010000101111000100
0000000000000000000000001000000000000000000000000001000010010000000001010000000000001000000001000001001001000001000100001000000001100000000000001010000001000000000000100000000101010000000000100000000000010000100010000000000000000100000000010000000000
0000001000000000000000100110000001010000000000000000001000000000001100011000100000010000000000110000000001100000000000000101000000000010000010000000000000000101010010000000001100000000000011000100000000000000001010000000100000000010101000000000000000
0000000100000001000010000100000000010000110000000000000000000000000000100010100100000000000000000000010010100000000000000000110100010000000011001000100000001000000000000111100100000000010000001000100101111000000100000000000011000000000000000001000000
0000100001000000000001010000001000001000001100000000000000001000000000000001000000000000000010110000000010000010000010010000100000000000000000110000010000000010000100101100000000100101011000001000001000000000000010000010000000000100000011100000110010
1000000100000000000000100001001100110000010010010000000100000000000101000000011001000001000000000110010010000000001000000010000000000000011001000000000000000010000011000000000000000000010000000000000000000000100000011001100000000001000000010000001001
0000110000000000001100000010100000000000010110100000000100000000000100100001000100010000000000000000100000000000101000000000001000000000100000000000010100000010000000010000000000000000000000101000000000010000000011000000000100001000000011001001001000
25 174
115 18
