250 250
1000100001001000000000000000001000000000000000001001110000000000001010000000000010000000010000001110000000000000001000000100000000100001000000000000000000100000000000001010000100000100000000000100001010000010000000000000100010001000010010000010010000
1000000000000000000100000000000000000010010000100010000000000101011010010100000010110000001110010000010000100000001001000010000100010001000000011100000000100011000010010010000000000001010000100000000000000000001000000000010000000001000000110000000100
1000000000100000000000000000001111000000110000000000000100110000100001000000000000000000000000000110001000000100001000001000000000000100000001010000000010000000010100000100100010110000000000000001000000001000000000010000000100010000000000010000010000
0000010101000010100000000000000001010000000100000001000001000001000000000010001001010000000000000010000001000000000000000000000000101101101101000000000100000100001000100100100000001000100010100000001000101000010000000100111010001000000000000101000010
0000000011100100010000001100000000000001000100011000000000100000000101100000000110000100101001000000000000000001000100000000000100000000100000000000001011010000001001010000011000000000000001001100000001000000100000010000100000100000001110000000000010
0000000000000000100010000000000000000001000000000101000000000010000000100000000010110000001000000001000000000000100001000000010001001000110010000010110000000000000000010000000000000110100000010011001011100000100000000100000000000000000010010010001001
0000000010000011100000100000101000000010000000000000010101000001101000000000000000000100000000000000010010000001000001001010000011000000000000001000000000000000000100001000010000000000000010010000000000000000000000100010010100000000001010010000001000
0100001010000000000000000000100010000000001000000110000000010000010000001000000100010000010000000010010001001000000000100100000000000100100000001000000000000101000000001000101000000000000000000011001100100101001000000000100010101100000010000000110010
0011001001010000000011000001001000010010000000100000000000000000100000000000000000000110001000010000010000000000010100000010010000000000000000001000010000100000001000000000001100100000000110000000001000000000000000100000000000000001000000000000010000
0000000000011000000101000000000010000001001010100010000001001110000000010010010000000000000000000000000000000000000100100010000000000000000000100000110010000010110000000101001001000000000000000010001110110100100000000000000011100000101100010010000000
0010000001001000010100010000001000000010000000000000000000000000010000000000010000100101000100010100000001001010000100000000000000001000000001000010000100101000000000100000100000100000000000101000001000100000000001000000100001001010100000001100000001
0000011000010000000010000111010000000100101000000000001000010000000000000000000000010000000000000101000000001000010100000100011000111000000000000100000000010000000000101000000000000101000000100110001000010100000011000010000000000000100010000000000000
1000001000000100000000000100010000000000100010000000000000000001010000000001001000000000010100001000100000000000000000000000010010000010001000000000100100010001000010000010001000010010000010010000000000000010000010010000100000010001010000000000001000
0000100100010100000000010010000000000001010000000000000101000000000000100000100100000000000000010000001000000101000000100000010000000011000001010110000001000000000000000001100000000000000000000000000100100000000000000001000000011110100000011000000001
0000010100001000000100000100010000001100000000000000001000000000000000000001100000100010000000000000000000001000000100000000000010000100000000011000010000000000000000000100000100100100110000000001000000000110000000100000100100000000001000000000100000
0000000010000000010000100000000000001010000010000010001000000000101100000111010000010001000000011010001000010000010000000000001000000001100010001100000101000000000000101000000001000100000001000000000001000000000010000000000100001000010001001000000010
0000110001001010000011000010000001000000000000000010000000000000010000100000000000000100000000010000000001000000011100000000000100110000000100101000000000000101010110000000100010100000000011011001001010000000010101000000001000000000000000000000001100
0010100000000000000000000101011000011000100000000001001000100000000010000110101000000001000100010000000100000000001010000000001000100010000000000000000010000000100000000000000010000000000010010000001000100000001000000001000000000111000100000101001010
0000001100100001010000000100000100011000010010101000001100001000010010001000000001100000000000001001000000100010000000000010000000110000100000101100000000000000000000000001100010000011000000101101010000001000000000110000000100010000010110000010001010
0100001000010010000000000000110010010000000100000000000000000101100000110001000000000000000000000010000000010010000001000000000000101001100000100001000001100010001101110000000100010000001000001100000000000000000010010100001000000000000000001000001000
0100010010000000100001010011000001001101000001000000000000100000100000000000000000010000000000000001000000000001000001001000001000000000001100000100000000000010000001000010001000000010010000010000000010000010000000101100000000011000001000010000100000
0000000000000000000010000010010100000110100000000010010000000000000000000110000000000000001001000010000000000000000000001000000010000000000001000000010000000000000001000001000101000000001100001010000000110001000001010000000001100100100100000000011010
0000010000001000001001100110100000001000000010000111000000000000000011000000110000000000000000000001001001011001011000000101100000000001000000010010000000100000000000101000000100000000010000001000000000000000001000000101001001000000000000100000001011
0010000011000000100000000000000100000100000000000000001000000010100000000000000110100010001000000010001000001001011100000000000110001100000000000100000100000000000010011000000010101000001010000001000000001000000000001000000010000000100001010000001011
1010100000001010010000010000000000100000010000001001010000000010010100000001110100000110000000010001000000000000000000000011000000110000001101010001000000000010100011011000000010000000000110000000001000000000000000001000010100001000000001001000000000
0100000000000000000001001000001000000000100001000010000100100101010101000000000000000001100000000000110100010000000001000100000000000001000010100000001000000000000000001000110000000110000010010100000000000000000000010100000000000110001000000100000000
0000000000001000101000100000010000000000000000000000100000000001000000000100100100001000110000000000100000000000000000000001000000000011100000000000000000000000000000000010000000010000000100000000001100000001001010000000001000000000100010010100000000
1000000110000000000000000000000000000011000100010001000000000000000000001001000000010100100100000000000000010000000001100000100010100000000000000000010010000100000000000000010100001000000100000000000000000001000000110100010000000000000000100000000001
0001100101000000000000000001000000100010000100000000000010000000000100001001000001110010000000000001000001100000000100001000001000011000011100010000011111010000000010001000011000000000000001000000010010010010001000001010000000110000000000000000001000
0001000010001000000000010001001000001000100000100000011001000000000000000000101000110000001010100000100000000000000000000000000000000001001000100000100011000000001000000000000000000100000000001010010010000000011000000000000000101001100010011000000000
0000001000000000100000100000001000000001100010010110001000001000001000000001000001100000001001101001001000100000000001000000000000000000010000000000010110010000000000100000001000000000010001001001000000000000000000000000000010000100000000000100010000
0010000110001000000010000100001000000000010101000000010001000000001000000000000000001000000000010000000000000001000100010001001000110001000000100100000000010000110100000000100000001000000000000001000000000000000100101010000001000001110000010000001010
1101010110000000001001101000000110001100010000001011001100000011010010000011001100000001100000010001000100000011000000000000100000010000110100001010000000100000000000100010000000000100000000000000000010100000100000100001000000010000000000000000001100
0011000000001000100000100100010001100001100000011000100000000000000100000000000101000010000000100000000010000000000000000000100000000000000110000000001000000000000010000000000010110000000000000010010100000010000000101010000000000000000010101000000010
0000000010101000000100100000000010000010000110001000011001100011000001000010000000001010000000000110010010100000000100001010001000010000010000000000011000000000000000100001000100100000001000000000000100000000000000000000100100000000100000000000100000
0000000000000001000001000000000000100100011000000010000011100010000100000010000100010000010000000000000010000000010000001000000000100011100000100100011000001000010000000000000011001000000010000000000001000000000000000000000000000000010010011000000000
1100000000000001011001100100100010000000101000010000000000000000000000000000001000000000000000001000000001000010001000000000000010000010000010000000010000000000010000000101000001001101101101001010000000100000000010011000010010100000100000011000000000
0010000100000010000000100000100001000000000001100000000100000101000010000010000010010000100000000000000001001001100000000001000000010000010000000000000000100000100001010000000000000100000000000000100000010000000000001011001111000010100000000000111000
0000110100100001000000100000001000100110001100001000011101000000100000000000000100010100000010000000000000000000010001000000000001001000000100000110010000011100000000000000100100000000000000000001000001000000000000100100000100000001000010001101010000
0000000010010000000100000001110000000100000000100000001000101000011000101000000001000001000001000100000000010000000000000000000000000000110000010010000000101000000000001000000010001000000101010010000010000100000001101100100000000000000000100001010100
0001001000010100000001010000100000000010000000000100000000001000010000110010100001001010100000010000000000100000110000011110000000000110000000001101000001000000000100001100000000110000100000000000100001000001010011101000101100000000100101000000000000
0000010000000000000000000000000000001100010001000000000000010000000000100001000010001000000000000001000000000001000000010000000001111000000000000100010001000000000000001011000000011000100010000000000000010010100000000000000000010000000010001000111000
0000100100000000100000000001111100000001100000000100000000000000000010000001000000000000000000000011100000000000000100010000000000000000000000000000101001001000000000100000000001001001001011000000000000000100000010000100000010000000110000000000000000
1000000000001001010000000000101100000010001000100000000000000100001100001001100000000001000000000000100001010000000010000001000000000001100000000000010100011000100100100010000001000000010000100000100001000000000000000000001011100000000000011000100010
1000001010001100000001001001000000011011000010010001000000000010000110001000010001101000000100000000100000001000000001000100010000010010100101100100000000100100010001000001001000001000000000100000010010000000100000110000010110000000000000000000010001
0000100000000000100000100000000000000001000000000010100001001011011000000101001000000000000000000000101101001000000000000000001001000000000000000100000000010000001100000001000000001000000000000100000001101000000000000000101000000000000100001100000000
0000000010000010011101001000000000000010000000000010000100000000001100000000010101000000000000000000000000000000000000100000000000000000010000001000010000000000000000000010010000000000000100000000100010000100000000000000000100000110000010000001000100
0001000000110000110101000000010000000000100001010000000000000001000000000000000010000010000001000000000110000000001011100000001000000000000100010000010001000000110000000100101011000000000000001111000000100011010110010000001000010000100010000001000000
0110010000100000010000001100010000000101000000000000000010000000001010000000000100000000100010000010000101001111010000000000010000000000000110001000000010000000010100000000000000001000100000001000000000010001000100000000000000010000010000000000000000
0000011010000000000000000000000000010010000000001000000000000001000000100000000010010000110000000000001010000000000000000000000100000000000010000001000000000100000010110000000000000000101010010000000000000011100110000000000000000000000000100010000000
0000000000000000000001000100000000010000111000000000000001000000000000000100010000000001010100000000100010001010000010000000011100000100011000100000110011000000000000010000010010000000000000001001000000000000010000000001000001000110100000100000000001
0001000001010000001000000010001100110000000100000001011010010001010010000000000010001000100000010000000101000000000010000000111000000011000001110001000000000001101000000000000010000000000001000000001110010010000000010000000100000100000000000000000000
0010001100000010000010010000100000000010001001011100000000001000000100110100000000000010001000000000000010000010000000000101000010010000010000000101001000100000000000001010100011000000001000000000000001000000000001000000000000000000010010000000000100
0000000100000100000000100010001000000000110000000010000001000000010001100001000000000000010001000110000000000000000100001000010000010000000000000000000000000000110100010000000000000000100000000000110000100001001000000000100000100010010000000000000000
0000000010000001010000010000010000100110001001011101010000000000000001000001001000000000000000001000000000000000001000100100000000000000001000010000100010000010000000000000000000000100000100000100000000000000000000001000000100000000000001010100001011
0000100000000000001000000000000001000000000100000010000000000000001000000000100000000000000001000100000000000101100000001000000000100000100000000000000000100000000000100000100011111000100000000010001000000000000000000001000000000001100001000000000000
0000010000000000000100000000000100100110011000100000000000000110010000001000000001000000000000001000010010001000000010000001000000001000110010000000000000000000001000000101000010100100000000010001011000000001010000000000000101000000000100000000100000
0000000001000000010000000000000101000000000000011000000001000100000101000000011010000110000000000000010000000000000100000000010010100001000010000000000000011010000010000100110000101001000000010000000001000100101001000001000100000101010000000000000100
0000000010000000000100000000000100001000001001010001000010000010000001100100000001000000001000001010000000000000000010000100000000000000001000000010000001000010000000001010001000010000100000000000010100000000010001100000001000000000001000000001000000
0000001000000000101000011000000001001000000000000001000000000000010001010000100000101000001100000100000011000001000000000000010000000100001110000001100001010000000000000000000010100000010000000010000000000010000100010110000000101001100001001010000000
0010000101010000000000000001100001100100000000001001010000000000100100100001000001100001000000100001000000000000101001110010000001000001110000100000001000000100000000000000010001000010001000100100001000000010000001011010100000000110000000000000000000
1001000010000011000000000000000001000010100000000001000010000000000000101000000100000000000000000000010000010100100000100000100000000000010001000100000000001100000000100000001000010000001000000000010000000001000100000001101000100000010000000001010100
0000010000000000000000000000010001000000000000100000000000001000001100001000010111000000010000001010001000010000000100000100000001000100000000000000000010100000000000000000000100110000000001000100100000010000000000000000000011001010000001000000010000
0000000000100000000000000000000011001101000001110000001010000000000000010001000010100001000000000000010000100001000000101000010000100000000100101000000001000000000000000000000100000000000000000000000001000000101010000000000000000000000000000000100000
0000000000000000000000001000010000000100100000000000100000000000000100010000110000100110000000010000000000001000000001000100100000100001100011010010001010000000000100101100000000000000010010000111001000000000000000000010100000000000000000000011000100
0000000000010001000001000000000000100011001100000011010000001010000000000000010000000000000000001010000010100100000011000001000000000001001100000101010001000001001000000000000001100000000010010000000000000010001010100000100100000010100000000000011000
0100000100010000101001000000001000000000000001000001000000000000001010000000100010000010100000001011000000000100110010101000000000001010000000000000000100001000001110100100000000000001000000000100110001010100100010000100000000000001001010000000100000
0000000000010000000001000010001000010001001000000100000000000100000000000000100001000000010100001000000000000100000100001110001001001000110011100111000000000000000000000001000000000100110000000000000101001010000000010000100000000001000011010101010000
0010100000001000001100000000000000011000000000000011000000000000100000000000000000000000100001011000100100000000000000000000000000100000010000001110000000000000000100000000000100010000000001000001000010010100000000000000001000001001000010011000100100
0010000000001000001000010001000000000000000000000011000000000001000000000001011000000010000000000000001001000000100000000100000000100000000000000000110000000000010011010000000000001000000000000000000000010000000010001000000000000000000000010011001000
0000101011000001001000000000010001000100100000000000101000100011010100000100000000001001001110000010000100100000010000000000110000000000000000000000100000010000100011100000000000000000000000000100000010000000000100000000010000010100101010000000100001
1001110000000000000000000001000000000010100000000100110010000000000001101000010000000000100000000000001000001000000000000000000000000000001000100000000001000000101000010010000100001000011000010000011000000011001000000010000000101100000000110000000000
1010000001100000100000000000000001000000000000000001100000001110110101000110000000000000000000100000100010000001000001000000010101010000000000100000010000100010000000010100000010000000010010100000000000000100001100100000000010000001000000001000000001
0011000011000000000001101100100010100000010000000000000101110010000101000100000000000100010000011000100010111100000000000010000000000000000001010110010000000000000011101010010100000000000000000100000001000000000000011000000100010000000000000110000000
0000001000000000000000010001010000000001001100010001000010000000100000000000100000010000101000000110010000001000000001001000000100100011000010101000000000000010100100000100101010010100010000000000000100010000000100011000011000000000010000100000010000
0000010000000010000010000001010000010000000000010101000000000110000010010000000000000010100001000000000000000000000000100000010000010000010000000010010000000000000000000000000000000000000000110100100100010000100000000100000000000010000100010001100100
0000010000001010000001000000100000000111000000000111000010000100000100010010000011010000001100000111010000110000100000100010001010000100000010100000010010010100000010001000000000110000011010010100000000001101000000010001000001010100010010010010100000
0001000010101000000000101000000100100001000101000000000000000000000100000100100000000000000100000001001000001110000000000000000000100001100000000000000001000000000000000000000000000011000100000000010000000010000000100100000000000000010101000010100010
0000000000000100000000000000000100110000110101010100000000010000000000100001000000100000000000010000000000010010000000000000000010000000000000101000100000000001000000010000010000000001101000000000000000100000000000010111000000101101000000001000111000
0010100001101001100000000110000000000000001001010000000001000000000001000000100001000100000000010001001000010000010000001000001000100010100001000000000000000000000100000000000010000000001010110000000000000001000000010000010010000010010110000001011000
0110000001010000000100000000001001000100010000000000100001100110000001100100000001001000000010100000000110000010001000000100000001011000100000000000110100001010001000000000111100100010000010001000000000000000000000001001010000000001000010110101000000
0000000000001000101011000000000101001000000000001000000010001000001101001000100000000010000100000101010111000000000000001010100100000000000000000110000000001000000010100000100000000001010001100010100110000100000000000100000010000000000000000010000011
1100001000010000000000100000000000000000001000000000010000110001000001000000110001011000001100001000010000000100000000000000000000000100010000010000000000000001000000100101000000001010000010001010010110000000000000001001000000000100010000000000011001
1000101100000000001000100001000001000001000100000000010000000001010000000000000000001010001000010100000000001000000100100000000000000100000000000010000000010000000000000000010000001100110000100100001000000000100010001000111001110010000000000000000000
1001111000000001000010000000001000100100101000001100000100000000000000101010000000010001001101000000000000000000000000001100000000001110010000010000000001011100000000000010010000000000000000010001000110000000000000000010000100000000000000001100010000
0000000100000001010101000000100000010010000000000110000000000000000000010000000000001100011000010000100000110000001000000000001100010000000000000000000100001100010000000000000100010000000000100001000000000010000000000000000001100010010001100000000010
0000000000000000000000000100101110010000000000001000000010010000110100100010100000000000001000100000000100010000001100000001010010000000001000100100010000100110000100000000000010000000001000010000001010000010010001001100000000000100000000000010100000
1000000001000100100100000010001000000000011000101001000000000101001100100000100010000000101000011000100001000000000000011001001010000000000010100000010100000001001100011100010100000100000000000001100000001000010000000010000000011000010001000000000000
0000000000110010000010011000000100011000000000000011000100100011000001010010001000000101000000000000000000000000010000000000000000000010000010100100000101000000000110000000000000000100100010000000000000010000000001000010100100000000000000100101000000
0000000101000010001100010000000100000000000010000000000000010000111101000000000001000000100000001000000010000001000010101100000010000000010100000000110000001000000000010010000000010000000000001000000000010000000000000000000000100000000001001000000000
0110100000000100000000001000100110011000110000000100001100000000000000100000100010000000000010000111010000010001000011000000100000010100001001010000000000000001010000011001000000010001000000001100000110010000000000001000000000000110000000000000000000
0000000100100000110000000001000000000010000000100000000001100000010000000000001000100000000000001001000100000101100000000000001100000011000000000001000001010100001000001110101000000100001000010000000000100010001001100100000000000000000000000100000000
0001000010100100010000000000000000100000000010000000000000000001000000000010000000001000000000000000100000000000000000110000000010100000000101000100001100000100100010011010010000000000000000100000011110000000000000001000000100011000000000010000100010
0001000000001100000100000000000100000000101000000010000010000000010000101000000000100011000000000000000000100000000100000100010000000000000000010110000000100010100000010111000000000000000000100000100000100100000000000000000000000011010010000110100000
0011100010000100000000000000000000000000001000000000000000001001100000101100101101010000000000000100000000000000101000000000000000001010100110000000000000000000000000011000110001000000000000010000101000100010001001010010010000000000000000000100011010
0001000000000011000010101000000010110000001000000000000000001000011010000000000000110000000000000000011000010000000001001000000000000100000000001000100000000000000100000001000000000100000000000010010000101100000000100100000000000010100000000000000000
1101001000000000100000100011010000001000011000000000000000100000110000000010000100000001000000001101010000100000000000010000000010000000010100000000010010000000000100000000001100000000100110101000000010000010000000000000000000000001001000000000100000
1100010000000000000000000000000000100101110001100000000010100001000100100000000000100010100001100000000000011100100010000010000010000000000010000100000010000000000000000010100010000001000000010100000000000000000000000000000000000010000000110000000100
0000000100000011101010000000110000000011000000010100100000001000000100000000010011000000010011000000000110000000000000000100010001100000001000000100010000110000000000000000000000000000001010000000100000100000000010100000001010001110000001000000000000
1010000000000000000000100000000000110100100000000000100000011101100001001000000010000000000000000000100000000000100000100000100100100000000010000000000100000101000000001000000000000001001000001010110010010010000010000000001000010100101000010011100000
0000000000010000001000000000000010000100010100000000001100000000000000100000001100101000000000010010000001011000000000000000001000000000001100000000010000000000000000000000010000010100000000000000011001000000000000010000000000000000000000001100000100
0000000000000000001001100010000110110000000000010010000000100010000000000100000000101000011000010001100001000011100000000001000000000000100000001000000001010000001010000000010100100000000001000000000100000000000000010010000000000000000100001001010000
0000000010000100000000000110001100000010000010001100100010000000010100010010000000001101000000000000000100000001000000100000001100001001000000000001100111000001000001100010100100100000100000000000100000000000000000010100100100100000001110000000001001
0001010000100001000000001000110100001000000010000000010000000000100011010010001000000000000001010000000000100000000000010100010000011000000111000000100000100001001001000101001000101100100100000000100000000001000000000000010000100000011100000000011101
0010010000000000010000000010000000000000110000000000000000000010000000000000011000001000100010000000010001000000001010010010100000010010000000000000000000101100100000000000110001000000000000000001000000000100000100001000001000000110001000010000000001
1000100000000000000010001000100100000010000001000010100000000000110001000101001000011000000000001100000001001100000100100100000001111000000001100001010000001001100100000010100000001000000000000000001000000000000100000000100000000000000000011000100000
0000001000100000000000000000000100000000000001010000100000100001000000000000000000100000000001101000000010000000100000000001000100000000001010000001000001010000000111000100000000000000000100000001000000001000000000000000000100000001000000000001000001
0000000000000011011000100010010111000000000000000000000000000000000101100000000000001000000000100000010000001000100000110000000010000000000000000110100001000100000000010100100000000010000010000001100000000000010000000000000000000000100000000001000110
0100000000000000100010100001001100001100100010000001001011000000011000001000000000100001000101000100000001100010001000000000100000010000000000000000010000000000100000001001000000000100100000000110000001000001000000010000000001000000000010001000000001
0100000010000100000100000010000000000000000001000010001001000100000000000000000000100000000000000000010000000000001000000010000001000010000000000000011001000101000010000000010000000000000000000000000000000000010010000001001000110110000000011010010101
0000110000100001011000010000010001101111100110000100000001000100010001000000000011010000001100000001100001101010000000000000010000000000000000000100000100001100000000111001010000100000010100000000000000000000000001000000001011101000000000000000000010
0100000000000000000001100000010110000100010000000000000000100110000010000001000000000000100000000000000001011000010001010000001000000000000001000100000001000000000000011000100011000101000000000010000000000000100001000000010100000001100100001010010100
0000001000000000000000000000000100000101100000000100001000100000000100001100001000000100000100000000000000000001001000000001000000010000001010000001000000000010000000000100001100000110100000010001010000000000100000111010000000000000000000001000000000
0000000011000001000000000000001000000001000000000001000000000000001000001100011000000101000000100000100000000100000000000000000000000100000000001000000000000000010001000000000100101000000110000001000100010000000000000000000010000001000001000000000000
0000010100000000000100000101000001000000000010000000001010100000001000000000010000000000000010000000010000000000000010010100011000000000111100000001000000100000000010000000010011000000000010000000100000100100000000011001001000000000100000010000000000
0000100000000100001000000010000000000000000000100000000001100000000010000000000111010000000001011000010000011000000000100010100000000010000001000000011000100000000010001000010000001000000000001000000000000000111000000010000100100001100100000000000000
1011000001000000000001000100110000000000010000000000000000000000100000000000010100000000000010000001000000001001000100110110000000001010101000000000001000000010001000000101000000100000010011101000010000000000100000000000100110000000001011010100000100
0000001010100101000010000010100000100100000000000000010010000000000010001000000010000100000000000000000000100010000000000000000000000000000000000100000000000100011010000000000000000010000110000100010010000000000000000000010000000000001001000000000000
0000000001100000000000100001000000000000010100000010000000000000100000101000000000000000000001000010001000001000000010000000000000010010000000000110000001000000100000000000100100000010000000000100001000001000001000100100000100000010100000110101000010
0100001000110000001100000001000010000000000000101001000000000001110000000100100000010000000000000000001000000000000110001001001000100110010000000001001100000100000000010000101100001000000000010000000011001101000000000000010001000001000010000000100000
0000100000000100010001000000000000110001001011000001000000000001000000100000000000000100000010000000000010000000011000000001100100000010110000000011000100100000101100010010010000000001100100100000000001000010100000100000001000000100010000000010000000
0001000001000000010000000100000001010000000100100000100000110100001010000010001001000100010001000000000010101000000000000010000000000000000000001011000000000000000000000000000000000000000000000000000000000000000000100000100000000001100000100100100100
0000000000000100010100110100000011000000000110000000000000100000000011000100000001000000001001000001000010000000000000000000000100000000000100000000100010000001000000000000010000001001000001000000010100000100110010000000000000000001010011000100001000
0100000000010010001110010000000010010001000000011000000000110100000000000000000000100100010001000000000011000000010010000100000011000001100001000001000000000100010000011000011000001001000000100000010100000010000001000001000110010000010001001000010000
0000000010100000000000000000000001000000000000000000000001001101001000001100000000000100101001000000010100000100011000001100000000100000000000100000110010100000010000000100110001110010000001000000100100010000011000110100000000000000100100100001000100
0000100000010000000000010101000000000100010000000000010000100000100001000000001001001100101000000001010010100000000000100000010000100000001000000001001110000000100000001000000000000000000000010001000000010100000101011010000010000000000000000000000011
0000110000101001000010011000000100001000000110000000000000000000100000100000000010000100010001000000000000001000000010000001000000000100000010000100010010000000000000000001000000010000000000100000001011000000000001000000001000100000011011000100100000
1000101100000000011000000001000100000000000000000110100000000000001000000000000000000000100000011000000000000000000000100000100110100000000010000000001000000000110100001001000001000000001000100010000000000000101001000000000101001000000000100101100000
0000100000000100010100010000000001000000000001000000100000000000000000100000010001100000000000000000000000100000011000110000010000000000000100010000000000100000100100011000000001001101100000000000000100100001100000100010100000110000000011000101110100
1111000000000000110000101110000001000000000001000100001100000000000000010000101000000000000010011000000101000100001000000000011100000000000000000000110000000000000010101010000001000000100000000010000000100000000101000000001000110000000110000011010010
0010000000000000010101101000110000001001000000000100000000000100001000100100101000000001000001000001000000100000010001000000101100001000000000000000110000000000001000000100100100001000000010010000001001001001000000111100110000100000000000001001110100
0000011100000000110000011010000000001000000001000001000100000000010000001101001101000001100001111010000100000000010001000011001000000000110101011000001001000000000010101000001001000000011100000101000000000000110000100000110000010100001011000010000100
0100001001100000000000000000000001010000000110000000000000001110000100000000000000000000001000000000001000101000000010001000100000101000110000000100001000001001000100101011001100000011010001000000011000000000000000000000000000000000001010000100000001
0000010000000100000000000000000000010010000001000001000000000001000000000000000000001001000000000101000001000000000000100000000011100001000000010000000000000000011100000000001000100010000001110000000000000000000000100110000000000010000001000000001010
0000000000000000000000000001000000000000000000001000001000010000100000000001100100000011000001000010000001000000100011010101000000101000010001000000000000010010000000000000001001000000000000000000000110001000000000000001000000001000000100000000000000
0000000000000010000000000000000000100000010000000001100001111001000100000000000000000000000000111001010110000000100000000000100000000000100000000000010000001000100010000110001000000100000000000011000010100001100000000000000000000000000000001000000000
0000010010100000100100000100111000000000000010000000101000001000100001001000110000001000000100000100011000110000100001000000100000101001000001000000000100001000000000000000000000010100100000010010000000011000000000001110000000001010011000000110000000
1100010000000000000010000001000000110000000000000010001100001001000100000100000000100000000000000010000100010011010000101000000001000000000001100000000110000001000100000000000000100000010000010000000000000000000110000000000000000011000000000000010000
0000101011010000110000000010000001000000000010010000000000010000000000011100011001100000000000000001000000101010001100010000001000101000101010000100000001000110001000111100000100000000100010011000000000000000000000000000000100000000000000001101100000
0000110000010110000000000000101001000010001001000000001000000000000100000000110010000100001010101000100100000000000010000000000000010100100000010000010000000100000010110010100010000000000100001111000100000000100110000000000000000000100000000000100000
0101001001000100000000010000100000000000000100110100001000000010100000000010111000000000001010000011001000000110010000000000000010001001000000010000000000100000001001000100000000000100001000000000000001010000000000000000100100110010000000011000000000
0010001100100010000110000010000000001000100000000000001000000000000000000010100100000000001000100100000001000010001000000100000001000010000000000010001000000000001000000000000000000100110000000100000000000000000000010001000000001100101010000000010000
0000000000001000000000000000000000000000000000000000001100000100000000000000010000000000001000000010001001000100000000001100000100000100010100000000000000000000000100101100001100100000100001100001000000000100000000000000000001000000010000000000100000
0000000001010100001110000000000000101000000000010000000000000000011101000010001010000000000000000001010000000000010000000000000000000000000000000000000000001010000001100000010000000000010100100000000000000010001110000010000000100000000000000000000000
1000010001000000000000000100000000000000000000000000011000000000000000000000000100000000001101000000000010001001000100000001000000010100011000000000000000000000010000111000110100000010000000010100000000001100000000100000000100001000000010101000011000
0000000000010000000010010010001100001100000000010000000000001000000000000011001010001000000000000000000000010001010100110000000000000100011010000000000100000000000100000000000000001101111000000010000100000001000000100100000010100010101000000101011000
0100000100100000000000000010000000000001000010000000010001100000000000100001000000000000111001000000010010010000000000000000000000000000100001001000001011100100000000000001010000001000000010000000001001000101101000000000000000000001000010000000011000
0000001000000000010010001000000000101000111010000000000001100000010100110010000000000000010000000000000000010000000010000000000010000110110001000000010001000000100000001000001000100010000010000010000000010000000000000001100000000000110001000000000100
0011001000000100001000001110100000001000000000000010010000000000000101000001000000000001000000010000000001000000011000100000001000000001001001100001000000001001001000001000010100000000010000000000000101000000010100000000000010100010111000011001000110
1000100000100000000000000001000000100010100000000110100010000000000000000000000010000000000000010000001001011011100000001000100000000000000000000000000000000000000000000000010010000100010001010000001010010001001000001000000110000000000000101101100010
0000000011000100000110001000000000000100100000001000100000000000011000101011010101000000010100010001000000110000000000100000000000100000010100000000001000000000010010010000000001000001010000000010000000001000000010000000010000000000000101000101001000
0100000000000000000001011000100000101001010100100000000100001000000010011100100000101100001000000000000000000000000000000001000010000000000000000000000000000111000001100000000010000100000001000000000011100000001000101000000000000000001110000000010000
0001000000000000000000000101000000000000100000011010000000000010010000100001000000010000001000001101100000000000100100000000100100100001000000000110000010000000001000000100000001001001000010000000101000010100100001000000000000000000001000010000000000
0000001000000001000000000000000110000010000000010100000000001000011000000010000010001000000000010001001010001100000000011000000110000000000100000010000101000011100000001001000000100001000000001001101000100000000100100000000000000000000000010000010110
0001000101000010001000000011000001000000001000001000000000101100000100000000000011100000010100000001000000001000001000001010000000000000000001010000100100001000100000000000000000000010100000100101010001001101000001001000000100000000000000100110000000
0100000000000000001000000100000000000000010000000100011000000000000000100000000000000000010000001000000100010000000001011000000000101001011000000010000010001001000010000000100010000010010000000011100100000000001000000000000001001101000000000010000000
0010100000010001000000010100010100100000100000000001001000000001000010000000000000000000001010000010000100000101010000100000010000001000000000001000001000000000000000100000101001011001000000000010000000000000110000010000001001000000000000000000100000
1000010000001000000000000000000000000000000000010000000000000000000000010000000001000001000000000001000000000000000000000001000000000011010101100000010101000000000000001001000010001000001000100000000000010010001000000000000000000100000100001010110010
0100010000001010100001000000000000000011000001010010000000000110000000000100000000000000001100000001000010001010000000000000101001100000100000000000001100000000000001100000101001000000001100000000000100001000010010000010100000100000000000000101110000
0011000011110000010010000000010000000100010100000001000100000000000100001000010000000010100000000000000000000001100000000000000000100010000001101001000010010000001000000011001000000001000110000000001010000001100100010100001000000110000001100101000000
0000000101100000000000000010000001100000000000000000101000100000000000000001000000000000000010000001010000000010000001100000000001000100001000000001110001000000000000000000011000000000000001010000000000010000000001000010000010000000000000011000010010
1100000001010100000000000000000000011000000000010000000000000010100000000000000000100000000010000110010000001000000001000000000000100001000000010000100000010000001100000000000000100000000000010000000000100000010000100110000001001100000000101010000100
1100000010000000000000000001000000000000011000000010110001000000000000000100100001000110100001000001000000000000001001001101000010110000100000100001000110000001000000001000000100000000100001000000001000000000000100100000000000010001000010000000000000
0000001000000000000100000000110000011000000000001011000000011000001000000000100000010100000000011101000000001100000000000000000000000001000000000000010010000000000101000000100000010000000000000000000000000000100010100100100000001100000110000000001010
0010010000000000100000000000010110001000010000000110000000000000000010100000110000000000000000001010000000010000000000010000001100000000000000000100010110110000000000010000000001000010100010100001000001110000000000001100000010010101010001010010010000
0000000100010100000000000010101000010001000000000001000000000000100000000010000000000010000000000110100000100000100001000100000000000001000000001000000100001000100000000000000000001110000001000100100000011100010000100000000000000000000000000010000010
0100010001010001000001000110001001000001010000000010000000000000001000000000001000000010001000001000000011000000000001000000000010100000000000000000100000000000000000000000000001000110110001000000100101000100000001000000000001101100000000100110111000
0000010000000010000010000010000000010000000000010000100100001000000000000001001000000100000000010000000001000000001000010100010001010000000000000000000011000100010100000000000000011000001000000011100100001000000010000011100000000001000010000000001000
0001000000000000001100001000000000100000010001100000000000100000011000000010000001000110000100000000001000000100000001110100100000010000011000000000000001000010001101000100000100000001110000000000000101000010000100000010001100000101100000001000100010
0110000100001000000101001010100000000011000100000001100000010101000001000000001000101010000000000001010000011000100100010100100000100000000000100000001000000010000000010001010000011000000000000001000010000001000100000000000000100000000011000001000001
0001000000001000000010000000001001100010100010000000000010000000000101110010001010110000000010100000000000000000000100000000000000001000100010000000000100100001001000000010001110100000000000000000000000100000000100010010001010010000000000000001000100
0100100001000000010010001100000100001000100011000000100000001000000000000000100010000100010000000000010000000000000000010000000000000010000000000010001000110000010000010000000000000000000100000001000000000000000010100001000000000001100010000100000101
1100000000100010000000000001000000100000000100000001000000000011000000000000001000010010000000000000000000000000010000000001000000100010010010000000000010100000010101000000001010000001000000000000011000000000000000010000001000001000000000000000000001
0010000000001010001100000000000000000000000000000000000000000000000000000000000000000000000000010001000100000000010001001001110010000000100010000001000000011000000000100000011000101011100010100000000000010000000000001000000000000010000001001000000000
0100000000001000011000001000100000000000000000001000000000000000000000000010000000000000001010001001000000000100100100000000000100010000000011000000000000000001000100100000001011100000001100010000001000010100011000010000100000000000000000000000000000
1100000000000000100000000001010000101000000000000000100010001000000000000001000000100010000110001100110010000000000000000100000000000010000000000000000000010000000001100000101000000000000100000000000111010000000010000000000100000000000000010001001100
0001000010000000000100010000000000000100001100100000010000000000000010000010010000000001000000010000001000000000100010100000000110001000000000000001000101000110000000000010101000100000000000000110000000010000000001000100001000001000001000000011010100
0000000000000000000000000000000000000000001010000010000100100010000001000000000000000010000100001000000110110100000100100000001101000000000000001100000000000100000000001010001001101000000001000000001010000000000110000000100000000000000000000001000000
0100000010000010000001000010100000000000000000000000000000100001000000000100100110000000000000110000101000010000000000001000000000000000000011001010001000000101011000000000010011000000001011000100001100010001000000100000001000000001000000100010000001
1000001100000100000010000001000100111000000101110001000100100101000000000000000010000000000000100000010000000010000000010000000000000000101000000001000000010101100000000000000001100001000000010100000001000000000100001000001010000000000101000000000000
0000000000001000101000100000000000000000000000000010001000000000111001100001001000100011000000010000011010000000000000100010000000000010000000010011100000000010000110000000000101000000100101001000000000000100000010011001001000000000000010000100011000
0000001000000110010000000100000001000000000000011100000000010010000010010101100010000100100000000010001100111010100100011001001001000100000010010001000001101000000000000000000101000000000010000000010000000000000000000000010000100110010000100010000000
0010000000000001100000000000000000000001001110100010010000001000000000110000000001000100000010100000000000100010000011000000000100010001010000000000000000001000000000000001100011000001000010000000000000010101001010010001000001001000010010010000001000
0001000000001001000010000000000000011000000000101000100010111100100000000000000010000010010101001010000000100000000010100000001000010000001000000000011001000000101000000001000110000010010000000100000000001000000000100001000000000110000110101000000000
0000000000000000100000000000000000001001000100000100010000000000000010100001000000000000000100010110000000011000000110001000001000010001110100000000000000000010100000000000100000000100110000000000010001100010101000000000000101000000010000000010001001
0001000000000001000000000001000000000001000110000011001000000000001101100010000000001000000000000001000010001001101001100100000101001001000000000000000000110000000000000001000000000001100000001100000000000000000000000010110000000010000010001001001000
0100000010000000000001000100000011001000000010101010000000010000010001001100011100000000100011001000000000010011101100100010000010000000000000000010000000000000000000000000100000101000000001001000001000000001100010000000000000101101100000000000000100
0000000000000000000000000101000000000000000010000100000000100000000000000000000000000100000100010000000000000001000000000001000000100000000001000010000000000000100001000101000011000100010000000000000000000000010101100000000100000100001000000001011000
0000000000001001000100000001000001001001010000000001110000000110000000000010000000000000000000000000000000000001100000000001000000000010000000100000100010000010000001000000000001100010001001100100010010000011000000010000001001000001000000000000000011
0000010001000100000000000000000000000100010000000000000000000100000101110000000000001011000000000100110000000000000000000000100001100000001000000000100010010010011000000000000000000010000100100001010000010001000100100000000100011000000000000000000000
0000000000100000000000001100111000100000101010001000001000000000000001000100000101000010000011000001000000000000001000001010000000000001000010000000000000000000001000100000000010000110000111100100000100000000000000000101000010000001000000000000001010
0000001000100110000000000011101001000010000100000100001000000100010000000000000000010000100000001000001000000010000000010000000000001000010000000101001100001000010110110000001000100000100000000001000000000001000000000000000000000000000010000001000010
0010100000000001010001000000100100000001000000000001000000000000000010000000010000000110000000100000100000000010000000000000001100100000001100000000000000000000000001000011000000001010000000000100010000010000010000000110001000000110100001000000000000
1000000000000000000000000000000000000000000000000010000100010010010000010001100000000000100000101010001000010001001001000000010011000101000100001101000001101000100000000000000000000000000010010010010000000100000001000001000011000000100000001000000100
1000000010000000000000000110000000000000000001000100000100001010000001000001000000001001000000000010000100000110011100000011100000100001000100000000000010000001000000101000001001000001000000000000000000000001000110100000000000000000100000000000000100
0000110100000000001000000001000010000000000100010010000000001000000010001100010001000000000000101001110100000000100000000000000000010010000000000000000000000000000100000000000000000000000011000100000000100010000000000010010100000000100000000100101000
0100100100000000000010011000000000000000010110000000001000000000000000000000100110001001001001101000100100000000000000000000000011010000000000000000000000011010100000001010000010010000000001000100000000000000100001000001000001100000000010000000101000
0010000010000001000000010110000000000010000000000001010000000001000000001000000000100000000000001000001000100011010000000000000000100000000110000010000000100001011100000111000001001110000000000001000100101000000000000010000000000100000000000001001100
0000000000010000100100010000000000000000000000000100000000000100000001100001000001001000000000000000000000011001011000000000000100001000111010001000000010000000100010000000001000000001000001000000100100000000001000000000010010000010000000000000011100
0110000101001001100000000010000000000011001000101000000100110100000010000111001100000000000000011001000000100000100000010000000000000000010010110101100000100000000100010000010000100000000110100000010100010000000000101010010000000000000001000000000100
0001000100000010100000010000000000010011010001000000000000101001000001000000000001100001001011001100100000000100000000000110100000010000100000000001110010000000000000010000000000000100100010100000100000001010000010100100101100001010100011000000001000
0000000100000000010000000000000010000000000110000000010010010001000101000000000000001000100000000000000000010000000000001000000001100100100010000000010100000000001001001000001001000000000100010000100000000100010010100000000001001000101100000000000000
0010000000000000100000001000001001100000000100110000000000000000100100100110001000000000000000000100010000000101001000100001001000000000000000100000001000000000000000000000000100001000100000000000000000000000000101000000100000100110000010000000000010
1000001100000000000000000001001000100000000000000001000010001101011000001001000000000000000100000000000100001010000010010001000100000000000000000000000100000001010000000010000000010000100000100010000010000001000000000000000100000000000010000001110010
0000100000011000000000000000000000000000100000001000000100010000000100010000100010000001000010001000000001000100000000000000000000000011001000000000001000010000000010000000000011000000100000001100000000100000000000000100001000000000000000000000000000
0000100100110000000000000000100000101000011010110010001000000000010010000010000010000010001000000101000000100000000000000010000000000000010100000001100000000001000000010001101000010000100001001100001011000000000010000111001100000100110000000000000000
0000000000000000000100000101000001001110010000000010001011000000101000001101000000100000000000000000100001000010000000000000010000000100010001100000000010011000000010011000000010100000000000001010010100000000000000000000010000000000000000100000001000
0010000000000000000000000001101000101001001001100000000110010000000000100001000000000000100010100000000000100100000100100100011000000000000000000010000000010010101000000000000000000100010000000100000001000000001000011100000011000000000001000000000011
0000000101000000000100000000010010000001010000000000000000001000000100100000001010000000010001100101010001010000000000000000000000001000000000000101000000100101000100000000101000000000000000000000000000100000000010000010000000000000100010010000001000
0001001000000100101001100000001000100000010000111001000000000010000000000001000000001000100000001000000000110000000000011010000000000000001000101110000110000000000100100000000100000010000000000000010000000000100000100100001010100111100100000000000000
0010000000000001000001000001000100001000001001010000000100000001100000000000000000000000000001100000000101100000000000000000000000000000000000000000000010010000000000000000000000110000001000000000000000000110000000001000000000100000000010000000000100
1100000000001000000100000000101000100100000010001000010000010000001000000000000001000000000000000000000010000000000000000010100001000101000000001000010000001000010000000000000000000001000101000000001000010111110010000000011001010010100000000001000000
1000000010000100001010010000001000100000000001010000100001011110000010100000001000000001000000010001000000101000001000000100010000101010000000001001001000100000000001001000010001000000000000000000000000010010100000011000000000000100000010000010000000
0000000000000010001000001000000010100000100000000100001010000000000001101101001001000000000110100011010001100100000000100010010000000000110010011000100001000000011000010011000000000101000111001000000000000001000000010000001100000000000000110000100100
0010101000000000000000000100000000000000010000001000000000000000000000000000011000010000000110000010000010010000001000000001000000100000000000010000000000100010000001011100000100000100000000000000010011000000101000000000000000010100000010000001000000
0000010100000100001100000000000000001000000010010100011010010000100110100000000100001010011010000010001000000000001010001010000000000000000000011000001100000100010010000000000000000000000000001000000000000000000001000000000000000001000001001100000010
0000000000000000000000001001000100010000000000000000000100000000101000000000110110010000000100000010100000101100000001000101011010000000011000010000100010000010010000000011101000000100110000000000100000111100100000000000001001100100000000000000000000
0000000000000000000010100000000000010010000001000011010000000100001010000100100000001010001001100000001100000000000001000000000000100000011000000100000001000000000001100000000001000100000010010000001000010011001100000010000000000000000100001001011000
0100000001001010001000011000000000100010000000000000000000000011000000000000001000000000000000100000000000000000000000000100000001010000000000001100001110000000000001000000110000001100000000000001000000000000000000000000110010000100000010000000000001
1110000000000000010000000100100000000010000010000100001001000000100000000000000110000000110000011001100101010000101000000000011000000000100011100110000100000010010000000000000010100000000000001010010000000000000100000100000000000000000000100000000000
0001000000010000110000000010000000001101000000010001010000000000000000000011011000100000000100000100001000100010100000000010000000001100011000100000000000000000000010000001100000000000000000100000000000001000001000000010000000000100000010100001001000
1000000000000001000010000000000000000000000010000010000000000010010000000000010001000110001000100000000000000010100010000100000000001000001001000101000100000001000010101000000000010000000010000010100000000000001010000000000010001000001010100000001101
0000000000000000000101100000000101000001000000000000000001000000001000100000000100000011000000000011010110000010100000000010000000000000000110000000000100000000101001000101010000000100001000101100001100000001000010000001000100001000000010000011000000
0000000000001001100000000000000100100000000000000000000010000000110000000000100000100000001010010000000000000100000000000000001001000010010100001000000010001000010000000010001000010000000000100000000010000001100000000010100110000000010100000101100001
1000000001000000000010000001000000000000000000000000000100001000000000010000000010010000000000011001000000000000000000101000000100000100000001000000000100000110110000000000001010100000000100001000000000000100110001101000010000000001100001000000100000
0000010000000000000010100000000000000000100000000010000001000000000100000000000000001000001000000000000000100101010000000000000000110001010100000000000000100000100010000001000000100001000010000000000000000000011000000100000000100000000011010000100000
0001000010000010011100100000010000100010001000000010100100000001000000000000000000000000111001000000000000000100000011000000001000000010001000000010000100010000000000100010000000000000100001000101000000101000000000001100000100000000000000110000000000
0000000010001000001001000100000000110000100000000000010010000100001010000100000010010000000000000100010000000000000000000000000001000110000000100000101000001000000010000000100000000000001100010000101001000110000010001000001000000010000000000100010000
0010000000000000010000000100000000000000000000000000000000000000101011000000100000010100110010000001100000000000010000000000000000001001010001000100000000100100000000001100000000100000000000100010000101000010011000000000000000000000000101000010000000
0001000010000101000000001010000000000000000000000100000010000010000001001000000000101000000110010011000100000000001000001000000000000010010001000100000010000001000000101000000000001100000001000000000100000010000000000000100101000000110001000000000000
0000000110100000110100000000010000000010010010000010000000000100000000010000000100011000000000001010000000010000010100000001100000100000001000000000010100010100000000100001100000100000000100010011000010001000000000000100000000100000000000001000001000
0110000000010101000000001000000001000000010001100011010000000000001000000100100100010000100000100100000000010000100000100010000100100000100000000100001000000000000100010100000100000000001001100000010100000100000000100000000000000000000101100000111000
0001000011000000110100000000000000000010010000000001100000100100000001101110000001000000001010010101001000000000110100001001110101100001000101100000000110000001011000000001000000000000000010000000011100010010000010110000100000001000011101000010000100
0011000101000000000000001000000010000001000000010000010001100000100000001010010010000000100000100000010010000000001000000010100000000000000000000100000000000000000100100000000000000000000000000000000001010000001000010000110010000000000001001001011000
0000000000000100010001000000010001000000010100000000000000000010001000000000000000001000000001000000001000000010000111000001001000100000000000000001000000001100001100000000000000010100010000000000000000000000000000000000110100000000001101000101001000
0000000000011000000000000000000001010000001100000101000100000011001000000010000000000000000001000010100001000000010001000110000100000010010000001100000000000001000000110000010001110000100000000110001000100000001010110010010000000010100000010000000000
0000100000000000000010111101100000100000000000000000000000000000100100001000001000011000000000000001001000000001000001000000000000000000000100000000100000000000110000100010000000001000000100000100000100000000000000000000000000000000001000000000111110
0000000010000000100000000000010000000000011000000010000000010000000101001000100000000000001000001001001100010001100101000000010101000100010001100110100000010101000000000000000010010000100000000000000100001000000010000001000101100010000000100000100010
0000000000000000001000000000000000101000000000101110000100000010110100000000010000100000000000100000100000100000000000000101011000010000010101001001010000000000000000001010001100100000100000000110010000000000010001001010100010000001000000010010000000
0000000000000001000000010000000000000000000000000100000000010000000001010000000000100000000010000000100000010000000100000010000000000000000000001000000000010010001000000000001000000010000010010010000010000100000000000001000000100111100100010001001000
0000000000000000010100000000000000000000000000000000000100100100001000001000000001100000000001000000001110100000110100000011100100011000000000010000000000100000000010000000000000000000100100000000000000100000000000000100100001000000100111000000010100
0100000001000010100000010000110100000000000000001000000001001000100010000010011000000000001000000000000000010010001000010000100000000000100000000000000100000000000000000000000000000000000100000001100001000000110001000010000000000010000110000010000000
0000000000000000010000000000000100100000000000101100110100100100000000000100110000000000001110000000000000100000100000000000010000000110000001001100000000000000001101000000101000001000000000010001011000100000011000010000000101000100010000100001110000
0010000000000100000001000000001000000100000110010000000000010000010000001001000000000000000000010001000000100110001000000000000100000010001000000000001010000000000000010000000111010001000000101000100011000001000001000000000000001000000000010001010000
0100000001000001000000000100100000000100100011000000000000101101000000000001000000100011110110100000010010000000001010101000000010100000000110000001000101000000000000000000000000000010000000000000000100000001000000010000000001000100000110000000001010
0011000001001000001010001000000001000100100100001000100000100100000001000000100000000001100100100000010001000000000000110001100000110000000100000110000011000001100101000000000100001000000000010000010011000010000000010100000101010000101000000000000000
0100000010010010001000000000100100000000010000010001000100100100000000011000000000000000000000100010100000100001000000001001000000000000000010000000100000000000001010000100010000000000001100010000111100000000000010100101000101010010000000010100000000
0000100010000100001010000000001010000000011000001000001000000101000000101000110100000000010000010000100000000001000000100000000010000000000100100010000000001010010100001100000000001000010000011000000100000000110000010110010010100000000000100100100000
1000000001100101000000000101000011001000001010000000000000000100000001000010000000000000000010000000000000000001010000000010000000000001000000000000000010000000001010000000000000000000000001000001000000100000000000000100010000001100000000000010001000
0000110000000000000000000110011000110010000001100001000000100000000000110000010001000000010010000000000101000001000000100010100011000000000001000000000100000100001010010000100000000000010010001000010001000100001011001101100001000101001001000000000000
100 69
120 20
