250 250
0000000000000100010000000010000000011011000100000000000000000001010001110000000000010000000000001000000011000001110000010000000000001010000000000010001000100001100100000000100001100010000000000001010000000000100000000010000100000001000010000000000000
0001000000000101100000000010101001000001000000000001011100000000000010000100000100001000000000000110000010100000010000000000000000000000000000010000010001011000000100001000001011000000000001011000110000000110000000010100100001000000000100001111000100
0000001010100001000000000010000000001100000110000110001000010000101010010110000000000000000000000000000101000000000000110000000100110000000000010000100000001000010000011000000000010000000000000010000001000100010010100100000101101001000000000000100000
0000000010001000000000000000100000000000000001000000101001001010000000000001010000000010000100000100000000000000010000100000000000110000000000000001100001000010110000000000000100100100000000001000001010100100010000000001000010000010011000000001100100
1000000000101000100010101000001000000100000001001001001000000000000000010000000010010000100101000000001000000001000000000000000000001000000000100000000000000000000100000010000000010000000010100010010010100000000000110000001000000001010000000000000010
0000000000010000000000000000000101000100000000000001011000000000000000000010000010000001000000000001010000100000000000000100100011001000000101001010100000000100000100000000000000100000000100000000000000000000100000000000000001000000001000000000000100
0000010100000000000100001000000000000000000000000000000000010100000000100000100000000011000000100100111000000110000000000000001101001000000000001000000000010100100010010000010000000000010000100010001110000010000010000000000000000100010000010000000000
0000011001000101011000000001000000000010000000000000010000010000000001001000010100000001001000000000000000001110010000000000010100100000000000010000001010000000000000000000010000000000010000000010000000100100000000000000000000000010000000110001100000
0000001000001000000000000000100000000000000000001000001101001000000000000000000010100010000000000000000000000000000000001100000001000000011000000000010010000001000000100000001100100110101000000000000000100000000000110001100000000000000000100000000100
0000001010001100000000011000010001001000010010000000000000000001000000000000010100000000000000001010001000001000000101010000010000000010000101010001000000000010010100000000010000100000001010001000001000000000110010110001000010000011010100000001000100
0000000000000000001001001000000010000000010000101110000010000000001001000000000000000000000001001100000000000000000000000000000000001000000100001101100001000000000000110101101100010100000001000000000000000000000000001010000000010001000010101000000000
0001000010010000000000001100000010000000110101000000010000101000000000000001000001010000000001000100010000000001000000100010101001111000000011000000000001000001001000000000001100000000000001010000000000100001100010011001000000010001000100000000001000
0000000000000000000000000000000000000010000100000000010010000000000000000000000001000010000100100100000000100100000010000000000000010001000000100000000100000000001000000011100000100000011000000000110011000010000000101000010010000000001000000001000010
0001000000000000000001110000001000000000000100000000000000000000101100000001000000000000100000001000001110000001000100010000000000001001000010110000000100000000100100000001000100000000000000001000001010001001000000000010000000000000000100100000001000
1001000100000010010110010000000000000000000000100000000000000000000000110110000100000100000111000000000000001000001000000000010000100010000000100000010000001100000000001000000110000001001000000001000000001000000010000000000000000000010110010100000011
0000000000010000000000010000001001100001010000000000000000000000100100000000000001000100100000000000001101000000001000000010001110100100000010001000000000000000000000001011000001000000001010000010010000000000000000010000000101000101000001001000000000
0000000001100000000000001001000000000000000011000101000000000000000100010001001001010000000001000100000000000000000000011000000000000000000000010000000000000000000001000000000001000110001000000000000100000001000000100011000010010000100000010000010101
1000101001001100010000000000000001000000000110000000010000100000010000000110100000100100000000000000000000001000000100000000001111100000100000000000000001000000000010000000000000000000100001000000000000010000000100010000000000000000010000010000100000
0000010000000000110011010000111001000000000101000000001001110010001101000110000001000110000000000000110100001000000000100000010000000101010000000000000000000010000100000000100000000000000010011100001000100000000000001000000010011100000100000001000000
0000000000000000000000001000011000000010101000010000000110100000000001110001010100100011100010001000000010110011000000010101000000000000000001000100000000000000000100000000000000000000010100000100010100100001100000010000000000000000010000100100100000
0001000000010000000011000000000000000010001010000000001000001000001001000000000000100000000000000000001000001001000100010101000010100000010000010000000000010000000000000010001000000000000000000000000001000101000000000000000001100000000000100100000001
1010111010100000000110010000001001000000000010000000010000011000000000001000000101000011000001000000001000000100000000001110000000000001000100000001001101000000100010000010000000000001000000001100000000001100000000000100001000010000000001000001010001
0100000010001000000000000001010000000000000011000000000000000000010000000100010001000000001000001000100000010000101000011000011000000000000100010000100000000010000010000000000001010000100000010000011000100110000100010000000000000101000100101000001100
0000010001000010001001001000000000001011001000001001001000101000010000010010001001010000001000000000000000100001100000000000000010000000100010100011100000000001001000010101010110011000000100000100000000000100001000000000000100000100000000001010000000
0000010001000000000110000000010000000000001000000001000000000000000100001000000000000000000000100010000001000000000000000010100010000001000000000000000010000000000000000000001001000100100000000100101011010001100000001000000000000001000001100000010000
0001001101001001000001010100000000101000000001000000000010100000000000000000000000000100000000000000010000000000010000000000110000001000010001100100100000000010000010100000000001100000111100000000000100001000010010000000000001000000010100100000000110
0100000001000000000001100100000100000110000000000001000000000000000001000000000010100000000000000010000001000000000100000100000000000000100010000100101000001000011110000001000101011000100000000000000000000001001010000000010010000000000000010000001000
0001000100000001101001100100100000100000001000000010000000010100100000010000000100000000101100010000010001001000000000000000010100010000000000001010100000100100000000000000000000100000000100000010010000000001100001000001000000110101000010000000000000
0000001000001100001001010000000000000000100000000000000100101100000100000010000100000000000000000000000000010100000000000011000000010010001000000000000000100110000000000100000000000000100010010000000100010000101010100000000000010001000000000000101000
0100000001000001000000100001100100000010000000000000100000001000000010000001001000000000001010001010100000101000000000000000000000000000000001000100000110100000000100100010000011000101000000001000100001100000010000000000000100000000110010000000001100
0000010000001100000000000000000011001000100000010000000000000000000100110000000100000000000000001000000101000011000000000000000100001100100010000001000100100000000000000010000000101000000001000000001001000010100010000000000000000100000100101010001000
0000010100100000001100000010001110100001000000001000000000010000000000010100000000000000001000000000000011001000010001010010010000100100000000000111000000101000000110000100010000000001000001000010000000010100000000000000000000100000000000011000000000
1000000000000001010000000100000000100000010000011000100000000000000000000010000000100000000000001000100011000000100000000000000011000011010000000000000001000000000010010000111001000100000000100010010000010000000000010100000010000100000000001000100000
0001000000001100000001000000010100001000000000000010101000011000000100000000000000010010000100100101000000001000000001001000000000000000000000000001001010000000101000000000000011001000000000000000000000000000010100100000100001000010000000110001100000
0000000000011000000000000100000010000000000000000001000001000000000000010000000000100010000010000000000000000011010010001100001000011000101000000000000000110000000000000000000000001000100000000100000000000100001000000000001010000001000010000010000000
0010000000000010000100000001000000000001010000000000000110010000000000010000100010000000000000100000010000010101010000000100000001000110000000000000001000000000000010000000000001000001000000010001101101010000010000110000000000000100010100000000000000
0100000000111000000000000000000000000110000000000000000100000000001000000000010000001000100010000100000000100000000010000001001100000100000000000000000000000100100000000100000001001000000000000010000000000100000000000000000000000000001000100000000000
0000000000000001000101010000100000001100001000011010000000001000000000000100000000000000000001000010011000100010000000000000000000000000000000001000000100100000000000101000000000010000000000000010011100110000000010110000000000000000100000011001100000
0000000000000000000100001000011000100000000100000001000000000000000000001000000011000100000000000000000000001001110100000100010000000010110010000000000000000000001000000000010100010000001000000100001000000001100000000000100010000000100000000000000101
0001110000000010010010000001100000100010100000000100100000000000000000000000000100000010000000001001000010010000000000000000010000000000000000100000000000000000000110000000000000010001010010010000000010000000011000000101000000011011000000000000010000
0000000000001010010000001010000000000010000000011101001000000000000000000000000001000000000000000000100100100100000000010100100000000000000001001010000100000010110010001000010011000001000000100010100110110000010001000000101001000000001100000010100100
0100100100100000000010000111000010100101000001000000010000000000000001000000001001001010100000100000010011000000000001100100100000000010011100000010100001000100000010000000000000000000001000100000010000010000001111000100000010000000000000000000010000
0001001000000000000010001000000001000000010000000000000000010100100000000100000010000100000000011000001100000100001000000001000010000000000100000000100000000000100001110001000000010101000000110000000001010000010000000000100000000101100110010001000000
0000000000000000000000000000101000010000001011000000000000000000111100100000000001000000010000000001011010100000011000000010000000000000000000010000001000011011001001000000000000000000000000110001100000000000100000000010000000100000000000001010100000
0100000000011010000100000010000010010000010000000000000010101000000000011010100001000100001001000000000000000000001000000000100000010000000000000000001000100101000010010010000000010000000000000000000010000010100000000000010000000010000000000000010001
0001000000001011000010000000000001000100100000000000000100000000000000000001010000000000000000001000000011000010011000001000001000100000011000000000011000000000101000000000000000000000000000000001000000000000100000100000000000110100001000000010010010
1001101001100001010000000000010000001000000000000000000000000001000000000000000000000000000000001000100000000000100010001000110001010000000001000110110010000000101000000001000000000000000000000100000000000000000000000000000010000000000001000100000001
1000000000000100001010000100001010100000011000000000100000000000110100000100000001000001000010000010100000001000101000001100000001000000010000000000001000000000011110010000000000010001000000110000001000001010001000000000000001010000000001000110000000
0001000010000011000000000000000000000100000000010010000000000000000000111100110001000000011000000000010000000000000000000101000000000001000100000000011000001000000000011000000000010000000000011010101000000110110100000000000011100010000100000100000000
0000000000001100000000000000000000000000001000000110010001000000010000000000001000000010000100000000000010000000000001000000100000100010010000000010000010000100101000000000100000011000001010000000100000000000010000001000000000010000000010000011000000
0000000001000001001000000000001001000100001000000000000001000000000010011000001000000001100110000100001100000000000001000001100001001001100010000011000000000000000000000010000000100000000001001000000100000000000100000000000010000011000000000000000100
0000100000110000000010100001000001000000000001000000000000000000001110100000000000100000000000000000000110000100010001000000010000000000000000000010000000000001001000000000000000110000000100000000011000000000000000010000100000000000010000000000000000
0001000000001010000001000000000001000000100000101000100000000010100100000100000000000001000000001000000000000000000000000000000101000000000000000000000000000000001000000000000100001000010000100000001000000000000100000000000101100000000001000000000000
0000000000000000000010000010001100011100001001010001000000001000000000000001000000001000001010010100000001000000000000010110000110100000000011000000000001000010100011000100000000110000000010100010000000100000010000000011000010000001000001000000110000
0001001011110000000000000100011000000001000000001000000100000000000000000100000000111010000000000000011100010000000011010000000110100000010001010011100001011000000000010010101000001110000000000000000010000000010000000100100000001101000010000000001000
1110100000011001000000000000100000000010111000000011000010000001000010001000000000011000011101011000011000101000100100100000001000001000000000010010000000000000100000010000000000010000001000000110000010000000011010000000000000010000001010100000000000
0000000000000010000000000001000000100010000000000000000010011000000000000000000101000000000000101000000100000101000010000000100000000001000000000001101000000010000000000001000010010001000000001100001000000100100000011000000000001000000001000000000001
0000110000000000000000001000011000000000000000000000010001000000000000000000110000000010000000000000000000000100000000000100000001100100000000000000000010000000000000000000000001010010000000001110000000000000000100000000100010000001001000001001110100
0010011000100010100000000001000000010100000110000000000000000010000101110000000000000001100001100000000000000000000000100000010100000001100000001000101000000000101101000010001000001100001001000000110010000000101001100100000100000000010000000000000000
0000000010100000000001001000000000000100001001000000000000000000000000000000001000000000001100001101010000000000000000010010001000000000010100000110000101000010010000000000000000000000000001000000010000001000100000001100000001000000010000000001000000
0000000000000110000010001000000010000000000000000000000100000000001000010011000000010000000000000100010100010001000001000001000000000000001001000100000101100001011000000001000010000000000000000000000000000000000010010010100000000100010000010100100000
0000000000000001000001000010000000000000000011010000010000000000000000001000100000000011000011001000100001000000110000000001000010110010000001000001000101100000000001000100100001000000100000010000010001000000010000001100001000010000001100000100000000
0000000000100000010000000001110100000000000100000000001010000100010000001010010000000000110000000101000000000000001000110000010100000000000000000000001001011000000010000001000000001000010000000000000000000000100000001000101000010000000011001010000100
0011000000000001000000000000000000000001010001100010000000000000110000000110000000000010000000110000100000000000000000001000000000000011100101000100000011100000000000000000010100101000000000100000100010000000000000000000000000011010000000010000010000
0000000000000000000011000100100000000100100001000100000000000010001000000000010010000100000010000010010000000000000101101000001100000100001100101000000010100000000000000001110001100000000000000010000000000100000000000010000000000000000000100000001000
1000100000000001000100010000000010000001000100000100000010111000001000110100001000000010001000100000000010001000000001000001100000100100000001001000000010000001000000000000100001000000000000000001000000000100011000000000000000000000000000000010000000
0000000100000000000010000000000001100000000001001000011000001000001000100010001000001000000011000000100000110000000000000000000000000010010000000000011000000000000000000000010000000100001100100010000100000000001000010000000001000000010000000001100000
0000000000001000000000000000000100001001000010000000000001010110000010000000100100001000000000000000001000010001000100010001010001000000000010000001000000100000001100010000100000000000001001000000000100000000010000001110000010000000100000000001001010
0000001000000000000000000000000000001100000000000010000000010000000000001011100100000000100000100011000000000000010000000011000000100111100010101000000010000000000000000000010010000000000000001000010000011100000001000100000010010100000000000000100000
0000000000000001010010000000100000000000000000000100001000000000000000001100000000010000000011010000000000100000100010000010000100100000001011000010000100000010000010000000000011000101100000010000001010000000001100001100000000000000000010101000000000
0010001110010100000000000010100010100000010000000000010000000001000000100001000000001000100000100000010000000100000000000000010001100000100000100001000000000000000010010000100000000010000001001000001100010100000000000000000000010010000001001000000010
0100000001000000010000000010100010010000010100010000100000000100000001100001000000000001000000010001000010000100000000110000011010000000100000000010010001000000000110001000100000010000011000000000010000001001000001000100100000001000011001100000000100
0000101001000000100100000000000000100010000000000000100101001001000000000000000001010000000000000000011000000000010100000000010000001010100110100000010000000000000000010010000100000000010001000100000000000000001010010000001000010000010011000000010100
0000000000011000000000000000000001011000000000010000000000000010000100000000000100000001000011000000000000001101000000000001000000100100001000000000000000000101000000000000100000100100000000001000000010000000000000000000000000000001010000010000000000
0001000010000000000000000000000000100000000010000000001000000010000100000100000000000000000001000000101010000100000000001000000010010000001001000000010010001100000000100000010000100000000100001001000000000001000010010000000000001011010100100000000000
0010010000000100100000000000001000110000000100010000000000010000001100001010010000000001000000000100000000000101000000000000100000100000000000000010101010000000010100000001000000000000000000000100101000010110000000000010100000000000000000100000110000
0100000000100000001010001000000000010010100011010000000000000000000000001100100000100000111000000000000000000001000000001100111011001000010000010100000000000000010001101100001001010000000001000000010010110100000010010000000000001010000000101000100000
0000000010000000000001010000001000000000110001000000000010000100110000001100100000000010000000100100100110000001010000010110000100100000000100000000100001000000000000100000000101000010001001000000000001000010010001000100001010000000001000010000010000
0000001001001010000010000000001000110000000000000101100010000100100000010000000000000000000000000010000000000001000000101000000000000010010010100000000000001001100000000000000000100000110000000001000000000001000000110100000000100000000000000001010000
1000000001000000010000000000000000000001000001000100000010000011000011000000000010001000000000101001100100010000000000000000010000010000000000010000000010010101000100000000011011000000010010000000000000001000000011100000010010001000000010000000000000
0000001010000000000010000000000000000010000000110100000001000000100011001100000000000110101000100000100000010000001001101010000010000000100010000000000000000000110010010000000000001010000000100000010000000000000001010000000000000000000000000000000000
0010001100000010100000000000000000000010000000000000001000000001000000000100000000001010001101000000001000010000000010000001000000001100110000011010001000000000100000101001000001010000000000100000000010000110000010100000000010001000000000000000000100
0010010110101000001000000000000000010000000010100001000010110100000000100100000000001101000000100001000010000000000001011001000010100000110000000010000000000010010110010010000101000000000100000110001100000001000100100011000000000001000000000001000000
1000000000010010000001000001000000000011000000101110000100011000001100000101000100000000000001000000000010000101000000001011000000000000000000000010000010000000000111000001000010000000010000011000000000100000000100000100100000000100000000000000010000
0110000000000110000100000000010001100001000100010000001001010000000000000000000100000010000000000000100100100000000000000000000000000000100000000000101000000001000000000000100000001001000000000001000010110100000001000000010010000100000010111000010000
0100001100100000100001000000001000000100000000000010001000000000000000110000100011010001000000000100001010100000000000001100001000101000001000000000000010000111100000100000100000010000001000000000000100011000000000010100000100000100000000100000000000
1000000000000000010000000010000000000000000000010000010000000000000110001000100001000000010000000001000100000010000100000000000101000000000000000000000001000000100000000000000000101000000000000000001010001011011010000001000000000000000000000111010000
0000001111001010001001000000000100000010000000000000000010100010000000000001000000000000000000010000000000000000000100000010000100000001000000000000001010000000000000000000100010001110000000000000100000100000000000000101101000000000000001000011000000
0101000001000000100000000000000010000000000000000000000001000100111000010000101010010000100000100000000100010100010000011110010001100000100000000000000011100000000001000000000000001100000100010000000000000010001000000001000011000000001000000000001010
0010101100010001000001000001101010000101000000000110000010000010000100000100000111000100000001100000000100000011100001010000010000000100000100000100000000110000100101100000010010000000000000100000000000000000000001000001000000000101010000100010000100
0001000000000100000000000000000000001000001000000000000000100000000001110100110011000000100000000100000000001000010000000000000111000000100000000000100000000000000000000110101001100010010000100000000001100110000000100010000000000100010000000000010000
0000000001001000001000001001010000000011010000100000100000100000010001100000000010000000000100100000000100000000000000000000000000000000010101000010010000000000000000000000110000000000000000000101000000000000000000000000101000001110000001000000001001
0000000000000011000001100100000000001001000001100000000010001110110000000001001000000010010100000000100010100100011001000100001010000000000001000100011000000000010000000000111011000000000001100000000100000000000100001000010000001000100000000001000000
0010100000000010001101000100000100010000001000010000010000000000001000000000000000000000001101101101010000010000000010010011001000100000011000100000000100000010000010000100001010100000010000000000100000010101000010000000000000100000000001001000000000
1011000000000110000001000000110000000000000000010000010001000000000000000000000011011001000000000000000100000000001000000010000000000000001000000010000110010001010000101000000100100001000100100001000000010101000000001010000100001001011100001110010010
0000000000000000000010000000000011000000100000010100000101011000000100000000011100000000001000000000001000000000101000000000000100000000000000000100110000000001110100010010010000010000101000000010000000100100000001001000000000101011000000000000000000
1010001000000000000100001000000000000000010000100100001001000000000000000000000110011000000100000100000100000010010001000000000110000000000000001100000000000000000000000000000010000000000010000010001111000000000001010001000000000000000001100100000010
0000000010100000100000100100011100100000000000000000000000000001000100000010000000000000000000001010001000000000001000000110000001000000101001000000010000010001000001001100010000100000000100000000011000000000000000111000000000000010100000011000000000
0101001000010010000000011000000100000010001000000001000000011100011000000000000000011010000000000000000000111000010010000010000010000101101000000001100000000001000011000010001000010000000001010000000000000110000001000000000000000000001000001101000000
0000110000000000000000000010101000000010000000000010000100000000000000000000000000000001000001000000100000001000000010000100000000001000000000010000000101000000000000000100111100100100000000001111000000010000000100000000000000000000010000000001000000
0001001001100000000001000000000000010001010000000000000010011000000000000000000101000001010001000000000000010000000000000001000000000001000100010000001101010000000001000001000001000000000000000111010000000100000000000010000010000101000000100000100000
0100001000000010000001000110000000001000000100000000010000000000000000000100000001000000000001001000010100001001000000010000001000000100000001011000001000000010001000011000000000000001000000000000000000010000110110011001001001000000000100010000000000
0000001000010010000100100000000111110001010100000001110000000001000010000001000010101000100100000000010000001101000010000000000001000011100000000000000010000100011010000000001010000000000001100000000000111000000010000000000000000000100000110110001000
0000000000000011000001001000000010000000001101100000001000001000001010000000000000100001100010001011000000100000000000000000001000000000001000000000000010000000000100010000000010000000000000000000001010010101100110000000010110000000000000000000101010
0000010011000100111001100100000000000000100010000100000000000000000010000000000000001010000000110000000010000010010000000001010000010010000000000010000100101000010000001000000000000000001110001000000000000000100010000000010000001000010000000100100000
0001000000000000110001000000000100000000010000010100001000100001000000010001100000100000000000010000000000010100000000000000100000001000000000000000100000010011111000000001000000100001010000100100000100000100001001000000000000000010000000000000010000
0000000000001010000010011000101000000000000100000100000001100000011001000000000000000110010101001100000011001001010000000001000000000000000000010010000100110000000000000000000000000010000010000011000001110010101000000000000110100000001000000000010100
0000100000001000000100000100001100001001000000000000000000000000000010010000000010000000001011000101000011001001010000000000000000000000000000100010100000010000000000000000000000000000011000000010000010000000000000000000000011001010000000100000001100
0000001000000010010100001100001000000000001010100000000000000000101000000011100000000000000000000000000010000010000000000100100000000000100000000000000000001001000000000100000000001110100000011000101000100010010001000000100000010000000000000100010001
1011100000000010000000000100011001000000000100010000100000100001000100000101000000100010011000000010000000000000011000000000010000100000011000000000000000000010100100100010001001000000000000000000100001000000001101010000011000100001010000000100010001
1000000000100000000100100000100010000001000000001000000010000010010000000100000100010001000010100010000000000000100100001000100100011000000000010000000001000000000100000010001000110010000000000000000000000000000010101001000001000100000000000000000001
0000010100000000010001000010000001000100000000000000000000000001000001000000000000000000000000000010000011000001000000000000000100010101101000000101001000010000000000000000000000000100100000000010100000001000000000000000000000010001000100110000000000
0000000000010000100001001010000000100100001000000000100000000000001010010000001000001000100000001000010100000000100100000000000110000000100011000001000000000000001110100010010000000000000000100000000000000011100010000000000000000000010000010000000000
0010000010000000001101000000000000000000000010000000000000000000000000000110100000001000000100001000101000000000000000000100010000100000001010001000000010000000000001100000100000100000000001000011010100000000101100010000010100000010000000000000000100
0001001101000000000000000000000000101100001011100000000000000000000001100000101001111001000000000010000000010000011000000000000000001000000101000001000000000010000000001000101000010000000000000001000010110010000000000000000000100001010010000010000001
1010010000000010000000000000001010000000000000000000001110010000001000011010000000000000111000000100001000000000001000000110010000000000010000000101010001100000000000001000000010001000000100000001100010001100000000000101000001010010100001000000000000
0000000011001110001100000000000000010010000000100100000000000001000000000011001000100000000110000010000001000001010000000000000001000000101000000000000001000000100000000000100001010000001010000000101000000001000000101000000000100010000000000010000000
0000100010000000000001000000101000000000100100000000000100000000010011000010001001000010000000000000010111001100100000001000000010000001000010101110000000000100010000000100010000000100000000000001000011000100110000000001100010000000000010100100000001
1000000000000000001000000100000000100100001100000000000000000000000000010000000100000000110000100100000000100000000011000100000000010010001001100000000100001110100001000000110000000000100001100000000000100000010000000000010000000000000000010000100100
0011000000000000000000101011000000100000000100001010100000001000000000000000000000001100110000000000000100000001101100000000000000000000001000100000000000010111001010000110000000000100110001000100110000000100100010101000010000000000000000000000100001
1000001000000010010000000001000010000010010000000000001000000000000000000010000000111000000110000000010000000000000010100010010000000000000010000000001000100000000001001000000000010010000001000001010010000000000010100000001100010000100010000000000000
0010000010000000000010011000010010001000000000001100010000000010000000000000100100000000110010110001000000100010000000000010000000000100000000001010100100010100010000000100000010011010000000100000000010000000000000000001000000000000000000010000000010
0000000000000001000000100010000000000100010001000000100000000000000000010000000000000010000000001000100100110000000000000001100100110001001000001001100000010010000000000110000000000101001000000010100000000100000000000100000000000100000000010000010100
0000001110110000001001011000000000001000000100000000000000000000100000001010010000000100000001010000000100100000100000000000000101000001000110100000000000000000000000001000000000000001001110000100000100000001000000100000000000000000010000000010000001
0000010010100000010001000000001010101000000000000000110000100101100000100100010000000100000101000000000000000010000001000001011000100001001000100100010000000010000001000001100010000000000000000100000000000000100001100010000110000001001000110000000001
0100010010000010001010000000000000001001000010001000100111100000000100000001000000000100001000000100000000100001010000010000100010000000010000010010001000000000010000000001001000010000000000001000000000001000001010010010100001000000100000001000000000
1010000000010000010000000010011100000000000000010100010000001000001000000000000000110000010000000011000010000000000000000000000000010000100010100000000000101000000010001010000010101101000001000000000100001010000010100001011010010000001001010010000100
0001010100111000000000000001001000111000010100000010000000000000000000000000000010010000011000000001000000100000000000010000000100000001100100000000000100000010000010000001001001100010000010000000000000000000000100000100000100100000010000000010010100
0000000000100000000010000000000000000000000000000000000000000000010000000000000000000000000000010000000001000010010000001000101010000100000010001010000100000000100000000111011010011000000000001000000000001000100000000100100000110000010001000010001010
0000000000001000100100000110000000000000100010001000000000000000000011000011001000100011000000000000000100000000001010100000010000000000110000001000000000000000000100000010000000000000000000010000000001000000001001000000100000001000000001000000000001
0000010000000000001100000010001000100000000000010000001000000000010000000000000111000000001010000100000000000000000001111000000001011000001010000001100100010010000001000000000000000001000001000000000010101000000001100110000000101000000000000001000000
0010000001100000000000100010100000110000010001000000000000001000100010000001000011001010001010001010001000100000000010110101001000010000000100100000000000010100000100100100000000000000000000000000100111100000010000000000000000000000000000000010000000
0000000101000001000000000000100010000000000000100011001100001010001000100100000001000000000001000000000000000000101000000000000000000000000000000000000110000000000001010010001000100000010000000000000011100100111100000000000000000000000000000000000000
0001001000000000001010010001000000000001000000100000000000000000000001011000000100000000001000000000100100001001000000100000011000000100000000000000111001000000001000000000100000000100010000010000001000010101000001000000000000100000100111010001000100
1000000000100100001000000000100000000000010000100000000101000100000010000000000010000000000000001000100000000000000000010100000000010000001100000000010001001000000000100000100000100001001000110100000100000000110000010000000100000000000001000000110010
0000000101000100000100000100100000000010001100100000000000000000000000011000010001000000000001000000000001000001001000000000000000010000000001000000000000000100000100000000010000000000010000011011010000000000001001000100000000000000000110000100000001
0000000000000000000010000001000000000100001001000101000000000000000000000000100001000010000100000000001010000000010010100000100000011001001000000001100001001000000000001000010000000010001000000010000000110000000001110000001000101100000000001000101000
0000001000000100011000000100000001010000000000110000000110001001000001000010110000100000000000000101100001000010000000000000010000100011010000010000010001000010001100110000000011001001010100010000100010010000000010000101001001000010010010000000100000
0010000000010100000001100010100100000100011000000000000100000010000110010001001000101000000000100000001000100000000000010000000010001010000010000100000001010000101100000000000000000010010010000000000000100000000000000000000000100000001110000000000001
0000000010000000101000000001000001000000000101000001000010010000100010001100000010000011000000010110000000100000000000001101000100010000000000100000000100001000000001110000100001000000000010000001000010000010000100000000000000000000000000110000100100
0001110000000000000000100000000000101010100010000010001000100000010100001100000100011001000101000000001010000000100000000000010000000000000000000000010000000000000011000000000000010000000010000000000011000000000000000001000101000000010100000110000000
0001101000000000010000000000100000010000000010100000000000100001000110000000000000000100000001000000100100000000000000010000010000010000000000000000000000000000000100000000001000000000000000010000000000010010000000100000011000000001010000010000000001
0000000011001000010001000000000101100000100000001000001011000101000001101010000100101010000001000011000001000000000001001010000000100010000001001010100000001010000000000000000000000000010000010000011001000000000000010000000000000010100000000000000000
1000000000011010001000001001010001000000101000000001001000100000000000000100000000000011000000000000000100000100000010000000000000000000010000000001100000010000010100000000100000000010010000000001001001101100000000000011000101000010001000001000000000
0011000000001000000100100000010010000000000010000000001000000000100100000000000000000001010000000000000011000000100000010000010000001000000000000001000010010000000000001000000000001000000000100100000100001000010010000001000011000000000001001011011100
0000000011000000000011000000100000000000000100000110001010000000111000010100001000000001000000011001000000000010101100000100101010110010000100000000110000000000010110010100010100010000000001000000000010100000000000000000000000000100000000000100000000
0001001001010100000000000000010000010010010000010000001010001000110000010000000100000000001010001010000000001100000000000000000010000000101010000000100101000000000000000000010000000000000000000000000000000110000000100000010000010010000100010000000000
1000000010111001000110000000010000000100000001000000010000000000000100000100110000001000000110010000001000010000000010010010000010000000100000001000000000000000000000000000011100100000001000001000000000000000000000001000000000000001000000000100000000
0000011101101000000000010000000010001000000000001100001000000000100000100000001100010000000000101000000110011000010000100000100000100000000000000000110000101000000000010000001000010000000001000000110000100010101010000000000001000000000000000001000000
0100010000000000001010000000000001100001000000000000001111000110000010000000000000010000100000001010000000010000000000100000000010000010010111000000000000000000000010000000001100011001000011010000000100001001000001000000000000000000000010000001000001
0011000001000001010001010100100001000001001000001000100010000000001000000100000000001000010001000010000001111001000000000001000001000010011010010000001010001010000010000000010000001000000000000000000000010100001000000000000000000011000001000000100100
0000010101000000000000010000100110000000000000000000101000000000001000000100000000000010000000001100001101100011000001000100010010000000010000000100011000010000100001010000000000001001100000000001000110000100000000000010001011000000000100000000100000
0001100010000000001000000000010000101000000001000110101000100000100000101011100000000000000000000000000000001000000100001100001000000000000010001010010001000000000000011000001000100000001000000100011000000011000000000000000000001000100000000000100000
0000000000000000000110100010000100010000010000000100000000000000000000001001011000000010000100000000000000000010100000000000000000000000000000000000010000101100000000000010010010001010000000001000000000100000000000000001000100000111000000000100100010
0100001000100000001100010000010000000001000000000000000000100000000000010000000001000001000000000000100000000000000010001000001000010010000100000000000000000000000001100000000110001001110000000001100000000001100000000000000000000000010000000010010010
0000010100100100000000000000010000000000000100010000100010000000000100001000100001001000000000011000000000000000000000001100001010000001000001000000000001000010000001000000000000000000000001100100010000100010110001000000010000000000001010000000010010
1010000000110010011000010010000000100000000000000000000000000000100100000000100000001000010000000000001000100000000010000000001000000010000101000100000010011000000000000000010010100000010000000000110010010000000000000000010000000000000000000000000000
0000000000000000000100011000110000000000000000100000000010000000000000000010011000010001100000100110000000000100011000110000011100100001000100000110000010000000001010011000000000000011000001000000000010010000000000000001000001010100000100000000010001
0000000000000100010001000000000000001011000000000001000100000000000000000000000000000000010000010001011000001100100000001001010000001010000010000100100000000000000000000100001100000100000000000000000000000000010000000000110000010000001000000001000000
0000000000000010010001000000000000000000100010000000000000000000000000001100000010000000010000100000000000000000000000000010000000100001010001000000001010100000000000100011000000000000000010000000010100000000100000000100011000000000010000000000000000
0000000001000010110000000000010000000000000110000000001001000000000001010000000000000010000000101000010100000000100000000000000000000010110001010000010000001000000000000000011001010100000000000000000100110001000100000000000100100001100010001010000000
1100000100100000000010001000000001000000001110001010000001100000101000010001000100000001000000000000010010001000110010000010000000000000100001010011001100001000001000100010100001001010000000000011001000001100001010000000000100100001000000100000101001
1011001000000000001000000000110100000001000000010010000000010000100000100000000000100000000100001000000010000000000010000000000001010110000001110000010000000000110100000000100001001001000000001101000000100100000000010100000010001000010001000000001001
1000010000000000010000000000000000000000010000001110000000000001000001010000001000010010000000000011010010000011101001010010011000011001000000000000000000000001000001000000000000010000110010001110000000000000000000000010000000000010000000011100000010
0000100000100000000000010010000001000111000010000000000000001100000000000011010000000000010100000000000000000000000000000000000010011001000000111001100100000000000000100101101001000100101000001000010000010001001000001000100001001000000000011000000000
1001000000010100001001000010000000101010000010000001000000100000000000001000000000100001001000000010010000010000001000010111010000101010001000110000001000000000001000100001001000000000001000010000000000001000010001000000001100100100100001000000000000
1000010100010001000000010000001100000001000000111010000000010000000000000101000000001000010000000010100000000000000000110101000100000010110010000100000000100000000000000000000010001000000011010100000000011000000000001000000000100000001010000001101000
0000000000000000000001000000101100000000000000100010000010000100001001000100000000000000000010000000000000000001000000000001001000100000010000010010111000000000010000010010000001000001000001100000000000000000001000000001000100000001010000100000100000
0010000000001000000000010000001110010000000000100000011000000001000000000100000000000000000010000000001000011000000101000110100100100001100000000010000001000011010000011000101000000000000000010001000001100110000000001000000000001000000000000100000100
0110110010100010000001000101000000101000010001000000000010101000000000000000000000000000001101001000000100110100010011000111000001000000010000000000010100000000001010000100000001000000000000100000000100001000000000100000000000000000001010001000000000
1010001100010000100000100000000000101001000000000000101000000000001100001100000010100001000010100000000000000000010100000100000010000000001000000010100000000000000000010000000001000001000000000000001000110000100001000000000010000000000100000000010010
0011000111001010100100000001010000100000000011000000000000000100000001001000001000100000000000000010010010000001100101110000000000000000000101100000010000010000001010000000010000100100110101001000000000010101000010000000010000001001001000110100100010
0000100000000110000000000010000000000001000000000000000000000000001000000010000000000100100000010000100010100100000000100010000001000001000000000000100100100010010000010000101110000000000000100000000000011000001000000001101000000000001000100001000100
0100000000100000000000000000100001011000001000010100000000000100001011010010000000000000010010000000100001000001010000010010010000011000001000000000000010000100000000000010001010000000001000000001100100001000010000100010000000001000000001000000011001
0001110000000000001100000100000000000010000000011100000010000000010000100000100000110010000000100000011000100000000001001010010000101010000100000110000000000000101000000010100001100100100000101000000001000000010110000001010000101100000010000100010000
0000100000100001100100110000100100000001000100000000000100010000000000010100010000000100010010000000001010000100000000000000100000100001010100000010000000010000000010000010101000000000001000001001000001000000100000101001000100100000000001010000100011
0000000001010001000000010001001100100000010000100000000100000010000000100100001000000010001000000000101110010100100000000000000000000000010000000000000000010010111000000000000000100001000000000000010100010010101001000000000010000000110010100001010000
0000101011001000000000110000001000010000000010100000011010000000000000100000000100000000000100100010010100000000101010000010101000000000000000000000000000101010000000100000010000100010010000000000100000100001000000111000100100000000001100000001000000
0000110000000000000000001000000110001100010100001000011000011011100000001000001100000010000111000000011000000000001000001100000000100000000000001100100110110000001000000000000000110000010001000010000001000100000100000001000000000000000000010000000010
0100000000100110110010000100001000000000000000000010010010000011001000100100101000000000000000001001000000100100010001100000010000000000010000000010001000110000010010100000000010000000000000000001000000000010010000100000000100101010001000000000001000
0100000000000000000000100000001000000000000100010000001000000100000110100000000000000000010100000000000000100110010001000100010110000000000000000010010000000001000000000000000100100000000000000000000000000000110000001000000000000000000000000000100001
0000000000000000100000100000000010010100001000000000000000000000010100011000100001000000010010010100000000101000101000100000000000000100100000010010000000000001000000000000010010000000100110000000000000010110001000000000100000001000000000000000000010
0000001000100000000001000011001001001000000001010001000110000000001001000000000000000110000001100000000100100010000001000010000001000001000110000000000000000010000001001000000001000010010000000110001000000101110001000000010011110000000000001000000010
0000001000010000010010000100000001000001000100000000000101011010000000000000001000000000100000000001000100000000000100000000001000000010000000000000000010000000100010000010010000010000011100000000001010000001100100100000001010000010000000100000000001
0101001100000010001000000100100010000010000000000001000100000010010010000010000000000100000100000000010000000000010000000010001000000101000000100100000000000001000011000001100000100000000000000000100001000000001011000010000000100000000000001010000000
0000000100000000100001100000100000000000000110000000000000100001001010000000010000000000000010001100000011000010000100001010010000000000000000000001000000000001000000000111000000000100011001000000001000000000000001000100000010000100010010000100001000
0001110000000000000100000000000000010100000000010000000000100000001001000010110001110000110011001000000010000000000000000001000000000100000000011100001100011000001000000010100010010001101000001000001000011000000010101000001000000000000010000010000000
0000100000000000000101000100000000000000000000000000100000000001010100010000001000000000100000000000000000000000000000000000000000000110000010010100000000000000100010000100100000000000001000100000001000010000000010000010000010000000001010001010000100
0100100000000100001100000001101110010001000001010000001000000000110000010000001011000100000000110000010100100000000100001100000000010010000000010000000000001110011000000100011000100001100010110010010000000000001000000000001100000000000100000000000010
1000100000000100001001100001100001101000000000000000110000001000000000000000000000010000000000010101000000001001001000000000000000100000000001001000000000000000000000000000000000000011000000000010000000000110000000010101100010100110001100001110000000
0100000001000000100000010001000000000100100011010000000100000000000001000001000001000000000000000000000000000000000000000000000000000010011000000100010011011000000000110000100000010011000001000000100110010000000000100100100000000000010001000001000100
0000000001000001000000010000000000000000001000001001001000101000001100000000010000000100000001010000100010000010000000000001000001000001100000010000000000011100000010000100000011000000010100011010001000000000000000000000110001000101000100000000000010
0000000010000000000000101000000101100100010011000010000001000000010000000001000001001001001000001000100000000000000000101010100000000010101001100000000010000000000010000000010100001000000011000110000000111100000000000000000001010010101000010000110010
0001000000000000000010001010100000000100001000000000001100000000101000000000000001000010000100000000000000000000000001000001000001000010010000000100000110000100000000010101010000000010001000100000000001000000001001000000000000001010001000000000000000
0101010100000000000000010100010001010000011100000010001000011000100010110000000000000000100100000010000110000000000010001000101000000100001101000100000000010000000000001010000100000001011101001000100000000000000000000000001000010001111101000001101100
0000100000000000000100000101000000100000100010010100101000000011010001000000000010100000000010000011000000001100100000000000000000001001000010000000001000000000000100000001000100000000000110000000000010000000001100001001010011000001100000001000000000
0000000000000010001000101000000010000100001000001000000000000010000000101100100000010010000000000000001010011000010000000001010000000000000100000000100001000001100000010000000001000000011000100001000001000000000000000100000000001000010000000000000010
0000010000001000000000000010000100000000000000001001000000000010000000010010000000000000000100010010000000000000001000001000001000010000000010001001100000000100101001000000011000011000110000000000000001011001000000001001000000000000001001010000000011
0000011001000100010000100001000000000000110100000000000000001000010000100001100000010000100100001000000000010000010000100000000000001110000110000100100000000100000000000000010000100000000000000101110001110000010000001001100000001001000000000000000000
0000100000101100000000101000000000011000001100001101000001000000001001000010000000001000100001000000000001000000000000000010000001000000000000000100000000000000000000001001000000000000000000000000001000000101001000000000000000000100001011000100000001
0101000000001000000000000000100001100010001000010000000000000100100000100000010000000000000101010010000000000000100000000000000100011000000000001000000101100001100001100000001000000000000101000010010010100010000000100000010000100001001110000101000001
1000000111100001001000010000000000000000001100100000000000001000000001000100000000001001001000000000001000011000011000100000010010000000000000100010110000100010100000000100000100000010100110001000000001100000000000000000000100000000110100100010100001
1000000000000000000000000001010100011000000000000100100010000000000000100000010000000000101000000010000100100000000000001100000000000001100000000000100000000100000100000000000010000010010000011100000000000000100000000000100010000001000110010001010000
0010100010000000001000000000010001000000000000000000000000000000000000000000000001001010000100000000110100000000000000000100000000000000110000001000000001100000100010010100010101010000000000100010100011000001000000000010000010001011010001100011010000
1100010000000010001000000000001000000000000000000000000100010100010001010001001001110000010001001000001000000001000000000011000001000100000000000000000000000000000000010000001100000000000001000001100000000001001000000100000001000000001001010010010000
0000000000001000000100000001011000000000000000100010100100110000100000000000000010000000000000100011001000000000000001000100000001010000010010101000000000000100001000000100000000100000000000000000100000000000010000000000000001000000000000000001010001
0000000000001001100001000101000001000000001100001000100000010000001000000000000001011101001010000000001000100010000000001100000001000010010000010000010001000000010000000000011100000000000000110001000000000000001000000000000000000000000000100000000000
0100000000000100010100000000000001100000000100000000001000000000000001100000000000010001001011000000000000100000000010000000000000000000000000000000000110011011000000100000000000000000001000010000000100000000101000000000000000000100100000000010000010
0000001010000000000000001100100101000000110000001000000010000001000000000100010000000000001010000000000000011000001010000000001000000000100010000011000000000100010100001110000000000000101000000000000010000000000000000000100100000000000101000000010000
0000000001000101101010000100001000000000000100000000000110000000110100000111010000000100000000000000001010010000011100000010000010010000000000000000010001000000000000101100000000000000000000000011000000010110000010000110011010000000010000000001011000
0000100000100100000000000000000001010000000000100001011000100000000100000000010010100000000000000110000001001001000000000100000001101000110100010010001000001000001000000000000100110010000000000000100000010010000000000000110010000000000000100100100100
0000000000000001010100000000000000000000000000100000000000010000000100000100100011000000000010100010010100000000000100000000100010010000000000000000001100100010000000000000010000000011100100000001000000100000000100010000000000100000000000000000000000
0000101001000000010000000001000001011001100000000001010000010010000000001010100100000010010001001000000001100000010000110000100000000000000010000101000001001110100000100000010001000001000000000010100010110000011000000000000100000000001000000000001000
1001011010000000000000000010000100000001000000000000000000001000100110001100000000000000001010000000101000101000001000000000100010000101001000000000000000001001100000000000000000000000000000000110000000010000100000010100001001000000000100010000010000
0100010000100100000000100001000100000000000010010000100000000000000000000000000000000000000000001001100000110000000000000010001000100000001000000000000001000001000000000000001001000010000000010000000000000100110000010000011001001000000000000000000011
0000000010000101000000000010000010110000000000000100011011000000011001000000000000000110010000000000000011000000000001001000000000000000000000001000000000000000010100101000000001000001010100001000010100000000000001000000000010000010000000001000000100
0011000000010100000001011000010010000001000000000100000001010100000000000000000001000101001000010010000000010000000010000001010000000000000101000010000010010101000000000000001100100000001000000000101011000000001000000100101000000000000001100000000100
0000010000001101000100001010000000001001000010010010100000000001000000000000100000000000000000000000000000000000000000011100001011000000000001000001010001000000100000000000001100001000000000001000110100001000001100000000000001000000000000001000110000
1010000000000000100000000000100010000001000100110000000000000001000000000100000000001101001001000001100000000000010000110000000000000000000000000100000100000100000000000000000001101001101001000001010000100001000000001110010000001000000000000100000000
0000000001000000000000011110000100011010001010000001000000010010001010001100000000010000010100100000010001000000100100000100000111001000001100010111000010000101000000000001000001000000010000000000100000000000100010000100000010000000001000100000000000
0000000101000010000000000100101100110100000100000000000000100110001000001001000001010001000011000000000001100000000101000110100101010010000000000110100000000000000100100000000000000000000000000101000100010100000110101100000000010000000000000000000000
0010000000000000100000000000000100000000010000010000000000100000000000000001000001000000010000010000000000001000001000000100001000001000000010100000000000000000000000000000000000001010000000100010000000000100000000010000010001011000010101000000000000
1100001010000000010000000001000000010100000010000100010000000110000000000100000000000010011000000000000001000000100000000010001000000000000000000000000000000100000001000010001000010000100000001000000100000001000000100000011011001001100000001010100011
0010101000000100000001000000000000000010000000000000100000000000000000000000000010001100010010011000010000000001010000001000111000000001000000000000010000000000000000100000000010000000000011001000000110000010000001000000010000000000010000000001001000
0001000100000000000110100001010000000000010000000001010001000000000000001110000010000001010000001100100001010001000000110001000010000111000000001000000000010000010000000000010000000000100010000000010001000100001000000001001001100100100000010000000000
0110000000000010010100100000100001000100001000001100000001001010000010000000000100001000000010000100000100000100110000001000100001100111000100001000000000000100011000001000001000000001000010110001010001110000000000000100000000000000100000010001000000
0000000010000000000010000100000000000000100000110000000000000000001000001000000010000000000000100010000000010100000100000000000011100000001000000001011100000000000000000001000000000000001000000000100010001010010000000000100000100110001000000000000000
0000000000001000000000000000100000000011000000001000000000110000000000000000000000000000000001000000010000011001000000000000000000001010101000000000000000010000010010100100001001000011111100000010000010010000000001001001100100100010100000110010000110
0100000000000001000000100000100000101100000000100000000101111100000000000010000000000000000000000000001000000111000001001100010101001000100001000000011000000000011001110010101000001100000001010010001001000010000001100000011000001101000101000000000000
0001000000010001000000000000100101100010000000000010000000000010100000001011100000000000000001001010000000100010000010100000000000001001010100000001000000000001000000011010000001001010001000000000000000001000100000110000101000110000000000000000001000
0010011000001000000100010000000000000101000010010000000010000001011000000100011000000000000101000100100000001100000010000000000001000000000000000100000110000010000000001000000001000000000001010110000000001000100000000000001010000010000000000000100000
0000100000000100000000000100100000000100000100000000000001000100000000000100000000011010000100000000001000000000000001001010000000010010100001100000100000010000000010100100001110001100000100100000000001000010001000000100000000100000000010000101010100
1010000000001000000000000000000000000000000000000001001000000000100000000000000000110000001010100000010000000000000000010010000000000101000100000000000011000011000000000101000000000000011000000010100000000000000000001000001000001010000011000000010000
0000000000000000000000010010010000000000010000000100000100000100000001100000000000010000000000001001001010000000110010000000000000101000000000000000010100000000000000000100000001100000011000000010010011100010000000000000000000000001000000000000001000
0011000000000000110000000000000000011000010000100000001101110010010000100100000010000000010100001011000000000000100000001010000100000100100000000000000010000000000010100000000100010101100010001001001100010010001000000010010010000001100000000010010000
0100001000010000011010100100100010001000001000000000000000000000000000000000000100000000000000000001000000000000000000001100110000000000000000100000000000000101000101111100100000000000000010010100100000000010101000010010000000110000000000110000000000
1000000100010000001000100000001000000000000000100000000000100000000000000000100000001000000000000000000010000010000000000000000001000000000000100000011011010010000000000110000000000000000001001000000100010100000001001000101101000000001000000000000010
0100001000111100000001000101000010000000000000010100000000000000000000000100000000001000001000001001000010000100001000000001000001001000010000011110100001000100000001100000000001000000000000010000000000000100100001000000000000011000000010010100000110
1001010100000100000000000000000100000000100001010000011100000000000000100110001100000000100100100010000001001000001010100000000001010000001100000001100001000000000011010000010000100010000000000100100100000000011000000000001100001000100011000000100000
0001000000000000000010001000000000000000110000101000001000100001000010010001000010000000110010000010000000000000001000000000000000110101000000000010000001000110001100001100000000000001001000000000101000010001010000010010010000000000010001000011000000
0000001000000000000100010011000001001000010001010001100000000100000000000001010000001010000001000000000000000000100000000000000001000000001000110000000000001000000001000000000000000100000000000000000100010000000000000100000000101000100000010100000001
1100010000011000100000000100000000000110000100010010101011000000010100000010000000000000001100000000100000110000000010000000000000000010000000000000000000000011000000000000000001000000010010000001000000100100100001100000000000000010100001001010001000
0000000000000011000010000010000000000000110000100000010000000000000110000000100000000000001001000000000100000011000000000000100001000000001100000000001001000001100000100001000000000001000000000000000100001000100000100001010000000000000101000011100001
0010110000000000001000000010001000000000000000010001000010100001000001000000010000010000010010100000000000010000000000000111000000000101000000000000010000110000000010010010000000000000000101000000100100101000000001000000000000000100011000000000010000
0000000000000000000000000100000000000000111000001000010001101000000000000000000000001001000000000000000000000000001000000000000101000100000110000000100001100010000000000000010001100001000000000000110001000000000100000100000000100000001000010000001011
0000000000000000010100011000000000000000010010001000010100101010000000100000000100000001001000000010000000000001000001000000011000101000000000010000010000001100000011001000000100000000010000000000001100001000000000100000001000001001010000001000000001
0000000001001100000000000000000000100000000000001000000001001011100000100010001000001000010000000000000000000010001000101001001100110100000000000100100000000000100000000000000000000000000000000000000010000000000000000100010100110000010100000011000000
0000000100000100001100100000000010000000000000000010100010010000001010000000000000000000000100000100000100000000100100000000000001100000100000000000001100000000011000000000000000000000000100000000000000000100000000100000000101000000000100001111000010
0001000000000000101100010100000011000000101001000000000011000000000000100001000101001010000101100010000000110000101001000000000000000001011000000001000000000000000001000000000000101000000000000000000000000001100000000000010000010000010100000000000000
0010000000000000010010010000000001110010100010100001010001001100001000000001000001011010000000000000011100100100000000000000011010100011000000010010000110000000000000000000000011000000000000100000100000000000100000000000001010000000001100001100100100
23 196
211 70
