250 250
1100000000110100000000010000100001000000000000111000000000000001000000000000001000000100000100000010000001000000001000000100000000000001000010001000000000000011100000011000000011000010000000000000000000010000000000000010000000001111011000000001100001
0010000100000010100000000001000011010011000010000000100000000000000000100000000001100000100000010000010000000000000000000000000000100001000001000000010001000000000010000010000001000000000000000000010000000011000000000011000000000000000000011000000000
0010001000011000000000000010000010000000000000010000000000000000000000000000000010000111000000000001000000000010110100000001100000000110001000100000011100000000010011000000000001000000000110100000000000001000000100001000010110000000000000010100000001
0000100000000000000001000000000000000000000010000000000000000000000000000000100001000000000000000000000000000101000000001000001000000000000000010110000000000001000000000000100000000000100000000100000100100000000000000101000010000000000001000000000001
0000100001011000000000001000000100000010110000000000010000000000001000101100000000000000001000000000000000000100100000010000000000000001000000111000000000000110100111000001100000000000000000000000001110100000010010000100010000011000000001100000010001
1000010101000000000000000000010000000000000000000000000000010000000000000000000010000000000000100010011011010000000000011100010000010000010001001000010010001001101000000000000000000010000000000000101000000100000010000100001000000100110000000100010000
0000010000000010000001000010000000000011001000000100000100000000100001110100110000000000000010000100110010100010000000000000001010000000001000000000000000100000000001000100010100001000000010100000001110000000000100100000011010000000000100001000000000
0010000000100001000101000000000000110000000000001000000101010000010100000100100100000100010000000010000010000000000000001000100000000000010000011000100000001000000000000001001000001000010101000000000000001000100001000100000000000000010100000000000000
0000010000000000101000000000100000010000000000100100000000100001010000000100000000100000100001000001000010000001000111000000000000100100100000000100001010100001000110001000010000001010011010000100000000000011000000000000100000000001100000100000000000
0000000000000100100100000000010000000101001001001000110000100000100000000000100010000000000000100000000100010000000000001001000000000100000000000000100010001010001001000000000000000001000101000000010000100000000000100100010010011010000000000000000000
0001100100100001000100000111011000110110001000001000000010000000000110010000100000000000001100100000000000010101001000010000000100000110000100010100000001100000000000010000000000000000000100000000000000001101000000000010000000000000100000100000000001
0000001000000000010000110100000000000000001000000000010000000010010010100000000000000000000001000000000000010000000000000000000100001000000100000100010000000000001000000101000001001000100000000010000000011000000001000010000001001100000001010000010000
0010000000100010000100000011100001000010000000000000100000001000001000000110000000000100100100000000000000000000000000000000000000011000011000000000000000000000110110001100000110001000000000000000000001000010100001001000010000111001000011100000001000
0000001000000000100001000000000000000100000000000000100000000000000001001000000001010000100100000000001000000000000000001000000010000000000000000000000000001000000001000010001000000000001000100100000000100000000000000000100000100000000000100000000000
0000000101100001000000011000000000000001000000000000000010001000000000010000000000000010000000001000010000000001000010000000110000000011000001001000100000010100100000010001000100101000010000000011000000001000100001010000000000000000000000000001001000
0100100000110000100001000001000101100000000100010000000100100000001000100010000011000000000000100001000000000000000000000000000000000000000010000000001100000000001000000100000011001010010000000101000001001000000001000100000001000100100110010010101010
0100001000001010000001000100000001000010001000000000100001110001001010000000000000100110010000000000000010100100000000000010000100100000010000000000000001100010000100000000000100000000000000101000001110001100000010000000100100000100001010000000110010
0000100000101100001000000000000000000000000000101000001100100000000000110000001100000011000000000000000111000000001001001100000010000011011100101011000000000001001000000100000000000000000001000000110100000000000000000000000011100000001000001000010100
0001000000100100000100000000110001000000011000010000000000001000001010001100000000000001000001000100100000000000000000000100000100010000000011000010010000100000010000000000000001101000000010000000000000001101000000001001010000000000000000101000000000
0101100000100010010010000000000100000000001100000101000000000000000000000000000000000000000000100000000000101000010010001001000000000000000000000010000000000000010001001000001001000010010000000000000000010000001000000001000000000100001000001000000000
0000010000000001000100100101000011010000000010000001000001000001000000000001000001000000010000000001000100010000000000001000001001110101110000010000000000000001100001000000000000001000001101000000000000001000010000010000101001000000101001001000010010
0010000000000100010000000000100000000010000001000000001010000000000100000100000010000000001001001000000000000001001100001000100000001000010000001000001010000000000010100001000011000000010000001001000001000000000000110010000000000001000001000000000000
0100000000000000110000011100010010000100000110000001001010100000010000000000000000000000000110010000001000000000000000000000111001001000000000000000010000100000001000011000000010000000000000000000000001000000000100100000001010000000000111010000010000
0010000000001000000000100000001000000000000000001000000000000000000000010000000000000100000100001100000000000000000000100000000000001010100010001001000001001000001100000001000000000100000000000001000000001011000100000100001100000000100100010010000000
0000000000000010010000000110000000000001000000000110101001000010000100011000000000001000000000010010100000101000000101101000001000001100100000000010000001001001000100000000000000010000110111000001000011001011000010000011000001010001100000000001000000
0000000000001000100000000000000110000000000001000000001000000001010000000100000010000000011000001001000001000000100100000001001001000000000000001000010000100001010000100010000100100001000001010001000100100000000000000000001001000010100101000000000001
0000001000010000000100000010001000100000011010000000000010000000000000001000100000000000010000000000000011000000000000000000000000000100000001100001001000000001101000000000010001010000000011000000001010111000000000000000001000100100000000010000010010
0000100000000000110000000000000001000100001000010000001000100100010010000000110000100001101000000000000001000000000000000100000000000000001110000000100001000000010100110000100000000000010001000100000000000001000001000001000010000000000000010100000010
0000000000100001000000000100100000000000100000000010010000100100000000000110010001000000000010101000011000000001000000000100000011100000000000000000000000000100000100001001000001001001000001000000010000000000101110101001100010100000000001000000000011
0010000010100000010101000001100010000000001000100000000000000010000001000000000000010010001000000000100000000000010000100100000010000010000001101011000000110000000000001000100000001001000000100000110010000000000001001000000001000000000000000000001000
0000000000000001001000100000000011000000000000000000010000000000000000000001000100000001010001001000000000000010000100100000000001000100100101000100010011010100011000001000000000000001010101000000000100001000000000010000010000000001000000000000000010
1000110000000100000001001000000011001100001010100000000000000000000001000001010000000000000000000110101000000110000000000110000001000000010000000000001011000000001000000000000010000100000000000000000000000011110100001000100010010010000100000001000110
0000000001001000000010000000000000000001000000010000000000001100001000010000011000001000000000000000000001000101100010000000000001000000000000000000000000010000100001001100010000000000010000000000000100000100000000000000100010000100010000000000000011
1000000000000000001000000000010100100010000000100000000000000001000000000010000010100000000100000000000000000001100000100100000000010000100000001100000000000000000100000000100000001000001010000001000000000000100110000000100001000000010100000100001010
0000000000010000000000010000000000000000000100001000000001000001001000001000100100000000000000001000100010000000001010000000000001010111010000000000100000100000100000011000111000100100000000000010000011000100000000000000000000000000100000000000011000
0000000010001010001000100000000011000000000000000011000000001000000000000000000000110000000000000000000000000000110100000000000100001000000001010010000000100100110000001000000000000000000110000010000001001001000000000010000000000000000000100000000000
1011100000000000000001001000001001010000000000001001010101000100000001100000000000000001000010000000000010010000000000000000000010100001000001000000010001000000000011000000000000100000010000001000001000111011000000001000100010000000010010000000110001
0100000000010100000010100000000011000001001100100100000000000100001000000000000010000000100000000010000000001010000000000001001000000001001000000000000001000000110100000101000000000000001001000000001000110100010000001000000000101000010010000000100001
1000010000000000000000000000000000010001010000000000000000010010010100000001000001000100000000000000010100100000100000001100000010000000000000000000000000011000010001000000000000000001100010000000100001010001011010000000100001000110000100000000000100
1100000000000100001000110010000000000000000000000000100010000000000000001010001000001010001000000000100000000000001000100000000000000000000000000000100000001000000100011000000000000000000100000001001001001000000001000100000010001010000000000000000001
0011010110011000010001000010000000000000000001000000000001000000000000001000010100000000000011001001000000010000010010000000010111000110000000000010000000001000000000000000100001010000010000000000000000000000001100000000000100001000001001010100000000
0000000100111000000001000000001010000000010000001000000000001001000000000000000000000000000000110000000000000000000001010000000000000001000000000000000000010000010001000000000000110000001000001000100001000000000000001000011000110000010000001000000000
0000000000000000000010000000000000000011000000000000000001001000000000011010000011010000100000000100000100000000100000000101100010000100000000000010000001000100000000100100001000001000010000000001000100000000001000000100100001101000100000000000011000
0000000000000000001000000011000001010001000001000000010000100001010000000000010100000000010000000000000000000110100010100001000000100010001001000000000100000000000000100000010010000000000000100000000100000001011010011000011000010100000100011000000000
0000100110001000000000000000001111000100000000000000101010100001000000011000000000000000100000010000000000011000100000000000000001000000000100000100000000000000100000000000100000000001101000010010000000100010000000000000010011000000000011000000100001
1001000000000000000000000000100000010001000001110000100100000000000100000001000000010010000000000010000000010001000000001000000100000000100000100000011000001000000100000000000000000000100010000000000000000000000100000100010000000000000000000000001000
0000000101000000000001000011000000000001010000000100000000000001010110000000000000000110000000010000100001000000000100000010000100010001001010000000110000000000001010010001000000000000001000000001000000000100010001000001010000000010000000010010000000
0010000010000000000010001101010001011100001000000001000000010000010111000010001110000001000000000001010000001000101000000100100001010000000101000000001000110000011000100111100100000000100001100001010100000000100001000000000001000010000000000110011000
1000001010000000000010000000001010000000000100010000000000000000000100000000000010000010010000000000100000000000000000000000000100001000101000100100000000011010000000010001000001000001100010100000000000000000000000100000000100000000110010000100001100
0000001010000001011000000001000000000001010100000000010000000001100000100010000000001000001000000000001100010100000000011001001000100100001001000000001000010000100000100000000000000100000101010000000000000000001110010110011001000100000010000100000100
0001000000000110010011110000000100001000000000010101011001110000000000000000000000000000011001000000000000000101000000101000000000011000000000000010000000010010000000000001000000010000000000000010000000000000000000000000000000000000000000000100000000
0100000000010101001000011110001000000010000000001100000100001100100000000000010000010011001000101011000011100011001100011000100000000010010000000000010000000000000101000001001100000000000000000000000000000001100000100011000100010010100100001001000000
0000010001000000000000100000001001000000000001101000000000000001001000000100101010100100000000101100000000001100100000000000011000100010000000010100000000000000010000011000000000001000000000110000101000001111011000000100000000000000000000000000011000
0010001000001100100000000010000010000000001010010000001001010000000010000000000100000101010000000000000000100101100000000001100000000010000000001000001001100000000000001001100000000010010010000000011001000100001000000000000010010000010010000001000100
0001000001000001000000000100000011010000001000100011000100101000100000001110001110000000000010100000100000000010000000001000100010000000000010000001100000000010010000000001000000000010000000101010000000110000001000000010000000000000001000000000000000
0100010000000001001000000100000000100000110110110010001000001101000000000001000000000011010100100000010010000000000001000000000000011000000100000000010000000100100000000001100000010000000000000000010100000110000000101000000001100000000000000000001000
1110000011000100000001000000001000001000000000000000000100000000110000001000100101000011000011000000010010000000000010000000000010000000000000010000000000100000101100000000100000000000000000000000000001001001100000000000010000000000100000000010010000
1100000000000000000000000110000000001010001100000000000000100010101000000000000000010010000000010000101000010100000000010000000000011000010000000000000000000000001001000001000000001000000000000000000000100001010100110000000111000001000100010000010010
0000000010100000000010000100000000000001001010000000000100000110000001100000100000000000011000000000000001001000010010001000000110010101000100100000001100010000001000000100100000110100100110001000000000000011000000000000100100000100100100000000100000
1000001000001101000000000000100000000000001010000001101000000000001000000000100010000010000000001000000000100000000000001000000000000000000010101000000010000000010000000000000100010100000000000000100000000011100001000001100000000100000000000000101000
0000100000000010100000001000000000000000000000000000010000000000000000010010000000000100100000000001011000000010000100000000000001000000000000001000000001000000010000100100000100100000000000000000000000000000000000001000101000000100000000010000000000
0111010000110000000001011000100000010110000000000101010000100000001001000000000000000000001000000001101100010001000001000000110000000100000000000000000100000001000010010001010001000111010010000011000001001000000000110000000000100011000000000000111000
0000101110010000000000000000011000000000100000001000000000000000000011000000000100000101000000100010100000001000100000100000010000000010100000001010010100100000010000000010010000000001001000000001000000100001001000011000000000001000110010100000100000
0000000000000100000000000000000001000000000100000000000000000100010000000000010000000000000000000100000010001000000000010001000001000100010000011000000000000000010100000000000001000000001100000000000000011100100001000000000010110000000010000000010000
0000001000000001011000001000100000000000010000001001111011000100100000000000000000000000000000010000010001001101001000010000000001001000001000000010000101110010010000000000100000010100000010000000000001001000000110000010000000000000001010000000100110
0000000100000100100000010000000111100000110100001010111000000000000000001101001000000000001000100100000000000100000010000000000010011000000000000010000000000001101110000000100000000000100001000000000001000100000000000000100100000000001000011010010000
1000010000100000000000000100010000000000001000000010100000000000011110000000000000001000000101000000000001011000010000100110000000010000010000000110000001000000010000001000010001000001000000000010001001110011011000000000000010000110000000010000000000
0010110001100001000010100000011000000000000010000100000000000000000000110010001010100000000010100001100000000100010100100000010100000010010000000000000001000000010000000000010000001110000011100000000000100110001010000000000000100000000000000010001000
0000000000000001100100010000000000010000010000100000100001000000000000000000000010000000100001101110000000100010100000010000000000000001001001010000100000000000001000000000001000000100001000010000000100100101000001010100000000000100000000011001001001
1001010010000000101010000000100000110000000000010000010010100100010001000000000101000000100010000100001010110010100001000000001110011000000110000100110100000000001100000000000000000100000000101000001000100000001000000000000001001000000000001000000000
0010000000010000100000000010000000011000000000001000100000000000000110001000000000100000000000000000100000100100000010010010000010000000001100100000000101000000010100000000000010001000000000000011100000000000010010000100000000010000000000000010000001
1000100100011001000100000001001011000010100001100000000001000001100000001000000000000000000001000100010000010100010000001000000010100000100000001000000010001100110000000101000001000000000000000000000100000000011000000000000001000000000001000100101001
0001100100010000000000100000000000110001000000000000000000000000000000001000000001000000100010000000000001000000000000000000100000010010000001000100100100010000000010000000000000000100000100000100000100001000001111100100010000000000110100000000000100
0000110100011000100010010000100010001010010000000000110100000000110000000000010001100000100000000000000000100011000000000000100000000000100000010000000000001000001010000001000000000000001000000011000000001000000000000101000101011010001100000000000110
1000000000001000000000000000000010001000000000000001000000000000100000000000000000000000100100100100000010000000100100001010000010001001000000000000000011000001000000000010001000000010000000000000000100110000000000100000001000100000000000000001000000
0001010000000000000000000010001010100000000000000000000000100001000000000000001000100000110000000100010000000000000101000010000000010000000100000010011010001000000000101000010000000100000110000000000000100100000000101000110101010000000110000100100010
0000000000000001100000000100000000001000010000000100001011000000100010000100000000000001010100000010000000100000000000001001011000100000000000000000100001000110010000000001100000001001000000000000010000000010010000001000100000000001000001000110100001
0001001000000000000000010000100001101100000010000010000000000010000000100000100000000100000001001010110001100000000000000001000010000000100000000100110110001000000000100000000000000000000000000000010001001000010010010101000000010001000000001010000000
0000100000000010000010000100000000000101000001000000001010001000010010000110010100001000000000010000010010000100000010000000001010000010010000000000010000001000100000000100000000000000010011010000000000000000000000001001001000110000001000100000000000
0010000000000000101000000010000000000000000000100000100010100100000010000010000010000011111100001010110000000001011110101010000001000010000010001000010001000000100000000000001010000000000000100000001000000000000010010000001000100000000000010010000000
0000100010000000000010010000000010000001100000000000100100010100010001100000100000100101101010010000000000001011001000101000001000001000001000000000110000001001000100000000000000000001000000011000000100000100010001110001000000100000000000000000001000
0100000000001000010011000011010000000010101010010100100001011000000001000100100000000000000001001000000100000010110000010000000000000000100100010001010000001010000000010000000010000000000000000001010001000001000100101100000000000010010011010100100000
0100010000000000001000000000100000010000000000000010101000000010000000100000000000000000000000000000001101000000000001100000100000100000000000000000000000000000100100000010000000000000010000101000001000000000000100000000000000000000001001001001101000
0000001000000000000000000000000000000001001100010000000000000000010101000001000000000101000000001100000000110010000100000000000000000000000001000000001000000001000101000010100010000000001100000000000000000001000001000100110000010000000000100000001000
0000001001101000100001100000110000011000000010000000001000000000000010000000000011000000000000011000000010111010101100000001000000000000000001000000010000000000000000000000010000000101000100000000000100001000000000001100010010010000000000000010010000
0010000000110000001000000000001010000001000010001000100100000000001001010000010100010000000100000010100000001000000010101001000100000000000101100000010000000001000000000010100000000000000000000000010000010000000110000000100000101000010000100010000001
0000001000000000001000110001010000001000011001001000100000000001100001000000000100000000000001000000001011000000010000000000010000000000100010000000010000000100000101000000010000000000010100010000000000000000000010000000000000000000000100010000000000
0100110010000000001100000010000000000000000000000001001000000001000100000000000010010100001010100000000000000100100000000000000001010001010000010110000000000001001000100000010000011010001000000000010000000000000110001000000000001000001000000000000000
0100000000000001000000001000100000010000100010000000000001100000100000000000000000000000000000101101001100000000100000000000000000000000000000000001000000000000000000001000000001000000000000001000100000000000001101000000000010000010000001100000010000
1001000000000000011011000000000000000000001000000100010000000100010000100001000000001000101000000010000001100000000000000010000001000000000001000000101000010001000000000100010000000000000010000000000000000001100000000000010010000000000000000000001000
0000000000000001000000000000000001010000101110000010000000000010100000001011011000001100000000001000100000000000000000110001001000011000000010000000001001001010000101000010001001010100000000000100000100000000000000000000001000100011101000000000000000
0001000000000010101000000001000001001100000000001000010001000010100100000001000100100001000010000001110000000000000000010000000000000010000000000000010000000000001000000001000100001000001000010100000010000000000100100010000100000000000000101000001000
0000000000001010000100000100100000000100000000100001010000001000000000101100000000000010001000010101000000100000010100000000000001000000010000010000001001000001000001000000100110101000001000000000100000100000000100000011010000000000000100000100010000
0000010010001010100000000101000000010000000000000100000010001000010001010001001000101000100100100010000000010010000100010000000011000001000000000000100000000000100101000000000000000000000101001010000000010001001100010100100001000001000100000010001000
0000110000100000010100010000101000000001000000000000000000000111010100001000000000101000000000000100000100000101001001000000000001000000000010001000000010001010100100010100001000110001000000100010000100000000000000010010000010110010010001110000000010
0000110000000000001000110000010000000000000010001110100000100000001100010001000000000000100010000000010010010000100000010111000000000000000000000101001100000010000000000100000000010000010100000000000000000000000100000100000000010000000000110101000000
0001100000000001001000000000000010000000000000000000000100001000000010000000000011010000000010100001010010000001000010100101000000010000000000001100000001010001000000000000001000010001000000000000000101000001000000101000000110000000100100100000000000
0000000000000000010000000001000000001001000001000101000000000000000000000000000000010000000000001000000001000000000000001001000000100000010000000000000010100000100000000000000100001000011000010010000000000000000010000000000100010000011010000000010000
0110010000101000000110010000000100000000000000100000000000011011000000000000000000100000000001000001000000000101000000001010000000000000000000001100010000000000001100000000000000000100000000010010001010000000010010000000000100010110000000000011010001
0000000000000001000000010001000001000100110000000010000000010100100000000000000000111000000001000010000011010010001001100000100010100001100110000000100010100010001000000000000100001000000101000010100000000000001000000000010100000000000001000000000000
0000000001000000100000000100100000111000101000010000000000000001000001100000100000011001001100001000010000000000000100000000000101100000000000000000000100000000000010000000000000000001000000000010110000101000100000000000001000010000100010010000000000
0000000101000000000000101000000000100000000010000111000000001000000000000010000000000010010000000001000000100000100100001000000000000000000000000000100010100000101000010100100000000100000000001000000100010000000000100101000000110000001000000000001100
0000000001000100100000000010000010100000000101000100000000000000000000000001000001000010000100100000100010001000000000000000101000010000000101000010000101110110000000000011001001000000001000011010000000000000001000100000100000100001000000001001000100
0010000101010000010000000000000000000001000001000000000000100000000000000010100001001100000000100000100010101000100100010000000011100010000000010100100010100000000000000000000001000011110000000000000000010000000100010000010011010010000000000000001010
1000010000000000100001000000000000010100000001001001000001000000000100000000000100100001000000001000010000101000000000100000000000000000010001000000000000000000000000000000000100000000000000000000000000011000011010001101000000010000000000001000100000
0000000000000000000000000010010100000001111011101000000100000000101110000110001000000110000001000000100100000000000010000101001000000000000000100000000000000100000000000000001100000001010000000001100000100000001000000000000100000100100000000000000000
0001000000000000010100100001011101000000010000000010100000001000000000010100000000000000010000000000010000010001100000000100001000001000001011010000000000101000000000001100000000000001000011010001000000000010000000000010000010100000110000000000000000
1010001110000000000000000000000000001010100001010100001011100000000001110000000000000000000000000000000100001010011000000000000000000000110000010001010000000000100100001010000010000100000001010010000000001101000000000000000100000001000010000001000001
0000000100001001001000001010000000000000000111100000111010000010001010010010010000000000010100000000000000100100000000000000000000000000100010000101101000000010000001000000001100001100010000001000010000000000001000010000000000000000001000000000100100
0000000010010010000000000000101000000010000000000001000000000101010101000000000001010100000000100010000000000100000000000000100001000001000000010000000000000000001000000010000000010000000000100011000001000010000000010011011110001000000000000000000111
1001000000000100000000000000000100000000000000000000000000001000000000000101000100110000010000001010000000101000001100000100000000011011001000111000011100011001000001000001010100001000000000000000100001001000000001000000000111010010000000000100100000
0000000000000110000000000000100000010000100010101001000000100010000100000000000000010001001000000000000000000100001010000000100000001110010000000010000000000000001000000010000100000000000000000000000100000000010000000000000010000000010000000010000000
1000100000000001010000000000000000000110000000000010101000001101000000000000000011000101000000000101000000000001010000001100000010000101000000011000010000010000000011000000000000000000000001000000000000000000001100010000010000000110010001000101000010
0000000001000100000000000000000001010100010010000001100010100010000100010001010000000000000010000010000010010000000000000000000000001000010000000100000000100000000000000001000000000000000011100000000000100000000000100001000000000000000001100000000000
0000000001000010000010000100110000001000000010000100000000000010000010000001100000000000000010000000000000100010000000010000001100000000000000001110000100100000000000000010010100000010000001000010010000001000000100000010000001000001000000000010000000
0100000000000000000000000010000010100000000000000000000010100010000000100100000000000000100000000000000000000000001010000100100100100001001000000000000010000000000000000000000000001010000101101000000000100000000011000111101000000001000100000000001000
0000001000010110100010000000100000001000010011000000100000010000000000000000000100000100000000001100001100000100000010001000001000000001001000000000000000100000000000010010001001001010010000000000101000101100001001000010000000000000000000000001000111
0000101000010000010100000001001000000000001111000000000010100010000010000000000111000010010100001000001000000001000011100000000000000010000100000000010000000001001000000010000001000000000000000001000001011001001010001100000000000001010000000000100000
0100100001100101100001000011000001000000000001000001100010100100000000000001010000101000010000000000000000000000000100000000000000010100000000000000000000001000000000001000010000110100000101000000100000100000000000010000000100000000100000100001000000
0010000000000100100010000000001100000100000000000000000000010000000000000100001000000000100000000000000000000100000000000010000000010100000000001000000000000000000110000001000000000000001000001000000101001000000000000100000000000100000001000100000100
0000001000000100001000000100000000000000010000001000100000000100001000000000000000000000001000000000001010010000000000010000000000000100000010010010001000000000001100000000001000000000000000001000001010010100000000000000000100000011000000110000010001
0010000010000000000000001100100001000101000100011000100001000000100000010000000000000010000011000001100100010100000000100000101100000000000000000010100010001000000001000110100010000000000000000000010101000000001000000000010000100000000100010100000110
0000000000000000000001000000000000000010000101000000000000000000000000000010000100000000000000000000100000001000010000000100001000100000000100000001000000000000000000000000001000000001100000000010100100001000001000100011000100000100000000000010010000
0010000000001000000000000000001000000000000000000000000010000000000000000100000000000001000000100000000000000000001000100000010000000000000000000010001000110000100000000000000000001010100010000000000000000000000000000001010000000000000010000001000000
0111000000000000001000000001100001001010000000000000001000100000011000001000000000100100010000010000010000000000000100000000001000001000001010000010000000000010010001000000000100010000100100000010001100000100000001000100000000100001000000000100100000
0000010000000000100000001110010000000100010000000010000010001000010000000000001000100010001000001000000000000000000000000000000100011100001000000000001111000100010000100001001000000100000000011000100000100110000100000001100000000000110110001000000000
0000000010000000100010000001001101001000001100101000000100000000000000000010000000000010110000000001010010000000000000000000000000000010010101001010000000010000010001000100001000000100000000000000000000000100000001001000000000101000010000010000000100
0010000000001000000000010000000110000000101000001100100001000000000100000000000001000001000000100100000000000000110000001001000010000100000000100001000000101100000001000100000110000000000001000000001000000000100011000000000001000000000000010010000000
0000000000000010010010000000000101101011100000000001000001000001000000000000000000001100010110010000011000100000000110000000001000000001000000000001010000000000000101000010010000100100001100100001011000000011000000001000000000000000000000010100000000
0001000011000000100100000000000001000000000100000000010100110000000000100101000000010000010000001000001010001000000000000111000000100000010100100000000000000000101000000100000000000000000000001010010110011100000000100000000000100000000000000000000000
0001000001000110000110001000000011000010000001000010000001000011000010000000110001010000001000100000000000000000000000000010000000010000000000011001001010000000000000000000000000000101011100010000001000000001010100000001000001000101100000010000000000
1010011000000011010111000011101000000000011001000000001000100000000000110000000000100010000000000000000010000110000010000000100000000001000011110000000000000000001100011001100000000001001010000011000001100000001000000100000000100001000000000001000101
1100010000110010001100000000001010010000000001001110000000000101100001000101000001000000000001000000000000000000000000000100001000000010000000001101000011000000000000000000000000110001000000100100011101000010000001010000000000000101000000001000010000
0000000110000000001000000000001001000000000000000000110100100010000000010000000000010000100001001010100010101000000000000000000000100000010001001010000001000010000000110100000000000000000010000000000000000010001001000001000001000000100000000000011000
1000100010000010101000010001100001000000000000110000010000000110001010000000110000010100000000000001100100001000010000000000100000000000000100000100000001001000010110001010000101001000000000000000001000000100001000010100000100001001000000101001000000
0001000000000000001010000101100000100000000000000110000000101100101000000000000000000010000100010000001100000000010000000000010000000010000010000101000000010000000011000111011001000100000001000010100000001000000100000001000001000000000000000000000000
0001000000000000000000000001000010000001000010000000000001000000000000010000000000101000000100100010000010101000011100000000000000000000000000110000000000010000010000000000000000000011110000000010000010000000000000000001110000000000010100001010100000
0000000000000100100100000010000010001000000000000000010000010001000001000000000000100000000000100110000000100100000000000000000100001000000001100000000001001000110011000000001000010010000000010000000100100000000000000000001000000000000101000110010000
0000000000000000010001001010000100000000000001000000000001000000000010100001000000000100000000001000000000000000000000000100000000010000001000110001100000000010000000000000100000000000010000000000000000100000001011000010000010110000001010000001000000
1100000000000100110001000010010000100010001001010100000000000000000101000000000000001000001000000000000000000100000011000001001000000010000000000000000010000100000001000000000000000010000100000010001100010010000000000010000000000010000010000000000000
0000000010000010100000000000000000010000000100000100010100000000000000000101000000000001000000010100000000000000010000010000101010000000010000000000010000010000000000100000001000001000000100000000000001000000000100000000000010000001000000000000000000
0000000010000100000010000000010100100000000000000000000000000000000000100100000000100010100000001000010000001000000001000100010000000100100100000001000100000000000000001001000010000000001000000000000001001000100000010000000000000010010000000000010001
0010001000000000000010100000000000001100000000000000001000010000100000000000000100000100100000000000010001000000001000000000000000001000000000000001000100001010000001001000000100010000110000000100001001100010001001100001000000000100000000000000000010
0010000010000000000010001010010100001000100101010001000000010000110000001000001000100000000000000000000000000000100100000000101001010001000010000000000011100000010010010000100000010100000000100000001000000010010000000000000000000000000000000001000100
1000010100000000000001000000100000010000000000001000100000000000010000000100000000000100000001000000000000000000000000100000010001000000100010000001011000000001000000100000001001000010100000001000000100010000010000000010000100100001010000000100000100
0000000010000000100000000000110010000100000001000000001001000001100010100000010011000000001000000000010000000100000000011000000000000000001000001000000000001000010000000100000000000000000000000000001000000000000010000101111000001000000101100000110010
0100011000001000000000000010000000000000000010010000000000000000000000000000000000000100000100000100000001000000101000100000100000000000000010100100100000100010101000000000000000100000000000010000000000000001000000001000010010000000000000100010100001
0011000010010000001010000100000000000100100011000100100000010000001000000010010010101010000001100000000000001010000010000000000000010100000100111001000000000000000100000011001000000000000010010000001000001000000010000001000000000010000100000000000000
1000000001000000000000000000000101000001000000000000000000001010100001010000000101000111000000001100000000000001001000110000001110000100011000110010010000000100000000000000001000101000000100000000000000100000000000000000010000000000000010010010001000
0000000000000000000100000001000110000000000100010000000011001100101001000100001001001101001010100010000000000000000000000000000000000000100000100100001000010010000000000100111000100000100000011000000110100000011000000000000100000010000100000000000000
0111000001000000010000110001100000000001000000000001000100000000101010000100000000000000000000000000000000000000100001000000000000000100000000000000000000010000000000000100000000100000000100000010001000010000000000100000011100000001000000000101000000
0000000001010001100010000000000000000000000000100000000000111000100000100000000000000000000001000010001000100000000000000000010100000000000000010100000000011100111000001000000000110000010100000000001000000000001011010000000010001000000000011000100010
1000100000001000000001100000000001011000000000000100000000000000010001010000001010000001001000000000001001000000010000000000010000000000000000100000000010000000000100000010001010010001000001000010001010000000010101000010000100000100100000000000000000
1010100010001100000000000000000000010000100001010000110000010000001000000000100000000100000000000001000000000100010010000010000000010100010101001000000000100010000000000000000100000000000000000000010000000000000001000011000100000100000100000100000000
0010001001000000001101000001000000000100110100000000001000011101000000000000000100100000000000100110000000000100000000100000000100000000100000000000110000011010100000000010000000001000010000001000000100011000000000010001000000000000000000000100001100
0100000000001000000000101100010010000001100000000000000000000000000000010011000000000010000000000010000010001101000100000010000100000001000001100110000001100100001000011000000100001100000000000000001000000000000000110000000100000000001000101000000001
1000000001010010000000000100000001001001010000000000000000010111000010010010100000001010001000100010000000000000000000110000001010001000100001000010000000000000100000000000010000010001011000000000010010000001000100000010100000000000000100010010010000
0000000000000001000010000001110010000000100010101000000001010000000000001000000100000001000010000100000000000010000000000000000001000000001010000000010000100001001001000010000010001110001000010000100011010000000000000000001010000000101110010000010010
0100000000000000101001000000000000000000110000000000000100001000001010010000100001000000000000000000000001100010000000000000000000000000000001000000100000100000100010000100000000010000000001000010000000010000001100010000000100000100010001000010010000
0000000001000000000100000000000010000100000100000101010001000000110000000000000000100001100010000000010000000000001000010000000100100000000000010000000000100000100000010100001000101000000000001000000000010000000000000000100000000000000000000000000000
0010000000000000000010011000000000010000000010001000000000001110000000000000001000001000000000000000010000100000001000000100000000100100000000000000000001001110000110000010000001000111100000000000000000000000000000000100000000001001010100000000000000
0000000000000010000000001010010011000000110000010010000000000000000000100001000000000010000000000000000000000000000000100010000000001000000000110010000100010001010000000000000110001000001010010000011010001100000001010001001000000001001110000000011001
0100001000011000000000001000000000100000010001001100000101000000010000000000000001001010000100000011000000010000000010001000000100000000000000001000011000001000000100000000010100001000111000000011010010010001010000001001000000000100001000100000010010
0100100001011000000000000001001110000010000000000001011001000001010010000100100000000001010001101000000000000000010001000000000000000000100100010001011000000010100010100100000000000010010000010000000001000010000000000000000000000001001000000100000000
0001011100000100110000001011000000110000000001010000000000000111000111001001000100000000101010100000000010101001000000000100010000010000000000000010000000000000000110001000000100101000100100011010000011001100000001010100001000000000001000001000000000
1000100010000000100000010010000001000000000001000111000000001000000000000000000000000000100000001000001010000000000000000000000000000000100100000000110000100010000001110000000000000000000010000010000000000000000000000010000010010010000111000000000000
0000000000010000000000000000100100010011000100000001000100100000000100000011000000100000001000000011010010000000001001000000001000000100000000001101010100000000010010000000000100000110000000101000100000000000000100010000000000000101100010000000000000
0000000000000000010010000000000010110000010100000100001100010000101000000000000000000100000100000000100010000000000000000000010000010000100000100101000000010001100000000001000000000001000001000000101000010000000100100010000000001000000000000001000000
0100001000100001000000101000000010001001000001100000000010000110000000101010000000000000010100000000000010000000001001001101000000000010000000000100000010000001010010100000000100001010000100000000100000100001000010000000000000000000001000010100000000
0010000100011000100000000000000000000100000000000001011000001000000100100000100001000001100000101100000001010000000001000001000000000000000000000000101111001000010000000011000100000000011000000100000000000000000000100001000010100100000001010000100000
0000000001010000100000001011000000001011100000010000000001010000000000000000100000000000000001000111000000011000000000000000100000000100010001101011001000000100100101010010000001000000001001010011000000010000001001010000000010000000000001000011000110
0100000000001000000000101000000001000010100000010100010000010000110000000010010001000000000000000010000000001000000000000010100000000000000001000000001000001000000001000100000010000100000000001000001000000000000100000000000000000010000000000000010100
0000000000000000000001110010101100010000000000000100010101010000010000110000010001001100011011000000000000000100000100000011010001010000000000001010000000000000010000000010010000000000100000001010000000000001001010000000111000000000001001000100000001
0000000101010000000000000000000000000000000011000000000000000000100001001100000001000110001000000000000000001010000000010000000000000000000000001100001010000000100000000000000000000010000000000101001000100010000000000000000000000011010100000000000000
0000000000000101000000000000100000000001000000000000000001000001001000000001000100000000010000000110000100000000000000101000000000001011110011110000100001000000001000011000000000110000001100000010000000010001000000000000000000011001000000000000010000
0000000000000100000000000000010010000000110000000100001100000010100000000000001000010000000000100000110010100000100001001000010001100101001100000000000000010010111000000000000001000100000000000001001001000000000000000001000000000100000111000000000000
0000000001000000001001000000010010000100000100110100000101000000000001000001100000000000001000000010000000000000000000110000000000001000000010000000000001010010000000000000000000000000011010000000001000000100000100000000011001000000000010100000000000
0001001110000000110100001000010000100000000000100000100100000000001010000010001001000100011000000010000010000000101000000100000000001000011010001000000000000000001000010000000000000100100001000100000100000000010001110010000010000100000100000000001010
0000000000000001000001010000000010000000001000000000000000000100000000000000000000100010001010010001000000000101000100010000000000010000000100000100000001000000000100000000110000000000001000010000000001010000100000100100000001000000001000000010000010
0010000000000000100000010100001000000010010001000000000000001000010000000000100100100100010001000000000001000000000000110000000000000000100001010000000100000000010000000000000011000000000000000000000000000000000000010000000000000000010000011000000010
0000000001000000010010000000001111001000000000110010011000000100101000001000010101101000101000000000000000000000000000010001001001001000000010010000000010000010000000000000000000000001000000100010100000000100010010001100000110010100000000100001000101
0010000100000010001100101000000000000011000100000000000000000000000001000100010000000000000101100101000000011000010000000001000000011100001100000000001010000000000000000100010010010000001000010011000000000101000100001000000100010100010001001010000000
1010001000001110000001000000100000101101000010000010000100000001000000110000010010000000010100000000000000100000000000000000101010001000000010000010001000000000000000000000010000000000000000000000100100000001000001100000101000000001010000010100101000
1000000011000100111000000110100000101000000011000000000110011000000100000000000000010000000000000000000001100001000000000100101000000000000000001100000010100000000000000000000000000000100000001000000000100011000000000001010110000000010010000000000001
0001000010000000000001100000010010001000001000100001000000000100010000000100001000010000001110000000000010001010001001000110001100001000000010100000001000000000000000000011000000000011010000000000000001000100000001000100000001000000000100001000000100
0000000000000000000001000110000010010100010000000000000000001000010100100010000000000000000001000011000000000000000101000000100000001100001010000000110100000000001000000100010000000000010000000000000000100000000000010000000100000000001000001010000010
0111001010010000001010010000010100110001000010000000000000100000000000011100010010000010000000000000000000000000000010001010000000000100000100000001000000000000000000010000000000010000000000001010000000000000000001000000000000010010100010100000000000
0100001000010000100000100001000000000010100010100000100000000010000000100000011100000010000010010000000000110000100101000100000000100000000000000011000000001001010101000000000001000000000000000000000000100000011100000000000001000100100000000000001000
0001000000010000010000100010000000000100000000000100000000010000000001010000001000001000000000000100000100010110000000000000000001001001101001011100000001010000000000000100001110100000000000010000000010001010000000000000000100000001000000000000100000
0000101000000000001000000010000001000000000000100010000000110100000000000100000000000001010000000000000001000011000000000000000100010000011000000000101000001000001000000000010010000000000010000010001100100001000000000000000001000000000000001100000000
0001100000001100100000000001001000000000000000001000000000000100000100010001000000001001001000010001100000110000000000010100100000000000011010000110000000001100000100000000010000000000000000000001001000000101000001000000010010010000000011110000001000
1000000000001000110000000001001000000000010000000010001000010000000000010000001001001100001000100010010000000000000000000000000000101000000111000010000000000000000000000000000000000001100000001000000100000000001000000001101000010000000000000000010101
0001001001000000001000001100000000010001100001000001100000100010001000100000000000010001000000000000100000011000000000101000000000001000000000010001110000000000011000010000000000100000000000000100011000100000000001000000000000000000000000000000000000
1011000000100010110000001000000000000010010100001010000000000010100000000000000001001100000000000000100001110000000000000001000000100110000100000000001000000010000000000000100000000000001000100000010000000000000000000000000000000100000000000100010010
1100011000000000000100100001001010010110000100100011000011000010110000010000000000000000001000000000001000000000000000100000000000100000000010000101000010100000010001100110000000000001000000010000000011100010100000010000000000000100000000000001000000
0001100000000000100000000001000001001000000001000001000100110000000110101000001000100000011000000000001100000010010000000101000110100000000000000000100100000000000010000010000000001010000000000100000000000000000101000000000001000000100001001010000010
0000000000000000000100000010000101001000000000000010000010010000010000010000001000111000010011000000100000000000000010001000000000010011000001000000001110000000000110000000000000101000100000000010000000000000000000010010100000010010000000001000000100
0001000011100000001000000000000000000010000000000000000000000000000000011000000000010011000000000010001110000000010000100010100100001100011000100000000000000000000000000000100000000000100100000110000000000000000000000010101000001000000000000001000000
0110001100001011100000000010000000010010000110000100111000111100101000000000000000010000000001000000000100000100110000000000010000101100100000100011000000000000000000000001001000100000100000000000101110000100101000000001010010100010100000000000101001
0100100100011000100000010110100001000000000000000000010000100000000110000000110000100100000010101000011000000000000101011000000000100010000000100001110000000010010000000100000010011001010010000100001000000100000000000000000000000001000001000000000010
0000000001000001001010011000100010010001001000010010000001000010110001000000000010010001000110000000000000000000010001000000100000100010001001000000010100000010000110000001001000100000100110000001000000100000000000001000000100000101000000100001001000
0000000000001001100000000000000000000000100010000100010001100000001000001010000001000000000100000000000000000000000000000100100000000000000000100000010000100110000001001000000101000000010000010000000101010000000000000100000001100000100000000000000010
0100000000010100100010001001001001000000001000000000000000100001010011000000000000000001010001000001000000000001000100001000110000000010001001100000000000000010001000000001010001001000100000000000110000010011000000100000000000000010000000000000001010
1000000000010010000000000000000010000000000000010000000100000000001000000000000000000000000000010100000000011000000100000100100000000000010001000000110101000110011000000000000000000000000000010000000100000000000000000100000010011100000101000000010010
0001100000000000001100000000111111000010000000010000000100100100000000001000000000000000000000000100001000001000000000000000011000000001000000100001011000000001001010000001000010000100000000011011100000000000001000000001010100010000000001000000000000
0000000010100001000000000100001000010000000000000011000001000000110000001100000010000001001100001101100100000000001000000000000000010101001111000000000010000100000000011000000000000000000000010010000000001001000000000000100000000000000001000000000000
0000001010001000000000000000000000100000100000110100100011100000010000000001000000000000000010000000000000000000001000000000000011001000000000000000100000000001010000000000000100000010000000011001000000000000000001010000000001100001000000000000000000
0000000100000000101110000000100101000011000000000000001110001001100000000000000000000000000001100001000000000000001000000000000100000010000000000010010000000001000000000000010000000100000000000000101000100000000000000010000100000000000010000000000000
0100000000110000010010000110010000000100000000001000101000010010000000000001011100011100000011000110000100000000000010000001000000000000001010001001010000000010000001100000010000001110010000000000000100101000000001001110010000000000001000001100010000
1000000000100000100010000100000000001000001000000001010100000011000000001001000000010000000001001100000100010100010010000000010010100000101000101010000000010000001000000000100001000000000010000000000000000010000000010000010000000000101000000100000101
0000011010001101000000000100000000100001111000010000000000000000100010100000000000000000010000000010100000000000000000000000001000001010000000000000000001001000000000110000100000010100000100011000000110100001110000100000000010000100000101001010000000
0000000010000010000000001000000000000000100001010100000010100000000010000000010000000100000100000000001000100000010001000011101001000100010000000000011000100000000000000110000100000000010000000000101001010000000010000000111001000010010000000000000000
1000000000100001010010000000000010000000100100110000000000000000010000000000000000011001001100010001000000010001000100000000000110010000001000000100000010100000001101110000000000100000000000000000111000011100000100000000001001000100000000000000000000
1000100000101010000000000010000010001000111000000000100000000000010000001000010000010000001000100000000000010000001001000000000000000000100010000010000010000100000000100001000000100001001000001001000000000101000000110000000100000000000000000000000000
1000010000000001011001000000000000011000001010000100010010000010001000000100100000001001000000100000000000001100000000000000000010100000000001100000000000000001000000010000000001000001100000000000000000000001000010100110000000100010000000000000110000
0000010000000110000000000000000001000000000000000000010000000000001000000000001000000010001000000001000001001001010000010000001000000000001010000100011000010001000000000010001001010000000000001000000000100010010000001000110000001000001000011000000001
0010000000000000000000000000000000011000010000001000100000100010000010100000000000000000001100100010001000001000000000100000000100111010000000000000011000000000001000000000000000000000000000000100000001000001000001100100001000010000000000000000100000
0100000000010000010001010100001000000100010010000100000000000000000010000000000000000001010000000000000000001100000010000000000000010000000000000100000000010000100001010110000001000001010000000000001111000000000000001001000001000010000000000000000000
0000010100000100010001110000001000000010000100001000100000000110000000100001000000000010000000000100000000000000110000001000000001010000000000000001000000000000100000001000000101000000000000000000000001001000010010000000001000010000001000001000000010
0000000000001010000000001010001000000000100000000000000000000000000010000000100001000100000100000100000000000110000000100001100000000100000000000000100001000110001000000100100010010000000010000000000000000000001110100000000001001000011000000000000000
0000010110000010010101000000000010010000100000100000000000000000010000000000000010001000000000100010001000000000001000000100010001000000100001010000000001011010001000001000000000110000100000100000000100000000000000000000000000000000000000010010000000
0100100000010000000001000000000000010010000000001000001000001010000100000000000000000100001100000000100010000010010000010000000000000100101000000110100000000000001000010010000001000011000010000000101000001000010000000000011100000100100011001000010000
0000000000000000100001000011000000000010010100000000010000000000001000111000101000000011000101010010100100010001001010001010000000000011100001000000100000000000000110100000000000000000000011000000001000100001000000000001000000000000001000011000000100
0010000000000000010000010010100110100000010010000000000001000000000000000001001100000100000000000000001000000000110000100000000000000000000100000100000011001000000001010010000000000010001000000000100100011110010000000000101000010000000000010000000000
0100100000000000000000100000000100000000010000000000011001100000010000000000000100000000010000000000000001000000000000100110000100010000010100100000000011000001010110101000100000000011000000000100000001000010000001000000000011000010011101110100000100
0001000000000010001000000000010001110000000010111100011001100100000000000110000000100001111000110100000100000000000101000001000001000001001000010000000000000000010100000000000100000000000000001001000000000000001000001000100000011000000000000010100000
0000000000010000000010000101010000000110000100000000010000010001000000000101000000000001100000001100001000000000000110000000000010010001010000000000000000000010000000100110000000000000000001101001100000010000000001001000000000000111000100011100100001
0000100000010011000100010000010001010001000110010000100000000000001011101000000010000000000000010000000100000000100000000001000000000000001000110000000000000000000000001000001000100000000101000010000000100100001000000000100010000000000001100000000100
0010000000001000000000001100000000000000000000000000100100000000000100010000110000000000000000010010000101001100001001000000011000000001010000000000001000001000101010010100010101000000000000000010010110010000000100000100000010010100000000000000111000
0100000101011000000000000000000010000010100000000000000010000010001000001000000010001101000010000000000000000000010000000000000000000000011000000001000000000000000100110000000000001000000001000100000000011000000000000000001000000000111000000011000110
0000001010010000000010100010000000000000000000000001000000000000000000010000000100010000000010010000000000000000000010000001000000100010000000000000000000000010010000010001100000010010000010000000101000000000010100011000010100000010000000000000000000
0001001100001001000000000000000010100000000000000010010000000000000010000000000000100100001101001010000000110000000000010010100000000000010000000000000100000001001000000010010101000000000001000000000000001000000000010000010000000010000000000000000000
1000000100100001000000001000000000000000000100001010000000010000000000000001100011000000000000000000000000001000101000001000010000001000000000000000010010110010010000001000010010000000000000001000101000000000010000000000110100000110100000000000100000
0000001010101010001000000000000010110010010000001000010000000000110100110000100000111001100001000000001000001000010000000000000100010000000101000000000000000001010000000010100010100000010000001010001010001000000000010000100110100100000000010000000110
0000100010000001100101001000010010000001000000000000000000110010000100010001010000000000100010011000000000100000000000000000000000001001010000000000000001000001101001000000000010000000010100000000000001001000000000101001101100000000000000000000000000
0000000100001000000000100001100000000001100001110000000000010000000010000001011010000100000000000000000101000000000000100000010001010000000000001000010000000000001000000010000010000011100000000000000110001000000000001100010000001000000000111000110000
0000000101010000100000000000000000100000000000000000010000000000000100000011000010101001000000010000000101000000000000000001000000000100011000100000000000000000000001000000100000000000000111001100000001001100000000110110010000001000000000000000000000
1010100000000100000000001010000010000000000101000000110010000000000010000001001000010000000001000000000100100110110001000001010100010001000000000000000010000000011100000001001000001000000000000011000000000100000000000001000000100011000110111100000000
0001000000100000000000000000000000010100100000100000000010001011100000100000000010000101010000000000000100001010000001100000000000000100010000001001000000001000000000000010001100100000001000000000000000000000000001001000010100000000000100010110001010
1000110000000000000000000011100011000000000000000000000001000010000100000001000000000000000000100000000000000000000110000100000000001000000000011010000001000001010001000000001000000000000000001010000000000000000001100000000000100001000000000000000000
1000000000100000000001000000101001000000001010000000000000000000010010000010011000000010001000000000000000100100010010001000000000010001000000000000100100010110100000000101000100100000001001010000100000000000101001001100001000000000000001000000100000
1100000110100000000000010101100100000000000100000000000000100000000110000001001001010000000000000000000000000000010000000100100000010001000000000011010000100011000010010001000010010000000000001000010000000010000000100100010000000100100000000000001000
0001001100010000100000000000011000010100000000000000000001100001000010000000000000010001110000000100001001000000010100000100000000000010000000100000100000000010000000000000000000000001011000110000010000100111100000000010000110000000000000000101001010
0000011010101100010101001000000010001001000000001000000000000000010100000000000000000000000000010010001000011000110001000010001000000000000000000001000010010000010000000000000110000000010000100000000000001010000000000010000100110101000110110011000110
1000000000000000000000010100110000000010010000000000001000100100000100010001001000000100000000000001000000010000010000010100100010110010100000100100000100010000000000001000000000000000000000010000010010001110100000000000000100000000000011100010000001
0010010000000010010001000000000000000011111100010000000000000101001000100000000000001010000000001000000001000000001000100000000000010001001100010110010000000000010001100100010010000011000000000000000100001100000000100000001000000010001000100010000000
0000000010100100000000000110000100000000000000000011100000110111000000100000110000001000000000000000000000101000000001011000111000000100000000000000010000000000000000100000000000000000000100001000000000000000100100000000000000000000001010001001000000
0000100001001100100001000000001101100000100000001000000001010000000000100000000001000000101000000001000000110100000000110010001000000100010000000100000000000000000000010000100000000000000000010100000100100000100010100000000000000011100000110000010000
0000001000100000110000100001000000000001000000000000011000000000000110000000000000000100110000000000010100101100000000010001000000000000000000000000011000100011000000000100110010000000000100000000001000000010000001000000010000100000001001000000100000
0000001001100100000000000000000000000100000010000000000000000010010010010010100000000101000000100001000000010001000000000100100010000010000000010000100000001100000010000000000100000000000100000010001011001000000010000001000100000001000011100000100000
107 94
213 46
