250 250
0000001100001000000001001001000001001000001000001000000000001000000010000000000000010010100000000010000000001000000101101001010000000001000101001000010011000000000101001000001001000000000000000001000000100000000000000010100000000000010000100001000000
0001100000000000111000010100000010000110000000000011000100000000001000000001010000000000100000000010010100000000000001001110000000110000100000000010100000000100101000000010100001010010000000000000000000000010000000000000011000000000001000100000001000
0100000000000001010000000000010010000000101001000000000010000000000000100000000100001000000100000101100000000001001000000110000000000011010000000000100000000000000000000000100100000000000000000000000011000000000000000000000011100010000000101100011100
0100000000101101001100000000000000000000000001000000100000010100010000010000100010100000000000000000010010010011010100000000100010000000000000000000110000010000000001001110010000000000000000011001000000010010000001000100000000000010000001000000000011
0100010001000000000011000010000011100100000000000010000000000010000000000010001010100011001000000000000010001000001000000000000010000000000100100000000001000000000010000000000100000000010000001100001001000001100000000000000001000010000000000001110000
0010000000100100000000000000110001000011100000010010000000001100100010000000011000101100000000100000010000011000100000010000000101100010010000100000010000000010000000000000000000100000000000000001100000010000000001000010100000000101010000000000000000
1000000000001010001000001000000100000010000000100101100000010000000000100000000000000011000000100000010100000000000010000110101010001000011000001001001000001000100000100000000100000100000000010000101000000001010000000100001000000000100011010000000001
0000000000110010000000011000000000100000000001000000000000000001000100000000000110100000000000000000000000001000010100000000000000000010001101000010000000000000000000100010000000000001000000000000000000000000000000100000000100000000000001000110100100
0000001010011000000011000000000100001001000000000001011000000000010000000000000001100000001010000000000000001100000000000000010001100010000000001000000100000010000000000100010000001000000100100001000000100001100000000100000010000000000000000001100000
0000000000100000000000001000000010000010000010000101000000001001001000001001001101000000001000000100000000000000000100000010000001001010000100000001000010000000010100010000010000010100001100000000000011000000000000000010001010000000000000001001000001
0000000010000100100000000000001000010000010001000000000000000010100000010000000001100000100000100010000010000110000100010100001000010010000000110001000001000110000101000000001000000000100000000000010000000110000000010001000010100000000000000101100000
0010000110000100000000010100110000010001010000101010000000010010011011000001001000110000000010100000101100000000000111000100010000001000000000000000000101000000000101000100000010000000010010000100011000000110010000001000011110000010000001000001000000
0001000000000000001000001100011000110000000000000000010010110010010000000000000000001101000000000100000000000001000101101001001000000000000000000010001000000000000011100000101000001010000100000100000001001000000000000000001100000000011100010000001000
0000001001000010010000000000010000000001000000000000001000000000000000000100010000100001010000010000001000000000000010000000000000000000000000010100001001000000110000000000010000010001000011000000010110110000000000101000000001010000000001000000000000
0001100001001000000101000000000000000000100000000000000000000000001001000001100000001000000000000001000000000011000000000000000010000001000100000000011000000000001000000010000000100000000000000000000010100000010000000100100000000000000000000000000000
0000100010001000000010101100001000000000000100001110000001000000000011000010100000100000010000001000000001000000000000000000000010100010000000000010000001000000000010000000000000100000001010000100000000001000110000000000111000001000010000000001100000
0100000000000000101000100000010000110000010000010100010000100000000000000000000000000001000000000010000000000000000000000000100000000000000010010001000000010010000001100000011000000000010000100010000000000000000100010001000000000000000100000000000000
0000001000000100000000100000001000000000000000000010000001000001000000100000010000000000010000100000000000010001000000000000000010000001001000000000000101000000000000000000010000000000000000000000000000000000100101001011100000000001010001001010000000
0000000000100000000000100000100011000010000000000001000000000100000000000000010010010000000000000000000110000010000000110100000001010011000000010000000100000100101000010000000000000010010001001000000000001000000000000000000010001000010000000000001000
0000100010000001010001000000001000000010110000000000001000000000000010000000000010010000000001000000100000100000000010001001001000101000000010000011000000010000010000100010000010100000001100000100000000001000000000110100000000001000010010000100001000
0000001000010000000010000010000001010000000010000000000000100000001000000000101000010000001011010000011000000000000010010000000010000000100000011000000000000000000000000000001000000000100000000000100110000000000000000101000100010100001000000000000000
0100000111000000000001010000011010000101100001000000100000000000000010000000000101000010001010100011000000001100000000000100001100000000000000100100000001000000000000001000000000000001000000000101101000000001000001000000000010000100000100010100000001
0000010011000000010000010000000000000000000000000000000000000000110110000100001000000001010100011001000000010000010000100110000000001000000100001001000000000010100010000000000001000000000100100000000000000000100000000000001100000000000000101000100000
1000000000001000000100001000000000000000010001100010010010011000100000000000100010000010010000001000000000000000100011001100000000010100000110000000000100000000010011000010001001000000000000000101011010110000000010000000000000000000000001000001100000
0000010100000101000110011000100000010000100000100110000000010000000000011000101000000010000000000000000000000000010000000000001000000001000001000000010000000000000010101000000010010010000000000000100000000000000010000001001000000000000100001010000010
0000010000100000000000000000000000000010000010001000001000000100000000000001000000000100010001110000000010000000000100011000101000010000000000010010000000001000001000010000001100100001000100110001001001000001000000000000000000000000000000000000101000
1000000000000000000000000000000000000110110000000100000010000001010000010000000000000000100000000000000000000001100010000000101001000010010000010000000000000100000100100000010000010010001000110001000000000000100000000100001001010001001000001000100000
1000000000100000100000010001000000010000000000110000100010100100001100000000001110100000100000001000100010001100001000001000001000010000101001000000000000000001000000000000100000000000000001000101000100000001000001001000100101010000000000000111000001
0001001000001000000000100000000000000000000001000000000001000000110000000010000000110000000000000010000010001100000001100100000100000000000110001000010000001000000000010100000001010001100000000000001001111000010001000000000000001100000000000000010000
0000000000100010000010000001000000000000111000000000001000000000000000000000100000001010000000010000100000000110000000110010100010000000000000000000000000000000001000100010100000000000100110110000000000100000100010000011000000000000000100000100100101
0000000000000000000110000000010000100000010100001000000110000001000000000000100000000000000010101000010010000000100010000000000000001000010010000100000000001010010010001000000100000010000010000000100010000100110000000000100000000001001100001000100000
0001000100010010000000000000000101110000100000001010000000110110000000010000000000000000010000000010011000100000100000111000000010100000010000100011000000101000001000000010001000010000000000000001010001000000101100001001100100000001000001000010000000
0000000100000000100001100010110010000000010010000000000000000010000000100011000010001000000100001000100000001000110100100010001000000000000000000000000100010001100000000000001000001000000000001010010000000001000001100000000101000010010000000001101001
0000001000000000001000101000001100000000010000001000000000100001000000000000000001000101000101000000000010001000010000000010000110100000010001110100000000000000110000010000001010000000000000010110001000000000100000000110000000000000000010000000000000
0001000000000000001000011010000000001000001000110011100001000100000000000000101000001010011100000000101000000010000010000010000100000000011000001000001010010000110000001000000010010000000000000100000000000000000010000010110000000001000000000010101011
0010010001000100000000010001000000000001000000100000000100000100100000000000010000000000000000000000000100000001000010000000000000010000001100000001000000000001000000000000000000001000000000000000010000010001000100001010001000000000000000010000001010
0010100000100110000000001110000000001010101010000011000000000100000000000000110000010000000000100000100000000001001010010000000100000000001000100110000001010010100100000001000000011100010000000000000001000000010000000000100000001001100001001000000101
0000000000110000000000101000000000000000000100010000000000010000000001000000001100001001100001001000000000000000011000010000000100000000010111000000001000000000000001000000000110100101010011000100000000000011100110000000000000000001000110100000000000
0000000000000100110000001000000010000000100001000000000000000100101001000000000000000100000100010000010110000000100000000000000000000010100010000001010000000000000000000000100000000100000011000000000000000000000001001000000101001000001001010001000000
0011100000000100100000000000000100100001010000000000000000000000000000000000000001110101010100000000100010000000010100100000100010001000000000000000001000000000100000001000010000100000000000001000000010000000000000010000000101000001111000000000001000
0000000010010100000011000000011100000000001101100010010000000100000000000000100010000000000001000000000001010000000000010000000000000001000010000000100010000000000100001100000001010000010101000000000010100001000100000100000111010010000000000001000000
0000000000000000000100101000010000000000000101000010000011000000000000100000100001000100000001110100100000100000111000000100000001000100000000001000100000000100100001000000000000000000001000000100000000000000000000100000010000110000001000000000000000
0000001100000000100000001000000000000000100000000000000100000010000010100000000001100001101000011000010000000000100000001000001100000000000000000010000010000110000000100010000011101100000100011001000100000010000010000000000010001000001010000001100000
0001100110000000000000000100000001000100010000011000000100000000010100100100000100001011000000010000000010000000000101001010000000001000100010001000100000000000000001000100000000000010001000100001000000001000010100001001000010100010100000100001001000
0010000100110010001101000000000100010000010100010100000010000000000001100010000000000000000000100100010000100100000000000110000010000001000000100000001000100000000000000000000000110000000000001000100000100000000010000000000101010000000001000001000000
0100100000000000100000000000000000000110000010011100100000001000000001000000100010100000010010100010010001010100000000000000010000000110010010001000100001000000001011010100000000000010001000000100000000000100000000010011000010010000000000000100001000
0000001000001000000001000001001010000001100000000000000000000000000001000010000001100000000100000000100000000000001000010001000000000000000000001001000000011001100000001100000000001000001000000000000000110010010000000100001010000000000000000001010000
0100001000010000000000000010000000010010000100100010000010000000000000010010000000000000010000000000000000000011001000101101000111000000100000010000000000110000100000001010001000010000001010100000000000000001010000000000000000000000010001001110100100
0001010100000001100100010100000001000000000000000010000000000001000000001000001000010100001000000010001000110000000100000010000100000100110001000000100000000000100000100000001000010000110000000000000000010011000000000100000100000001000110100000110110
0001000000000000011000000000000000010000001101110010010000001000000011000000000100000001000000010000010000000010000000010000000000010100100000010010000000001000100000000010000101101000101000001000000000000010001000000000001000001100000001000000101000
0000000001100000010010000101000010000010101001000000001100000000000000100000000000010100000000110000000000000000100101000000001000000000001000100100001000010001001000000000000100000000100000000000001000000010000000000100010000010100001000010000000000
0000000100000000100000000001000001011000001001000000100000100000000101100010000000100100010000000100000010000000000100000010010110001000100000010000000000000101000000001000001000000000000000100000100000001000010000000000000000110001000000001000000010
0000000000000100000000101000100000101100000000001000000001010000001000100000011000000011001000000001000110000000000000000000000000000000000010000000010011000100000100001000000000000000000000000000000011000110000000001000110000010000000010010000000000
0000100001100000000001100000000000000000000000010101000001000000001011000000001000100100001010001011001000001000010100011000000000100000000000001000000001000010000000000100000000000100100000000000010000000100000001000110110000000000000101000111000000
0000100000111011000000000000000100000010000100100100000000000101000001000000110000000000001001011000000000000000010100000011001000000000000000100110011000000000001001101100000000001000000000000001000000001100000000000000001100000000000000000010100001
1000000011001100000000000100011000100000000000001101000100100010000010100001000000000010000100100000000010100000010000110000000000011010000000011000000010000000010010000000100000010010001110010100010001000000010000000000000000000000001100001001100000
0000000000000110101100000000010001000000000000100010000000100101000000010000010000000100000000000000010000010001001000100000001010000000000000000000001001000000000000000010000011110000000000001000010100000010000000100001100000010000000000100000100001
0000100000000000000100001000001001001001000000110000000000000000000000010000010010000000001011000100000010110000000011000001000000100000001000000001000000100000110100000000001000000010000000011101000000110000000010000001000010000000001000000000001000
0000110000000000000110000000010000001000000000000010101001000010000001000000000000000100000000001110101001000010100000010000000000001000000000000000000000000000000000001000000000010000010000111000000001010000000000001000000000000000000101000000000000
1000101000000001000000010010000000001000000010000001011101010000000000001000010000000000000000000010000000000001000000000000000010000010010000000111000000000110000100000000100000000000000000001010011100100001000000000010001101010100000000000000000000
0011001000000000000100000000000000000100010000000000000100101000010010110010000000000000000100100010000001000000100000000000001000000011000010001111000000000000000000001000000000010000000000010000000000001100000100000000000001000010000000000000001000
0011100000000100000000000001000000000010000000010010111010100001000000010000000000110000100011001000000101000101011000100000010000001000100000010000000000100001010110000000011000110000000000100000000000000000010000001001000010000010000000000001000100
0000000000001000000000010000000000010000010001000000000001000011001111000100111010000011000000000100000000000001000000000011010000100000000000000111010011000010000000010000000000000000100000010100000000000101000000000000000000000000000000000000000000
1001000000000000010100100000010100000101000001000010000000001000100001000000000000001000001000010100000000000000000000000001000100000000000000100011010001000000100000000000010100001100000001000000100110110010100000000000011000000000000011001000010000
0100100100100110000000100010000000000000000000000000000000100010000000000001100010000011000000110010000000001110000000000001000000000000011000001101010100100001001000000100010000100000100001011110000001100110110000001001000101010000000000000010000001
0010010100000000000000000000100001000001110100000000100000110101010100000000000100000000000000000000010010110010110000011100100000001000000000000000000000010001001000000000010000000001010000011000000000010000001111000000100100100000001100000001100000
0000000010001000000010000001000001100000011001000110000100000000000000000000010100010000000000000000000000000000000101000000000000000000000000000000000000000000010000000000001000100000100000010000000000101010000100100000000000000000011000000010000010
1000000000100000000000000000000000000000000001000000001000100000000101000000000000000000000000001001010000100001000110000000001100100000010100000000100000001010110000000000100001000110000000000000000001010001000000010001100000010000000000001000000000
0011000100000001000000000000000100000000000110001000000010000010100000000010100000010000000000000000011110000001000001000000010110101000000100000101000001000110000000001000001110000110000000000101001100100000000110000001000000000011001000100000010001
0000000101000000100001010000000101000000000000010000000100110100000100011001000010000000000000000000000001000010000000000000000000000000000010000000000110000101100000001000011100001000000000000000000000000000000000000000000101000100001001000000000000
0000010000110000010010010010000000000000010001101000101000000000001101010000000001100000000000000001000000110000000000000110010001001100000110000001100000000000000100000010000001000000000100000010000000100010000110000000000100000001010011000010010000
1000100011100000000000100000000010100100100000001000000100100000100000100000000000100000000000010001100100001000000000100001000000010001000010000000000000000101100010000000000110000000100000000100001000000000000001101000100000100000101000000010000010
0000000000001000000000001000100001101000100010000001001000010001000000000100010110000001000000100000001000100000000000000100000010000000001000000000100000001000000000000000000000000000001000000001100000010010100000100000010001000000000100000010000100
0000000010100000100000010000000100000100101001000010010011010000000000000010000000000001000000000000000000000100000000000000000000000000000100010010000001000000000010000000000000000000010100000000100010000101100001000100001000000000010100000000100000
1010000000000001100010000000000100000000010000000000100001011100010000000000001100010000000000001000111001000011000000001000000100000010000011000000101000000000100000000111000000000000001000000000000000100000010000100001001000000010010000000000100000
0000001001000000001001000000100000000000010000000100000000000000000000010101110000100101000000000010001100000000010001000000000101000000000001010000001000000000000010000001001001100000010010000010000000010000100000000000100110000010010000100001010000
0000100000010010100110000110100011000010000011110001100000000000110000000100100000000000000000010001000000000100001001000000000000000000100000100000000001000010000010000000001000101001001000000000000000000001010000000000000001000000000000010000000000
1000101010000000000100011000001000000100110000000000100000000000100000000100000011000000000000010010000000000000010010100100001000100000000000000000010010000000000000010000000000000010011000000001100110001001000001001000000010100000001010010001010000
0010000000000000010100000000000000100010000001000010100100000000000000000000000100000011000001010100010000000000000000000000100000100001110101000100001000110110000100000000000000000000100001000011000000010101000010010101010000001000010000000000000001
0101000010000010010000000000000000000010000100000000000100000100000000100100000000100000000101000011010000000001111000001000000001000000000000101000000000000001000000001000010010001010001000000000000000000000000000110000100000000001000001001000011000
0000001100010010000001000000000000000000000001000010010000010000000001000001010000000100000000000000100000100110011000001000000000000010000000000000000000100000000000001010010010000100010000000000000000000001100100010010010000000000100000000100000001
0000010000100001000000100000010100000000100000100010100000010010001000000001010000011000000010000000101000000000011000000000000100000000000010000101000101100100100000100001000000000000110000000000000101000001001000000010010000000100001000100000000010
0000000000000000000000000100010000011100100001010000010000000000100111100000100000100000001000000000000000000000110010000010000001000010000010000000100000000100001000000000000000101000000000010010000001001100001000001000000010110000001000101100010000
0000000001000000011100000000001001011000000000011000000010000000000000000000000000100000000000000010100000000000000000110000000000110000001000010000000001010000100100000000000101000010010100101000100000000000000001000101101011010000010101000001000000
0001100000011001011001000000001000111000000010111000000001100000000000000000000000100100100000000011000100000000110000001000000001000001010100000000000000000000100001000001000000000101000010000000100000001000010000010001100000000100000000000000000010
1000001101000010000000000000000011010000000000000001010000101000110000010000011000010000000000000000000000000110001001000000001000000010010000000010000000001110010000101000010100010000001100100000010010100110100000000001000000000000110000000000000000
0001001000001010000000010000000000100000100000100000001000000100000001000100110001000000001000000000001001001010000000010000000001000000001000000001000000011100010100000000010100000000001000100000011000101000000000001001100000000000000000000000010100
0010000010000000000000000000100011000010010000000000000000010000000000000000000000000100000000000000000000010001000100001010000000010100001000011000100001000010000100100100000101000000001000001000100000000000000010000000000110010100000000100000000001
0001000000100000000000011000000100100000010001000010110000000000000000010010010000000100101100000000000010100110000000100011101000000000000000000010001010100010001000000000000000000100000100000000000110000000000000001011000010001000000011010010000010
0000110000000000000011000100010000000010000000000000010100000100000000001100000001000000110011010100101000000000000000000000100011000100000000000010000000000010000000000000001000000100010000000000010100000000000000000110000100000101000000001000100000
0010001000001010000000110010000000010000000101000001000000001000100100000000100000000001000000011100000110000000000000011000000000000001000100000000000010000000101001010001000000110000100000101000000000000000000011110000000000000000001000001000001000
0000010000000010000000001000001000000000000000111001000000000000010000000000000000001010011000000000011000000101000000001000000000000010001000000000000010000010000000100000000000000010101001100101010000000010000010011010010000011000000000100000000000
0000010000010000010000000000000000100010001000101001010011000000000001010000000000010001000001100001000000001100010000001000011000001000011000000001000100000000010000110001000000000000000000000000000000010010001000000000000010010000000001000010000000
0100000000000000000000001100001010000110000100000001000001100000000000110000001010000001000000000000001000100100000000000000000000000001000110100000000000000000000000010100010000001100001000011000001000010000011000100101000010000000011010100000001100
0000000100000000010010010100001000000000010001010001000000000010010100100000010100010000000000100000010100000100010000000100000010100000000000000001000010010000010100000000000100000100000100000000000000000100000000000000010000100000000010000000000000
1000000000000000010100000000010000000000000000000001000000000000000100001000001000000000101010000000000100001000011101100000000000100100000010001000110000000000000010100000000000000000100101100000000001000000100111001000100100000000001000110000000001
0000000000100000001000000000001100010000000001000000000100100000000000000000000000000010001010100010000000000000000000000000100000000100110100100000000001001010000100000010000000001100000000000000100000000000000110000000000010000000010000100010010110
0101001001000000010010000010000000000000000000000000100000001000110001000010000000000000000000000000000001010100000010000000011000000100010001100000000000000000100000000000001000000000000000000100000000100000100000000000000001000001001000000000000000
1000000010000011000000101010000000010001000000110001000100100000000000000000100000000000000010000000000010011000001010000011000000010100100100000000110000010000010000000100000000100000000001010000000000000100000001100000000000000100000000000000000000
0100000000000100101000001000000101010000000000000000000000000000000010000000000110000001000101000000010000000000000000000010000001000000000000110010000001001000000000001010000001000000000101001010000000000000000000000000010000000100000000101000100001
0010000011001000000000001010000000010000000000100000100000100011100000100000000000000100101000001000000000000000100010000000000000001100100000001001000001000000000001001000000000000000001000101010010000000000100010000000000000000000000000001000010010
0000000100100000010000000000001000010000000100010010000000100000101010000000000000000011010010001000000000000000000000000001010000010100000100010001000000001101000011000000000000100000010010110000010000000001000000010110000000110000000000000100010100
0000100000000001000001001010000000000100010000100001010000010000111100011010000000110100000111000000000000101000000000000000000000010000100000010001000000101000001001000010000000000000100000010011110100010000001000100000000000100000011000000000000000
1010100001001001001000001000011000000000000000000001000001000010000010000000000000010000000000000000000001000000011010010000011100001000101010000000101110000000000100101000000000010001000001000100100000101001001000000100100000000000010111000001101000
1000000000010001000000000000000000011000000000110010101000100000101000010000000001000000100001101100100000100110010000001010010001001001000001000010001000100000000010100000000000000000000000010000010010010100110000100000000000000100000000111000100010
0000000100010000001100100000000010000101000000000000100000010000000000000000000110000000000100100111100000000000100000000101001110100001010000000000000100000100011000000000000000000010001000000011100000000000110001000000100000000100000001000000000000
0000000001000000100000000000000101000010100000000000010010000010000000000000001000000000011000010110000000110011001010000000001001010000001000010000000000000000000000000000000000001000000000100001001000000000010101100001000000000001000100000000000100
0000000001011000001000000000001000001000000001000100001000010010001000000000001000100000001000001010001000000000000000000001000000000100000000010000000000000010100000000000100110110100110001000010100110010010010010000001000100000000000100001001000010
0000000000000000000000000101000010000000000010110010000001000000011001000000000011001001000001000010100001101000000000000000100000000000000100000000000000000000000000000000000000001000001000001000000010000000010001000010000010011000011000000000010010
0000010101000000000001000000000100001010000000000000010000000000000000000010100000000000000000010000000000000000011000000000000000001000000000000000000000001000011000000000000100000010000000001100000100100000010000000000100000000000100000000010000000
0000000100000000010000000000010000000000000000001100100000001000000010010011000010000010000000100000000110010001000000000001010110000000100001001000000000000100000000000000000000000000000001000000000000000010000000000000000010000000000000000000001000
1000000000010000000001001000100001000001000100000010000111000000100100100010000000000000010101100000000000000010100001001000101010000000000001001000001001100001010000100000001000010000001100000000000100000000000001000010000001110010000000000000000000
0100001000000000001000000000101000010010000001110000010100000010000000000000000001100010000011100000100000000000000000000101000000000100000010000000001000000001100000010000000000001100000010010000000000000101000000000000000010000010000000000000000100
0000000000000100001000000000000000100000010000001101001100000000010000001110010100000100000000000010100000001000100000000011001001000000000000000000000000010000010000000000000000100001100000101000010101100000000000000010110000000000000100001001010000
0000100011000001010010000000000000000100000000000010110010000000000010110000000001000110100000100000000000000101000100000001000000000100000001000000100000010010101100000000000000001000100001000000000000101000100000000010010000000000000000000010100001
0001000100000010000001000000100100001100010000000000000001100000010000000000110010000100000000000110000000000000000000000010100000011110000101110000101100000000000000100010001000000000000001000000000101000000000000110000000000000001000000000001000010
0010000101001000000010000000000100001000000100000001010000000010000000000000000000001010000000000010001000100000000000011000100000000000000100000000000001100000000000000100000100010000100000000010100000110110001000101000001010010000000000010000000001
0000010111110000001100000000000001110000001100100010010010000010000000000100000100011100000000000001000000010100100101101000100000001100010000000000000000000000000100000000001000010001000000000011000101100000000000000000000100010000000101000010011000
0001000100001110000100100001000010100100010001000000000010000111000100100001000001000010000100000001000001001100000100000000000100010101000000000000010010100000000000010010110000000000000100000011000100000100000010000010000000000000000010011001100110
1000000000000000000000110000100100100111000000000010000010000111000001000101000100101000011000010101001000000000101100000000000010010100001001001001001000000100000000001000000001100000001101000000001000000000000000100001000000001001100100000100010100
1000000000000011101010000010000110000010000000010000000000001000001101000001000011000000000001011100011000000000010000000000000010100001000000001000110000001010000000110000001010000000010000100000000000000000000001000000110000000000000000000000010100
0000000001000010000000000010000001100000010000000001001001000010000110000010001000000000000000101100100000000000000000000000000001100000000000000101000000000100000000001100000000100000000100000000000000000000000000000100000000000010000000000000000000
0000000100000000001010000000011100100100000010100001000000000000001000000000000000000100000010010000000010000100010100000010010010000010000000000000000000000100001000000000000000000011000000010010110000001000000000000000000001000000000000000100000110
0000001000001000100000100000000000000001000100000100000000000000000000000000001100000000000000010100000000000100000000000001010000001000000000011100000000000000101000100010100100101101000001001101100111000001000000000000000000011100010000000000000000
0000000000000000000100100000100010100000010000000001000000000000000000001000000000000100001000000000000000000100000000000010010000000100010000000010011000100000000001000001110001000010000000001010001010000000000010100001110100001000000000000001000000
0000100000100000010000000000000001000100011010100000010101000000000001000000000010000000000000010000000000001010000000000001000001000000000000000011010000000000000000000000000000100101001000001001001000000010010000000000000000100010000000010000000000
0010010000000010000011000001000000100000100000001000010010010000000000000000000000010000001000000000110100000011001000000000000000000001001001000010000000100000000100001000001000011010000000001010000000000101010000000000110000010000001100000100010000
1000010000000000000000000101110001000010010000010001010010000001000000010000100000010001001000000001000010010010000001001000001000010000001000010110000100000010010000010000000000000001000000010111000100000000000000000100010100000000010000010000000100
0000000000001010100000001000001000001010000000001000000001011000001000100101001000100010101000000001000010010000000000000000101000100000000000000000010000000000000000000000000001110000100000000010000000000010010000000001100000010100000011000000000010
0010000000000000110010000100001010000100000010000000001000000100001010001000111101010000010010000000000100000000101000000000100000000000000001000001100000001000000000100100010000000000010000000000000000000000010000000000000100000000100000100000100000
0011000010000000101000010000100000101000000001000000000000010001101100001000100100000010001001001000000010000100001001000101001000000101100000000000001001010000000000000110001000000010100010000000001000100000100000000110000000000000000011101010001000
0000000000000000000000000001100101100000000000000000010101000001000000000000000000001001000000000000000000000000011000010001000000000000000000000000000001000000000000000000011100100010000100000100011010000100000010000100000100000100010100000000000010
0000100000001100000000100000100010000000000000000000000000010011000000000100000000001000110001100000001000100000100000010000010100000100000000001000010000010000100000000001000000000001000001010000000101000010010000000000000000000000100100000001000000
0000100000000110100000000000000000010000001001001000000010100000100010000000100000000010000000000000000000000000001001000000100000000000101000100001000000101001000000100001100000000000000110000000000101100010001001000000010000010000010000100000000100
0000000100000000001010000000000000000000000101000000000010100111000001010000000000000000000100000000001000000000001110100000100000001000000000000000000000000000010000100100100000000001000010000000001000000000010000010000000000000100110000000001000001
0000100000010000000001000001100011000010000000000000100001000000001100000000000001000000000000000100101110000000000010011000000000100000100110000000001000001100000001110000000000000100101010000000000000100000000000000000001000000001000000000010100000
0000001010000000000000000000000000001000000101110001010110100000010101000010110001000000010000110000000110000010000011000000000001010100000010000001101000010000000000010100001011000000000000001000010010100000010000000000000000100010001000101000000000
0010000010001000000000100000000000100000001000010000001000100010100000010010000001010001101000000001000000100001000010000001000010100000010010010000000110000000000100010010000000000000000000000000011000100000000100000001000001100010000100001100001000
0000000000100000001000001000100100010000000000000000000000000011100000100010000011000010100001000001100000000000110000000010001010000010001001000000001000000001000000010001000010000000000000001010000000100100000010000001000100000000000001001000000000
1000000001000000000000000000000001100010000110000100000000010101000000000000000000001001000000000000000000000000000000000001100001000000000100101001011000000001010000010000000000000000000000001010001000000010000000110000100000000100001000000000001010
0000010001000000000100000000000000000000101100000000100001000000011001110000000110100011001000000000000001000000000000000010000011000000000001000000010000000000000100000000010110010010011000000010000100010001010000010010100010000010100000001001000000
0000011000000000000000010100000101101101001000100000000000000000011000000000100000011010010000000000000000101000000011000011100000010000000010001100000000100000000100000000000000101000000000000000000000000000000000001000000000000100000100000011000001
0001000001001100001001000100100000000010101000000001000000001001100010000000000000000011000100000100010001000000010000110100001000000000000100000000010001010000001100000000000000000000000010000100000000000000101100000000001000000000001010101000000000
1000000010010001001010000010100000001100000010001010011000001011110011000000000001001000010000000000010100000000010000000000000000000000000000010010101010000000010010100000011000010010001000100000100000000100001000000101000000000101000001100000000000
1000000110100000010000000000000011100010100100000101000000000000010000100000100000010000001000000000000000100010000000000010000000011010011000010000000000100101100000000000011000000000110000000001001000000010011000000000110100000000010000000010000000
0001100000000000010000110000000000000000000000000000011001000000000000100100010100000000000100000000000010000100100000000001000000000100000100001000100100101010011010100100001000000010001010000000100001000000100010100000001000001000100000100100011000
0100101010000000101010010100010100010010000000100001101100010001000110010001000000100000100001000100000000000000100001000100000000000100000000001010000010000100011100000101000101100000000001000000010000000001001000000001000000000000000100000010000000
0000000000000000000000111011101000000000000000000000000001001000001010101110000001010101000000011010000000000010000000100100000000001000000100000010000000001000110000000000000000000000000010000001001100001000000000100000010000010100000011100000001010
0000100000000000000000000000010010000010000001000001000000000000000001000000010000010000000000000000010000000001000100000000000000100100000000001010000000010100000000001000000010000100100000001000010000000000010000000100000000010000000000101000000100
0000000010000010000000000000000000001000010001000000001000000100010000000000000000001000010000000000000000110100000000000000000000101000010000000000011000000000000100000000001000000000101010000000000000011100000110000010000010000000000000001000000011
0000000001000000000000011000011010001000000010000000100101001001100000000001000001000100000001011010000000100000000000000000010101000000100000010101001000000000000000000100000000011110010000000000100000010000001000000001101000100011000000000000010000
0000010000010100111000000000100100000000010011001000010100000000000010100000010000000010000000000000000000100001000001000000001100000000000000001010000000000100100000110000000100110000101010000000000000000010011000000101101100000000000010000011000000
0001001000000000000000000010000000000000000000000100100010000000000100000100100000000000010100000010000100000000001000000001101001000001000000001001000000000000000010010000000011000100000000001000000010000000001010010000000000100000000010000110010100
0000000000000000000101000001100000000000001010001010000000000000000000000000000000010000100000000000000000000000001001000000000000010000010011000100000000001000010101000011001010000001000000011000000000000000000000000001100000000001000000001000100001
0000100000110001000000010000100000000000010010000010001100101000000000110010000010000000001001000000010001100000001000010000001000000001001100000010001011000000011110000001001100011000000000000000000000100001000100000000010100001000000000000000000100
0000000000000100100100000100101000000100000000000000001000001010000000101100000000000100011000000110001000110001000100000001001101010000010000000011000000100000001000000000110000001000000000001101010000110010001010010100001001011000010000000000010010
0000000101010000011001100000000000000000000010001000000000101000001000000000101000110100000001000000110001000000000000100000010100000000000000000000000110011100000000000000001001000000010100001000010000001000000000101000000010001100000000000000000001
1010000000001100010000100000100000000100001000001010010000000000001000000001100000010000000100000000000000001001100000101000000000000011001000000101000000100000000000001000110000000000000000000000100000000110010101000010000000000010000000110010000000
0000000000100000000000000000000000001000000000100000010000100000000001000000000100001011000000100100000000000010010000000000000011100010000000010000100000100000011000000000000100000001100010000100101000000000001000000000100000000000000000010010000000
0001000000000000000010000000000000000000000000110010100000000110000101000100000000000000000000100010001000010011000001000001000000000000100100000000000001010001000000000000001000010100000000010000100110000000000000010000000000000100001000000000001010
0000001000000000010010010000110000000100100000010000001000100000011000000000001000000000100000001000000000000010000000010000000001001000000000000000100010000000010000000000001000001000100010000000011010010100000110110001010000000000000001011000001000
0000000001001001001000000011100000000100000000000000100000110000000001000001000101000001000000100001001000100000001000000110000000101000000000001111000000001001000010000001100001100000010100010100010011000001001000000001010000100010000010100001000000
1110000000000000000000010001000000001100000000010101010100010000100010001000000100000000000000001001001010000100010000000000010000001000010000101100010001011010000000100100010101000100001000001100010001001010000100000000100000110101000001000010000000
1000000001010100010000000100100000100000000000000001000000000000011011000000010000010000001010010000100100001000000010000000000001000000000000000000000000000000010001000000000000000001000100011000010000010000000000000010001010000000000001000000000010
0100000001000000000100000001010100000000000001000000010000000011000100000010100000010000000010000000000100110000001100000000010000000000100000000001010011000010100000100000100000000000000001010000001011100000000100000001000000000110100100000000000000
0000011010000010010001001000111001000000010000000000000010010000010011000000000000000100010000000000001000011000001000101000100000010000000000001010000000110001010000000011001000100000000100000100010000000000001000100000010000000000000000011000001000
0000000000010000000001100100010000000001000010101000000110000000000100000001001000100000000000110001000010000000010000000010000010000000000010001000100000000000000000000000001000000100000101000000000000000010000000100000010000000000000010000000001000
0000000010000011100000001001010100001000110010000000000000010110001000101000000000000000000010000001000000000000000000000000000100000001100010000010000000000010000100001010111100001100101000000000000000000011000001000000000000000010100101000000000000
0000000001000001010001000010000000000100001000000001000000010000000001000001000011000000100010000000010001000010001100000000000000000010010000000000001000100000000000000001000000110000000100001010000000000100011000000000000000110000000011000000100000
0000000100001000010000000000001001011000000000000000001000100000000100100010101000000000100010000000100000001000000010000010001000100000000000001001010001100010000010100000000000000000001000000000000000100001001000000000000001000000100010000000110100
0001000000110100000001000000010000010000100100000011001000000000001000000000000000000000010011000000000000000000000001000000000010000000000000100000100000101010000010000000001000000000000000000010101000100000000000010001000001010011000000001001000000
0010100100000000100010010000000000100000000100000000001100000000011001001100110010000010000100000000010010100000000000000000100000100000000000000000000000010101000000000000000000001000001000001100000000000000000110101000110100000000100000100001011010
0010000010000000000000000000000000100000000010010000000010000010000001100000001000000000000000000000000000010000000000000000000100000100010000001000000000000000000000100000000001010100000000100000100110000100000000000100100010001000000000001101001000
0000010000000000000000000001001000000000100010000000000000010000000101000010000010100000000000000100000000001000000000010010101000001000001000000000110010000100100001000011000000000000010001000000000100000000010100000010011000100001100101001101000100
0010001000000100001000000000010100101000000000010000000000000100000001110000001001000000000010101100000001000100100001000000000001100001110000100010000000000001000000000011011000000000000000001010110000110010000010000001000000000000000001000000010001
0000000100100001001000000000000000100100001000000000000110011010010000001000000000001001100000000000000000001001001000010110000100010100100100000010000101000010000010000010101010000000000010000011100000000000000000000000000000100010000010000001100000
1001000000000000010000001000100000000101101000000101000000100100000000000000000100000000100000000010000011010000000000000000010000010000000000000011000000000001000001000000000001000010010001010100010000100010000001000100011000010000101000010001000000
0010010000100000000000000000000000100000010000000000000000010010000000010100000000010010000010000000100000000000000000000000011001100000010000010000100110000110000000000000010000000100011000100000000000000100000000000111001010000000010100101100000101
0000010001100010000100000000100000100001000000100010000001100000000000000100000011000000101000010000000001000000100101101000010001101100000000000000000000000001100111100000000000100010101000000001000001000000010000000001100000001010000100100001100110
0000010000001100000100000000000100000011000010000000110000001000000000010000010100000000100000100011000000000000000001000000000100010000000000100000001000100000110001000000000000001000001000001000000001001010001100100101000000010000000000010011000000
0000000000010000100000010000000011000100000100001000010000101000000000010000000100000000000000000101000000001000000100000100011000000001000100011010010001100000000000000000000001000000000000000000000000100000000010000101001001000100000000000000000000
0110000010000001001000000011000000000010000100000000001010110000010100000000010000000000011101000010010100000000000001000000000000000010000000000000100000001000000000000001010100100000010000000011000101100100000000001100000000100000001000000001000000
0000000000101001001110000100000000001000000000000000000000011010011000000100100000000000000101110000000001011001000000000011011000010100000000000110000010100000000000010010110010000000001000000010000000000100100100001001101101000000000000000100000001
0000000000100000101001000001000000000010000000000000010001000101100000001000000000000000000000000000000010000000000000000100011010010100000000010010000000000010000001000000000010000000000000000000000000100000010000001000000000001100001000001000000100
0000000001100101001011000000100100000000000000100000000001010000000000100000000110000000001001100000010100000000010000100010000001000000000000001000000000100000000000000000001000001000000000000000000000101001000000001101001100000000100000000001000001
0000001000000010000010000000010000010100000000010000000000000000000000010000011010000000010000000100000010000111001000000000000101000100001000100000001100000001000110101000000001010000000001000000010000100000100001000010000000000100000001000110000000
1000100000000100010010000101000000000001000000000000000100100000010000000001100000000000000001101111000000010110000000000011000000000000000000100000000101000000000000000101110000000101000001100000000011000010000000000000100000000001000000010000100010
0110000000110000000000000000001000000001010000000000100011000010000000100000101000000010000001100000000000000010000000000000000000010100000100011000000000000000000000001100100000010010000000000100000000000100110000000000100000010000000000000100000100
0000000000000000111001001000010111000000101001100010010000000000000000001010000000000110100000000000000100100010000000000000000101000010000000000010000000100001001000010000100000000000000100010010001000001010000110001000000001001100010100000001000010
0000010000000000101001000000000000000000000100001000100000110010010000000001000010001001000000001100000000000110001100001100000000000000000000010010000001100100100100000000010000000010100001000100000000100001000000000000000000010100000000100000001010
0001110000010100000000000110100000010000000010000000000100000000000000000010000010000001001000000001000100000100000000100000000010000000011010000100000001000000010000000000001100101100011000000000000000000000000010010001000010000000010001000001000101
0000000000000110000011010000000100100000000000010000000000101001011001100000000000010000000000000000000000000000000000100000100000000100100000000000000000000011000100100000000011001000101000000000000010000010001000000000100000001000000000000000011000
0000100100000001000000100001010000000000000000000000010101000000000011000000000001100000000100000011000000000000100000010001000000010100010100000010000000001010000000110010000000100100110000001010010000000100000100000110000100010101000000001100000000
1000000000101000100000000000010111000000000010010001001000001000110000010000001000000000000001000000000000000000010010000000000000100001000000010000000010000000001000010010101000000001000000010010100001101000100000000001011000100001000000000000000000
0100000000000000000010000000000000000000000001010000000000010100000000000001000000000000000000000000011000000000001000000000000001000000001000000000010001000000101100000001101001000011000001000000111000000000011010000001100000100000000100000111001000
1000010000010000010000010010101001000000000001000010000011000000000000000000000000000100000011000100000010000010000010001000000000000000000000000001001001010000010000000111010000000000000000000000100110100000000001000000000000100001000000000100000010
0000000001000000001000000000001100000010000000001000000000101100000000001000010000000000001000000011000000001000100000101100001100000100000101001001000001000000000000001000000000000010000010000000010100000011000010000000001001000100000000000011000000
1000011000000010001000000000000000000001100100000000000010000100000100100001000000000001001000000000010000001000000000000000001000000000011000000000001000100000000000100000001000010010000100001000000100000000000100001000110000010010001000000010000010
0100001001001000000000000010000000000000100000000010000000000101000110001010011100000001000000001000000000000001100000000011010000010010010000100001100000010001000010000001000000000000000000000000111000000000001000010000011000001010001011000000000111
0001000000100000000000000000000000000000001000011001001000001000000100000000000000001000001000001010000010010000000010000100000010010000000001010101010010100000010000000000000100001000000000000101100000011000001000000010010000000000000000000100000001
0010000100010000100010000000100000010000000001011010100001100001010000001110000001001000010000001000000100000110010100100001100000100011000100011000100000001000000000001100000000000010000000001011000100010111001100000000100001000100000000000000010000
0000011101101000010000001000000000000001100010110000001000011110000000001000000100001000000010000100000011000000100100100000000000001010000000001000010000000010010010000000100001000000000010010101001000000000100011000000101000000001000010000000001100
0000000001000001100000001011000010010000000000001001000000000000001100000000000000000010000100001000000000110010010101001001000011000000000000010000010000000000000010000000011000101001000100000000000100101000000010001010000010011000000000100001010000
0100000000010001000001000010000111110000000100001000000000000100000001000010000000100000011000000001000010000010000010000000000000000110000010000000000011101011001000001000000000000100001000000000110000001001000001100100010000000010000100000000000100
0000000000000100000100101100000011000000011010000000100010001000000010100000000010000000000000000100000001100100000000110000010010000000000000010000100111001000000000000000000001011000000000110001000000011000100101000000010010000001001010010000110000
1001000000000010000000000001101000100001000100011100000000000000101000000000000010000000100010101000010000000000000000110000000000101000010000000001000000000100100000000001010000000000101000001000100100001000100010100000000000011100000101010000000010
0000000000000100001000110000000010100000000100000010000000000000000000001000001001001001000001010010010110000100100000100000010101000010010110000010100000000100000000000010000011001000100001000000001001000000010001000010000001001001001100010000010001
0100001001000100000000000000011000000100100000000001010000010110000000000000000000000100101001100000010000000000001000001000000000000000100010000101110000000100010000100000000001000000000001001010000000000000000000011000001000000000001000000000100000
0000000100000000000000000000100001011000100000001000010000000000010000000000001000010000010000001000000000100000010000010010001011000000001000101000010000000001001000000010010010000000000100001000101001000000110010000010000000000101000000000000000010
0010000010010000000011000000000001000101000001100101000000000001100000100010000100001110000000010000010001010000000001001001000100000010101000100000100001000000010000000010000100000101000100000001100000000010000011100010000000000000001001000100000000
0000000000101100000000000010001001001010000100000000000100100100010000000100000001000101000000010000000001100000000001100001000000100110000101100001000000100110000010100000010000100000110000000000100000000100000000000000000110010011000000010000000100
0000000010001000001000000100000000110000000001000000000000000011000000000000000100100000011001011000000000000010000100000000000000000100000001000101000110000100000001010000010010100101100000000100000000000111000100000000010100000000011000000000000000
0001001010000000001000000000100000000010100000000000011000000000000000001000010000000101010000010001000010100000100000000001000000000001000000000001100100011010010010000101001000000001000000000000000000000000010100000000000001000000010000000110000000
0000100000000000000000100100000000000000001000000001001001000100011000100000000000100000000000000100101000000000000000100100001010000000000010000010001001100000000100000000000001000000000000100000100000000000000011001001101001000010000000000101110100
0110010010001000000000000000011000000000000000000000000000000000000000010100000000001010000100000100110010001000010100000000000000000000000001000000100000000000000101000000000000001001010000100000001000000000001000001000110000000010010110100010000000
1100000000001000000000100000000000101101100000100000010010000100000101100000000100000000000111000001000010100011000110000001000100000000010010000000000111000001000010000000000000010001000100100000010000010100000000000000110000000000000000000000011000
1001000000000000000100010000000010000011000000000100000110001010100110010001011010101000100000100000000010000000100010000000010101011011000010000000000111001000000000000000000001010010000000000100000010000000100000001000000000000000011101000000000010
0100000000001000100001010100000000001000100000000010000000000010000010000000000000000000011000001000000110100001100000000000001000000000000000000000000001100000000010000000100000000000000100001001100000000100010011000001000000000100000110000010100100
1100000100000000010100000000000100100010000000000000000000000000101000000010011100001000000100100010000000000001000000010010010100000011010010010010000000000000010101100000010001000100000100011010100000000000000100010000000100000001001011000100010100
0000000000000000001000000000000000000000000000000100001010000001000010010000010100100000010110000010001001000011000000010000000001000010000000000000000000000100001000000000000100000000011000000000100000000000000010001001011000000000000010000000000000
0000000000000100000000001001000100100000100000010000000000000010000001000001000000100000000001000100000100011000000000000000110100000001000100001010100001000000010100000000010000000100100011010110010000000001011000000000000000000000000000000000010101
0100111001010000000000000000000010000100100000111101000100000010000000100000000000111000110000100000000010000100000000000000000100000000001010010000101101000001001000011000010110011001000000010011100000000000000011100100011100011000000000001000001001
0000000100010000000000010001010000100000100000000000001000011000100001100100001000000100000000001000001001100000010001010000000000000001001000010000100110010001000000000000000010010000000000010010000000001100000000001000010000000000010000000000000000
0100000010000000000000000001010000000000000100000010000000000110000010010000000000000000000000000001010000000010000000000000000000000101000001000000000000010000000000110000000000100000000001100100000000000001000000001000000101000110100001010000100000
0000000000000100000000000000000000000010010101000000000001000000000000001000000001000000001000000001001010001001000000000000000000000000010000010000001000000000000000100110000000110001000000000001100000000000000000000000101000101000000000000010000010
0010010100010010100010010000000000000000010000011011000000100000000001000000100000001011001000000010000100000000000000000000000000000000010000000111000000000100100101000000000000010001000000001010000000000001000000010010000000000010100000000110010000
0000000000000000000000000000000000000000100000101000000000000011100000000000000000101000000000000000100100111010000100010010000000001000010111000010000010000110001000000000010000000000000000000000000000000000000011001000000010000000000000010011101100
1000000000011010001000010010010001010000000000000110000000010000000001000000000000000000000001000000000010010000010100000010101001000100000100001000001000110100100001000000011000000000000000101010000000000101100100001100010100000000000001000000000000
0000000000000001000000000100000000000000010000000000001000001100000000000000000000000100101000100000010000101000001000000000000010000000000000000110000011011000001001000011100000000000010000011000010000010000000000001010000001110000000000000000000000
0001010001010000100000001000000000000000010001000000000000000000010000001000010000100000000000010000000100100000010001000100111101001000001000000000010000000000010001000000110000000110001000001000000000000000110101001000000000001000010000010001100000
0000000000000000110010000011101000000010000100000010111101100000000000000000000000000010000000000000100010000000000000101000000000000011000000000000000000001100000000000000100000000000000000010001011000010000000000100100011000010000010000010000010000
1000001000001000010000000000011000011010010000001000000110100000001000001000000000000000100101000011000000100000010100010000000000010000000000010000100000000010000001100010000001000000000010000010001010000000000000000000101010000000000010010000011000
0000000010001000000100000000010000001000000000110000010100001000010000000010000000001011001000010000100000000000000100000000000000000010010100000000101000000000000000000001000100000000100011001000000000000010010000000100000000000011000000000101100010
0000000000000100001000010000001000000001000000000000010100000001001101000000000000100010000010000001010000000000000000000000000000000000000000000001000100100000001000000000110000010000100000100000001100001000000011000000000000000000000100000000000000
0010000000001010000000000000100100010001010010100000111010001000000010010000000000000000001000110000000000001001000100100000010001000000000000000000101000011100000000000000000000000010000001000010100000000010111001000000000000100100000000000101000100
0001100110000001000000001011000000001000000010100010000010001000000010001000100000101010000000000011000001101110000000000100010100000100000000110000000100100100100000001000000010001000000000000000010010100100001001010010000000001000000000000100000000
0001000000000000100000000010000000000100100010011000001011000100100001000000000110000000000000000001000100100000100000010000000011000010000000000000000000100010100000100001010010000000110000001000000010000000100000000010000000000100110000001100100010
1000000000100101000000011001000001000000100001000000100010010000000000000000000001100000000000010000101000100011000001000011000010010000100011010010010001000000000010110001000000000000000000000000100000000101000011000000001000000000001100000000100000
1000000000000000000000000001000000000100100101000000000100000000000000010010101010000000000100001100001000010010100000000011010000000000000000010100100000000000000000010000001010000000000000100010000010100001000000000000000011000000011001000000000000
1000000000000100000110000010000101000001010000000101000000100000000001000100000001111001010000001000010011000100000000001100000000000011000000100100000000001000000100000000000100000000010000100000000000100000000000010010001000010000000000001010000000
0000000000000011100100000010100111001000010000010100001001000100011001011100100000010000001000100010000000010000000101000100000101000110101000001100000001100001100010000001000010101000000000000000000000010100000000100000000101110110100000000000101110
1001110010000010000001010010000001000000000000000100000000100000000000001001010000000000000000001000000000010000000000000000000010000001000101000001000000000000001101001001010000000000101110001000000000000001000000100000100000001000000000000000000000
1000000000000001000000000000000001000100001110000000010100000000000010001000010000000001000010010100000000001000000000000000101100000000000000000100001000011001010100011000110000000100000010100000000101001000000101001010000000000011010011000100001010
0001000000000010000001010000000000001000000000100000000010000100000000000000000000001001000010000001000011000010001010000000000010000000000000000001000000010000000110100000000110000000000000000000000000000001001000100000001000101001000100000100000001
0000000000100001000110001000000001011001000100001000010100101000010000100010000000000110000000000000011000100000001000000000000000011000000010000000010011001100000111000000000000000000001000000001001000001100010000000000000000001000011011000000100000
0000000010000000000000010000100000000100100000000000000010001000000000000110100001010000000000000000100000000100000000000000000010000000000001101000010000010000001011000000000000000000000000000000001000010000100000100011000000000000100000100000000100
0000000000100001010000000000101000000001000010000001100000000000000101000100110000000001000000101001000001000100100001010000011001001000100100100000000100100000100000000000101000000011010100000001010110111001000100100000000000000000000001100111000000
1001000101000100000010011010001001001110110000000000000000010010000001110001001000010000100000010100000000000000001000001000000000000010100000100001000010000000010001000000000000000000000000000101000100100001101000000000010100000000010100100000000000
0010001000000000100010000001000000000101010001000000001000101011001100000000000000000001000011101010000010100000001000010010100110000000000010000000000000000110100100000100000000100000010000000001001000000100100001000010000100001000010000000010000011
0000000001010000010010000100100000000010001100001001000000000000000001100001001001000000000010100000000010100000000000001100000001000100110010010000000000001010000000000110001000000000000000000000000100100010000001100000100101010000000000000001001000
179 56
72 37
