250 250
0000000000100001010011010000000001001000100000100100000001100010011100000000001000110000000000100010100000000100001000001000000000000000100000001000000100001000100000001000000100000000000000010000010010001100001001000000000000000110100000010000001101
0000101000001000000000101010000010000001000000000000000000000010000000010011010110100000010000000000000000000000010000001001000000110000001000000010110000000010000000000010001010000000000001000010000000000000000000000000000001010000000010000000000000
0100010100110000010000010011000010000010001001000101000100000001000001100010110001000000000001010110000100000100010010000100001000000000001001000100001000000100001000000100101100000001000000000000101000000000010000000000000000000000000010010010001011
1001001000001000000000000011000010000001000000100010000100010000010000010011100000000001000000110000100100001010001000000010001000000000010010000000000001001000000000000001000010100100000100000000100010000000000001000000000001000100000000000000000011
0000001000010000000000000100000000000000000000000000000110000000100001000000010000000000000000011001000000000000010000000000110000001000000000000000110000000100011000010000100000000000000000100000000010100000000000000000100000001000000000000000010000
0000100000000100010100011001001000000000000010000000000000000010001000000000001000000000000000000000100000000001000000000000000100000000100000000001110100000000000000000000000111010000000001000000000001001001100001110011000000001000110010010001110000
0000000010000000000000100000000000000010001000000000010001010000000000000001000100000000000000000011000100001000000100000010010000000000010000010100010010000000010000001000010000001000010001000000000000000000000000010001000100000010000000010000010000
0000001000000000000010000000000000000100000000000100000000000000110010001100000000000010101000010000010100010001010000000000011000001000000000000000001000000000000000000010000101000000000110001100000100000110100000010100000000000100000101000010000000
0100000010000010000100100100000000000000001111001000000001000001100000000010100001001000010000001000001000100000000010000001000000000000001000000000000100000101001010000000110101101000000000000010000000001100010000010000000000000001000000100001000000
0000010000010000001000000100000101000000000000000000000000010000111000000010101011001100010000000000000001000000000000100000000000010000000000000001000000001000000000100010000010000001100110000001000000000000000000010001001000100000000000010000000010
0100001000010100110100100000000010001000010000000110000000000100000000010000000010001000010000000100000000101001000000001100100000000001000001001000000000010010100000000010000000000000001010010000000000100010000000001000000000000000101100001000000100
1000000000001101000100000100000001000000000000000010010110000000000000000001000100100100000000000010000000001000010010000000001000000000001001000101000000001010000000000010100001000000000000100000010000001000000000000010100001000001100000010100000000
0010000000000001100010000001010010001000110000000001000000000000000000001000100110000000000000101000000000001000000000100000010000000011101010100011001000000000010010001000111000010000000001000000000000101000010101000010100000110100011000100000000000
1000000000000000000000000000000000100001010000000100100010000000000000000010100000000000010001000000100001100100000010000001000001101100000000000001010000010000001001000000000100010000000000110100000101000000000010000001000010001001000000101101101000
0000000000000000000100100000101000000010001001011000000100010000001000000000001100001000000000010110000100000000100000000001100000100110000100000001000101001000000000000100100000000000000100101000100000010001000000000000000000010000000000000100010000
0000000100010000100000001100001000001001010000000010000000000100010000000000000010000000101001001000010000000000000100000010010001100100001100000000000001100010000000010000001000000000000000000000000000000010000000000001010000000000011000000100000000
0010100001000100011000011001100010000010000001000000100100110010100000000000000000000110010000010010100100000000000000010100000001000000000000000000010000101000001100000100000000000000000000000100010000000000010100000010101010000000001000000000010000
0000010001000000000000110010000000001000000001000100010000000000000100000100011001000001101000000001000000000000000000100010000000011100000000000000100011000000001100001001001000110000010001000000100010000000000000000010000010000000000001001000000000
1100000100001000001000001011100000101001000000011001001001010001010000000100000000000001000000010000000000000001000001000000100000000001000110000000001000000000000010001101100100100100000010000010000110100000000000000000001110100001001000000000001000
0010000000000000110000000000100000000000000000100100100010000101000010000001000001000000101000000110000000001000001001010010001000000000000001100000010101000001000010001010000010001100010001000110100000010000100000000000000000101000001000100000000100
0011001000000010010100000001000000000000001000010100000000010000001000000010000011000110000000000000001000010000000001101000001001000000000000011000000000000000001000000000000010100000000000000100000000010000000100000100000000000001000000000000001010
0000100000000000000000011000100000100000000010000000000010010000001000000000000000000000000000010110000010000001000110000000010000010001000010000000000000000000100100111000001000000000000000000000000000111010000000000000100000000110000000000110001000
1001000001100000000000000000000000010001000000100100000001011110000110000001000000000001000101000000100110001000000110001000101100001010100010100000001000001000011001000000110000000000100000001001100000000000000000100001000000000000011100100001000010
1100010100010001010110000100000000000001011100000000000100010000100001101010010000000001000000010000000100000100100000001000000000000000000000000100000100000000001100000000101000000001001000000000000000010010001001000000110000110000100000111001011100
0000011010111000001001010000000000010000010100001100100000001001101000000000100000000110110001000000000000100001000001001100000001100000000000100001000000100010001000001000001000100000010000000001000010010000100101000110110000000011001101010000000000
0000110000110000100000000000001000000000000100010010101000001100001011000010000010001000010010010100001000000000010000000000000100000000000010000001000000000000100101000100101100000000100110000000000010011000000010100000000000000000000000000000000000
0110010101000000000000000000001011010000000000000000000000100000001100000001110101000000000001100100001000100000000100000000001001000110000000000000000000000001000010000000000000000000000000001000001000001110000100000100000000000000000010010000100000
0111000001000000000000111101010000010000000100000100000000000101100110000000000000100000000000010000000000000000000000000000011000001100110100000100100000010000110000110010001001101000000010000101001000010000101110000001000000000000000100001010100000
1001010000010000000110000000000100000000000000000100010101000000000000000000000000001000000000000010000000100000000001010000000001000001101001000000000100010000000100000100000000000000000000000000011000010000000000001100000000000000000100110000100100
0000100000000000000000100000000010100010000100000000001000100100000000000010010001000000010000000110000000000001000001000011000000000000000100100011001000100001000000000001100001000000000000001000000000100000000100100100100100001101001000000100100010
0000010010010100000010000000001000000001000000000111001001100010100000000000000000101000000010000000000000001000000000100000000100000010000001000010110001000001000000000000000001011001000010001000101000010000000010000011010000100000100000000000000000
0100000011000010100000000000000001000000000000100001000000000000000001000000000000001000010100000000011000000000101000000000100001100000000000000000010000000000000000001000000000000001000101010000000000000000101000000001100100000100000100000010010000
1100010010100000000000000001000000010100000000000000000000010000010000000000100000010010000000000100000000010010000001100001000000000000000100000111100000001000010100100100000000000001000110110001000000000000010000100000010000000101000000001011000000
0010001000000101000000101000000001001100000000000000000100000010000000100000011000100100001000010010000000001010000000000000000000000110110000000000001010000110100000000000000000010000000000000000100001000000000000000000000100100100000100001100000000
0000010010000110000000000000000000000000001010100100000000000110001100000000010100000010110000000010010001000000000001000000010000000100000000001000000000000000010000010000001010000000000000000010100010000000000010000000000000101000011000000000110000
0010000000000000000001000000000001001000011000000000000000001101000000010000000000000000000000101000001000000000000001000001000100000000000010001000000000000000001000000001000000100000000000001000000000001001001000000000000100001000000000000000000010
0000001000111010000101000010011000000000000100000000000000000000000000000010010010001100001000000000000010001101101000000000001000000001001010000001000001000100000000000010000001000100001000000100001000000000000110011001000000000000000000000100000000
0001000000000000000000011000001010101000000000000000001000000000000000110000000000000000000000000100010000000000100100010100010100100100001000000110000000000001100110101100010100100001010001000100101010101001000000011000000001000000000010000000000101
0010010000001010000000110000011000100011100000011100000000100000100000000000001000000000000010000000000000000010000001001100010000000001000010000000100000000010100010000000000000001010100000000000000001000000001110000000100000000000100010000000100000
0100000100000110000001000010000000000100100000000010000000000001000000000000010000100100000100000001000000000000000001000001001001010000100000000100000000110000011000010010100000000000001000001000000100000000010000000010101000010010010100000100010110
0010010010001000000000100000000000000000000000010000110010000001101010000000100000000010000000000000001010000010000000000000000100101001010000000010001000000000000100000000001000000000010011000010000001010010011010000101110000000000000000000010110100
0010000001000001000000000000100100010000000000001000000001000000001001101000000000100110000000000110100000000001000000001000000000000000010000001000000001010010000010001011000000100000000000000001110001000000000100111001000000000001001001010000010000
1000000100010000000000100000010000010010001100000000010000001100001001101000000110010100000100000000100000000010000100100000000101000000000100010000000001000010110000000011000000010000011101000000000101000000000000000001001000000000010000000010000000
1000000110000010100000001001000000001011000001000001000000000100001000010001100000000100001000000010100101001000000000001000000001110011010010000001001101100011000000000000000001011000001000000000010100010000000000001011000000110010000000000000000000
0010000000001001100010000010001100000100001000000000000000000000000000000001000000000001000000100100000101001100010100000010000010000000000010000000000000001000000000000001000100001001000000100000000010000000000000010000000011100001101010101100100000
1000010000011100000000000000000001000000000010001000000010001010000010000001010111001000000000001000000010110000001001010010000010000010000000000000101000001000010000001000001000001000000110000010000100001100000100000010010000011001000000100000000000
0001000100000000100001000000000100100010101010000000000000000000010000000000001000001000000000100110000010000000000000000000001010000100000001011010000000001010000001000000100000010001000001100000000001000000000000000000000000000000001000011000000001
0000000010010010000000100000000101001000000000000100000000000000100001001001000000000000000000010000001100101000000000000000000010000000100000000001000000001011000100001000000100110100000100000001000010001010000011000100000000000001100000000000010010
1000000000000101100010010001000000000001000010000001000010000000100010000010100011100000001000011100000100100001000100000000000000100100000000110000000000000000100000000000001000010000011110100000010000100000100100001000000000100001000000001001000000
0100100000100101000001001001000000000110010000101000000100000000000000000000000000010000000000000000001000100000010000000000000010000110010000000100000000000000000000000000010100000000000010000011101000000100000001000001000010000000000100010000010000
1000000000000010000000100000000010001001000011100010000001001000000000000100100000000001000110000000000011000000000010010000000000010000000000000000000000000000001000010010000000001000010000010000111000000010000000000000010001000110000101000001000000
0010000000000001000000001000000000000110000000000000000011000000000000000000000000000010000000100010010000000100000100010100000000000000101000010000001001000010000100100000000000001000000000000110001000101000100010000001000000000000000011000000110001
1010000000000110100000001001000000000000001000000100000000100100000000100000100000000100000010000000010001000000101010000001000010010010000000000001000000010000100001000000011001000000100000000000100000000000010000000000101001001000000011000010000001
1100000000001010111000001000000000000101000101000000011000011100000010100011000101000001100000000011001010010010100001001010001000000000000010010000000000000000010000001010000000001011011000010000001000010000000000000001100000000000010010010000000000
0000000000010101000000010010000010000000000000000000000011000000000000000000001000001000010000000000100000000000000000000000100000000010010000000010000000100000011001000001010011010000000101000101101100100000101000011000010000000011010000000111001000
1000010010001000000011100000100000100100000001000001000010000000000000001000001001000001000000010100000000000010000000100000100110100000001000010000001000000000000110000000110000000110001000000000000010000001010000000000010010000010000010000000000000
0000110001000010000000010000000101000000010000001001000000000000000001000000000000010000100010000001000000000010000001101000000110000000010010101000000000000001110100000000000110000000010000000010001000011010000000000000000100000010000011000100000001
0100010100001010000000000001010000000000000010000010000010000000000100000000010011000000000001000100000000000010000011000001000000010000000001010000101000010010100000010100000000000000000000000000000000000000001000100110000101010001010000000000000000
0000000000000000100000000100000000000000000000101000000100100011000000000001000010000000000000000000000000000000001000100000000000001101000000000000100000000000100001100001110100000000000000001000001000000000001000000100000010011000010110010000000001
0000010000000010000110000000000001000001000000000000000110010000100000010110010000000110110000100000010000000100000000000000000000001000000000000000000000010010000000000010000000000000001001000001010000100000001001010000000000010000100001110100000000
0000000000000000011000000101010000000010110000000000000000000001000010100000011000000000000000010000001000010010000101010000000000000100011000000000001000000000110000000100000010100001000000100000011000100000000000000001000000000100000000010010001000
1010001000010000000001001011000000010000010000010000010011001000000001000010100000001001000010000010000000000000000000000000010000000001000000001000000010010000000100001001000000100101010001000000000000000000000000000010001000001000111000001001000001
1000110001110010000000000000000000010001000000000001000100000000001001000000000100001100000000001000000000000000001100100000001000000010000100010000100010100000000000000000000110101000001001000000100000000101000101000000001110100110001000110000000000
0000100111010000101000001010000010000001000000000001000000000110000000000000000010000000000000000000000000010010001000001000000001001010000000000110000100000000001010010001001000000100010000000000000000000000011100000000100000010000001000010000110001
0000100000010010000110000010001000100100000000110000000000000000000000000000001010000010000010001100000000000000000000000010001100001000001010000000000000010000001010000000000010001100000000000000100000000010001100110000100011000000000000010000000000
0100000000000001000010100001000010000100100000001001000000001100000000000010000001100001000000001000000000010110001000100100000000000000001000000000000101000110000001000000010000000011110001000010100010101000000000010100000000010001100001010000001001
0100001010000010000010010100000000000000000000000000010000000000000000000010010010000000100000100000000000000011000011000001010001000000001000000000000000000000001010000111001010000000000000011010100000000000000001000000100000100100000000000000000001
1100000000000010000000000000010100000000000000011000001110000000001010000000010111001000100000100001010101100001010000000101000000011001000001010000100000100000000000000110100000101000000010010000001000000000010000000000000000100000000011000010000100
0000000000000010100000010000010001100000000000000100000000010100001000111001100010000000000001000000000000000100001000010000010110000100000010000000011000000000010000000000000000000000010010001000000100000000000000000100010001001000000010000100101001
0000100100000000010001000010001000100010000010000001000100110000000000000000000000000000000000000100010000100100000000000100100000010000000000000010010001010011110100100100000000000000000000000000010000000000100000100000000001000000000000100000101100
0000000000000100011000000100101100000000010010000100000100000001000000100000000010000100010110000001000000001010000000110111000000001000010000010110011001000000000010000000000000100000000000010000010000000000000000010000000000000000000001010000011000
0000000000100000010000000000000000000010000000010110100000100000010100000000000000000100100000000000000000010000001100000010000010010001000001000010011000001100000100010000000000100000000000001001010101110000010000101000010100000011000000100000000011
0010000100100100000001000000000000000000000001010011000100000001000000001000000100100000100010100001000010000000100010000010000010100000110000000010100000000000100000010100010000000000001100000000000001000011000001010000010000000000001000100000010000
0000110000100001000100000000110100010000010010101000000001111000000010000000010000001000100001001000000000001100001001000001001000000000000000000000000000000000000000000001000010100000000000001001001010010000101000000010100000100000100000000000100010
0000001101101100000000000001000000010000101001001000000000001000000000100000000100110000000001000000000100000000000000001000000001100000000000100010000010000010011100010100010000001100000010000000000010000001000000000000000000000000001000000100000010
1000000100000000000000010010000000000000001000000000000000010000000000100000101000000010000001010000100000000000110000001000010001010010000001000000100110001000000000010100000011000000000001010000000000101010010000011100000100000000100000100100000000
0000000000000100000000000000000001000001100000000000000000000000000000000100000000110100100000000000001000000010000000010000001100000000000000000100000000000010000000000000001100100100000010000100000000000010100001001000000000100100000000000000000010
1100000000000000001000100000010000110000000000100010010000000000000001010010000000000000000100100010000101000000101000100010000000100000000101000001001000000000101010000000010000000100000100011010000000100000010000011000110000000000000010001000000000
0100100000000001010000000000010000000010010000000000010000000000000001001100001100000100000000000101000000000000000000000010000000000000001000000000000001000010000001001100001001001001001011000100000000000010100100001000000000010010001001011000000000
0000100001000000000010101000000000000000000100101110000100000010001000100010000000000000000000001001101100000000000110000101110000001000001000010000010100000000010000000000011010000000010000001000110000000001000000000000000010010000000100000000100101
0000000001000011000000101000000000000000000000100000001000001000000100010011000010000000000000100000000000001000000010001000000000000000000000000011000000010101000000010001000001010010000000000010000000000000001000100000101001000100001000000000000001
0111100001000001000110100000000010100000000000000000010000000100000000000000001000000011010000010000000000000000000000011000000000000001001000101000000000100000000100000010001001000010010000100000000100000000000000000100100010000001000001000010000000
0010000000000100010000010000000000000100010000010000000010000100000000001000001000001000000010100111000000000000000000000001000001000101100010100101000000000001010000010010001000001000000010000000000000100000000000000000100110001000000000000110000010
0010000001001000011000001000001000000000000100000000000010000010010000000000000001100000001000100001000011000101010101000010000100100001010000100000000000010100101000000000110000000001000100000000100000000000000001000100010000010000100000001100000000
0000110000010001000000000010010000010000000010010100000001100100000000100000000100101100000000000000000000100100000000000010001010001000000000000000000000000000100100110100000001100001010000000001000001111000010010000000000101000100000010000000010000
0000000000000000000010000010000000110000000000000100000000000000000000000000000010100001010000000100010000110011001000100010110000000000000000000000000110010000010001000001000000000000000010110011000100000000010010000000000000000000000001001000000001
0001001010000000100000000010010000001000010000000010000010000000000000000000000000000000001000000001000000010000010010010100010000000000000100000010010000000001000000100000000000000000000010000010010010000000000100100000000000000010001010010000000000
0000010001000100000000000000000000000000000011010011000000000000100000000001010000000000000100010000100000001000011110000100010001000010000001000000000100000000110000001010010000011001000000011000011010000000000100000000100010001000001000000000000100
1000000000100000000000010000101010001001000010101000010101000001001000000000010100100110010000000000001000100000011001000100100000100000000110100010000100000100001000000000000000000000000000000000010000010000000100000000000101000000000000000010000010
0001010110001001000000000000001000000001100000010000000000000000000001000011100000000001000000010100000000100000100001001000000100000000000000001000001000010000000011001000000000000010000000000000000000000000000000100001010000000001000010100001001000
0000000000100011000000100000000110000000010100000000000001000010000000000000000010001000000011110000000110000000000000000001000010010000111000000000000000000000100000100010000000000000000000000000000010000010000000000000110000000100000001000010000000
1000100100000100010100100000001000001101000000000000000100000000001000000001100000000000000000010000010000000000000000001000100001000101000011010000000010100000000010010000101001000000000011000010100010000000100000000000001001010000000000000000110001
0100010000010010000100000000000001100111100001010110001010000111000000001000000000010000100000000001000100010000000000000111000000000000010000000000010001100110010000000000000001000000000010010000000000100000100011000000101000001111000000000000001111
0000011000000000010010001000000000000010000000010010000010000000100000100001100000000000000000111000000000100000000000000000000001000000100000000010001000000000000001110000001001000001000011010000000010001001011000100000000000010000000000000100010000
0100001010000000010000000000000000000000001000000000000110000000000000000010010100000000001000010000000000001000000000100000000001000000000000000001000000010001010000000010000011101000000100100000000000011000000001010100000000000011001101001000000000
0000000000100000000000000000000100000000000010100110000000000000000000110000111011010000000000100000000000000100001000000000110000000100000010000000011000000000000000110100100001000000110000000001000001000010000011101010000100000000010010001100000010
0000000100000100000100000000000100100010000000100001000000000000010000101100000000000110000000000000000100000000010000000000100100100101100001000001000010010001000111100000010000000000100000001011100101000001010010000010100000100000000000000001000000
0000101001000110111010000100101000000000000000000000010010000001000010000000000000000010000000000010010000100000000000100010000000000100100000000000011100000001010000000000001000100010000010100001000000000100001010001100001000000000000010001000000000
0010000100001010001001000000100001000000001001000000010000000001011110000000000001010100000000000000000000000000000000000000100001110001000010000000000010001110000000000000001000000110000100000001000000110000100100110001010011000001000000100000010001
0000010010001101000001100000000000000001001100000000000010010101001100010000000000000000010000000000000000010010001001010001010001110000100000000000000000100000001000000000010000001010100000000100010000000000001000100000010000001100001000010001010111
0110001010000100000010000011000000010010000000000000101001000000000001000000010001000000001000101010011100000000110000000010001001000111001101000000010001001000011101010001000001000001100000100000100000000010000100000000000000010010000000010100010000
0000000000000000000010100000100000000011000100011101100000100000010000001000000000000000000100000000110000000000010000100000010000000100100001000101011000000000000000000010001010000000100001001000000001100000001000100000100000000000000000000000000000
0010100000001100000000001000010000000000000001001000011010100011001110000000000000000000000010001000000000110000010000000000000010000000100000100000011001000000000100000000000000101000100000000000000100000101000000010100010100010010000110001000100000
0000100110011000101000000000110000000000000000000000000100000000000000011010010000000100001000101000001000001000000000000100010110001000000000000000000000000000100010000010001000000001010001000000100010000001100000101000000000001000011010000000000100
0110001000100000010001011000000000100100000000000000000100000001000000001000000000000001100000001000100101000110000000000100000000010100000000010001010101000010000000000000000000100000010000000011000100001100000010101000010110000000010000000010010001
0000000000001000000100000010000010010010000000000100000001000000000100101000001000001000110000110100000000001000000000000000000000011101010011001000000010001000000001001000001000000000000000100000000000010000000010100001000000000011100001001000000000
0100000000010100100011000010000000010000000000010110000100100001101010001000001001000001000001000100100000000000100100000000100100000001100000010000001100100000100000100000000000011000110000000001000000000010000000001010010001010000000000010000001000
0000010000000001110000001011000111000000000000000000000000100100000000101100000000000000010000000100000000100101000010100000100001000000000000000000000000100000100000000000000000000110000000010001000000000010000000010000000100001000000000100000001000
0001000000000000000100000010100000000000111000000000000010001100001010001000000100000100000000000001110001110010010100010100001000010000000000000010000000000000010000000001000000010010100000000000000000010000101001000010100100010000101000100000110000
0010010000000000000011000000000000001000010000000000000001000110111000100000000110100000010000100000000000001000000100011000110000000000011001001011000101000100001100000000000000100010010000000000010100000010001001001100100000000000101000000001000101
0000101000001000000000000000000000100000000001001001000000000100000000010010010000000000010000000001011010000000000100000000100000000000001110100000000000000010001000000000001000101001000000001000000010110000000000110000000000000000000000000000000000
0010101001010000000000101000001000000001000000000000000010101000100000000000000000010110001000000001000010100010010000000000000000100111000010010100000101100000010000000100000000001001000000000000001100010100100001001000001000000011001010001010000000
0000000000100100000110000001000000001100000101000000100010000000010000000000100000000100000000000000101100000100010000000000010000000000010000100000001100010100000011110000011001000000001000000010001100000000010000000000100100000000101000000000000001
0001110100001000001110000100001000110000100100000110000000000100101000100000100000101000000100000000000010000001000100000001100110000000010001010000000001000100010000010110000001100101000001100000000100000000001000000110010000100010000000001000100001
0000000100000000100111010001000000000000000010100001000101010100000011000100001000000000001000010000000000001000100010100010000000000000000000000000000000000001010001000011000000000000001001011000101011010000000100000000010000010000000010000101000000
0100010001001100000011010000001100011000010001100000010010000000001001000000000000000000000011000000000000000000000000000010000100000000010011000001000100000000000000011010100011000000000001000011000010010010100000100001010100000010110001010000001101
0010000000000000010010000001011100100100000001000000000000000000000000000000101000000001000001001001100010000000000110000000001000000010000000001000100001000001000100100000001000100010001000000000101000000000000100010100000010000010101000101000001010
1010001000000000000000000000000000000000000000010000100000000101000000000000001100100110100000110010100010001000000001100011011100000010010000000000000000100100000000000010010000100000000000000010101101000010100100000001011111000011101010000000010100
1100000100000000000000001001001000001000010010000001000011000000000000000001010010001011000000100000000100000010000000000000000000000100000001000000000010000010010000000000000000000010010000000110001100010010000000000001000010000000000010000000000000
0000000000000100001000001000000000000000000000000000100000000000000010001000011000000000010000000000100010001010000000000000100000000100101001110000000000000001010000000001000000001100000000001000000000000000000000000110000001000000000000001001001000
1100000000000010000000110000000001001010000000000110000000000000000000100000000010000000000000000001000000000000110000000000000000010001000000000001000000000000001010010000000100110010000101000000001000100000000000010000001000001001000000000000000000
1010000101000000001000001000000010000110000010011000000000000100000000000000001000000010001000000000001110000010000000000100000010000000000001000000000010100000010001001001000000000001011000010000000000000000000000010100001100011000010000000100000000
1000001111000010000010001000100000010110001010010000110000001000000100000100000110010000000000100000010000000010100100101000000000000011000000000001001100110000110000010010101000010100000000000000001001010001000000000000011000010011000000000000000000
0001100010000000101000000000000000000101000000000011001001100000000010000000000000010011000000000000000100100000000001100000000000000000101100000000000000000000000000100000000000100000000100000000000000000000000000100100000000000000000000001000101001
0000000010000000000000000000001010010000000000000000100010010010110000010000000100000000000000000010010010000000100000100000100000010000010000001000000100000001000001000011000001101000010000000101000000100000100001010000000000000000000010000100000000
0100110000000000001000011000010000101011000000000001000100001100000000001100000010100111000000010010010000011000110010000000000100011000100001000000010001000000110010000101001001100000000000000001000100000010000000000100000000100000000000000000100011
0100100001000000000000000000000010000001000000000011000010000001000100000000101010001001101010100001000000000100000001000000001010000000010010000011001100010000000100000001000000001000000001001000000000001010001010000000010000100010010000000000001101
0001000000000000101111000001000100010000000000000000000000000010100000010100100010000000000000000000000010000000100010000000000000000001000000010000000000000000110001000000001000101000000110000000000001000000000000100001000000010010010100000000011000
1101000000000000010100000100000000000000000000001010100000000000000000000100010000010010000000100000001000000000100001000000000000010000000100000000000000000000000000000010000000000000001100000000010000001010000010000010000100000000000010000000010000
0000100000010010010110000100010001000101000100001000001010110000000000100100011000001000001100001000000110001000000110000100000000010100010000100000101001000000010100100000100000001000000011000000100000000000000000000000000000000000000000000001000000
0000000011010001000100000000100000000100000001000000000100100000110000000000000000001110000001000000000000000000010000010000000000000001100000110000000000000000100000000000011001010000000100011000001000000000011101110000000000000001001000010000001100
1000010001111100000010100010010000000000000000000000001000011010100010000000000000010001010001000010001000010000000000000000010010000001000010000000000010000100000001010000001100000011010001001001000000000000100010100000000000000010000000010000000000
0000000001000000011000000000001000001000000101000011000000010000010000010000010000000001100000001000000010000010000000110010000100000000000000100001000010000000010101100100000000001000000010000000000000001000000000010100001000000100000100100010100011
0010000000111000000000111000000010000001000000001010000010100000000000100000010000010110001000001001100010000100000000000000000000000010001000000000001100100010000000000000000010100100100000000000010000000000000000010000001010000000000001000000000011
0000000000010000001000001000000000001010000000000001000000101010100000100000010000000001100010101000000000000001000111001000001000010010000000000010000010100010000000000000001000001000000000000000110000000001010000000000000000000011000010001000010000
0010000000000110000010000000000000000100100000000001010000010100010000100000100000000000000010000001000000100100000001000000000100000000010000000001100000000000110100001000000000000000000000100000110010110011000000110000000000000100100011000000000000
0000000000000000000100000100000000010000000010010001001010000100110000010001000001000000000100000101010000100010100100100001001000010000000000000010000100000000001000000000000100100010000011000000100101010001000101000001100010000010000000000001000000
0000000000010000000101000100000000000000000001000110100000101000000000110000000000000100000100000001000001000000000110001010011010000100001000101000010000010000000000000000110000000000000011000000100010011100000000000110100011000000000000001000000000
0010001000001000000110111101000000000010000000101000000000000000000000010000000000001000011010000000000000100011000000000000000000000000100010100000000001001000000000000000001000000010000000000100000010000100000010000000000001010000000000000010100000
1000100000010000101000000000000010100000000001001000001100011000010001010000101100011001000000000010000000000000000001000000000000000000010000000000000000000000111100001100000001100000100100000100000000100001000000000000000000000000000000001001000010
0000000000000100000000000010001000010000010000100000001011100000000010011000101000000000100000000000110000001001010111010010001010000000000000100000100000001000010100000100100000000001000010000000000100000000010000000010111000000000000000010000000000
0000000000000000000000001000000010000000010010000100000001010010000101100011000000000000000000100101000010000110000000000000100010011000001100000100011000000100100000010000000000000100000010010100110000000100101000100000010100000000001000000100000000
0001000000000000000000100000100101100000000000001000100000001000001000000110010011001001010000101000000000000000000000000000010010011000000000000000110000000000100000100000100000000000000010010000000100000000000000000000000001010000110000000001000000
0000000000000000000000000000000001000000011000001010000000000100000100000000000000010011000000000000000000011000000000010000000100100000001000001000000000000000110001000010001000000000110001100000000101100001000000001000000010000000000000011000010000
0000001010000010101100000000010100000000100001000000000010100001100000010000100000000000000010000000101000000010110001001100100100110000000110001000001001100000000000001000000010101000000000010010001001100000000000010000100001000100000000000000000011
0000000000000001000010000110000011000000010100000000010010000000010001000001000010100000000000000000000000000000001001010000000001001000111000000010000001000010000001001001101000000001000000000010010010000010000000000011000001000000000000110001000000
0001000000010000000001000000010000000000010000000110000000010100000000000000010000000000001100000000000000010110010010100000100000000000000001011000000001000000100010000100000101000100001000000100010000100000100110000100000001000000000000001100100100
0001010000000000000000100000000000000000100000000000100010000010000100000101010010000000000011000000000100100000001000000000000101000001001100100000001000000000101000110000010001001000000001011001000000000100001000001010000001000001000000000000000000
0000101000000000101010000001011000000001000000001000110011010001000010000000000000000000000000101000001000000000000000000001000000000000000000010000000001011001100000000000000000000100110001000001100000001100000000000000000110100010100000000000100000
0101000000000100000000000000000100000001000000000101000000000010100010000000000100001001000000000100000100001001000000000100000000000100100000001000000010100000000000000000000000001001000000000001101000000000010000010011000000000100000001000000101000
0000000010100001100000000000000011001001100100000000000000100011011000010000000010000000000000010000000001000100100010000010001000001010000000010000000100000010000100000010000000100001011000000100110100000000000010000101000010100001100001000001100000
0010000000010001000011000001000100100010000000000000000001001010000000000000000000001000000001000000001000000100010001000001000000000000000100000000000000000000000001101000001001000000000000000010000000000101001000000000100100001100010001010000100000
1000000101000010000000100000000000000000001001000100101010010000101001000110000100000000011000000000001100010000000000010000000000000000000100100000000000000000000000001100000010000010010100000000100000000100000000000110000000000000001000010011000000
0100100000000000000000000100000101000000000000000101001010000000000000000100011000010000000000100000000000010000000000001000101000000001000001010000000010000000001100000100000100000011000100001000000000010010000000000000010000010010000000000100000000
0000101010000010101000001010001000010000011110000000000000000000100000100010001100000100001000000100000000000011000000000000001000000001000010000000000000010000000010000000000010001000100000001101000100000001000000000000000000001000010011000001110001
0000100001001000000000010111000010000100100000100100000010000001100000010001100000000010011010000000000011000000000001110100010000110000000001000010010000001110000001010000000010000000000000000010010001000001000000000100000000000000001001000000100010
0100100000000000010010001000000000000000000000000000000000000010000000001001010010100000010000000000100000000100100011100101100110100010000001101000000001110000001000000000110000100000000000000000001000000000010001100100010000000000000000010100000011
0010001000001000001000000000010000010000000000100100000010000011000000000000000000100000010000000000000000000000001000010100110110000000000000011000000010000100000000011000100011100000000000001000010010000001000000100001000000000000001110000001000000
0000110111000100001010010000000100000100000000000000100000000000000000001000100100000100000001010000100000000100001000000100000001000000001100000000010010000010000100011011000011000000000000001000000010000001001000000000000001001010011010000000000000
0000000001000000000110010110100011000100000010111100001101000000000001000000000000100000100001000011100000000000000000000000000000001000011000010000100001011000110100000000010000001101001001000010010000000000000001011100000000001000001100010000010000
0000100000000000001010000000001000010100000000100000001010000011010000001000000000010000010000000101001000100100000001001000001000010000000000101000000000100000000100000000100000000000010100000000000001000100000100000001000000001001110100000101000000
0010010001000000000000100010111000000001000000000100000000001000010000000000100000000010000001100000101000000110000100001000000100000010010000000000000100000100110000000110000000100000000000001000000100001000000000010000000000000010001011000010000000
0000000000000000100000010100000100000000000110001100001000000001000001010010011000001000000000000000100001000000000000100010001000000001001000001001000000001000000001100100000000000011000001001001000000000000001010010000000000000000010001000000000000
1100000100000001000000000100001000001001001010011010000000001000000100000100001000000001001010111000000000011000000100001000000000001000000100000100000100010000000000000010010000000000000000010000000000100100000000000001000000000000000000100000100000
0010111000000100000000010000000010010000001001001110000100001000000010000000000000000000101000000001000010000100000000000000010110000100000000000110000010000000010000010100100010000000000000000000000000010000100001000000000000100100000000000100100000
0000000001000000000100000000000010000000100000000011000000000000101001000000000000100001000100000000000000000000000000000000010100111000100000000000000000000010000001000000100100011100000000000000100010000010000101000000000000001010101011000100010000
1000000010000100000000000000000000001000010001100001001000101101010010100000000010001000000000000001001000001000000000110000000000000000100110000000000000000000001000000000000001001010000000010011101000000000100010000000010101000000100010000010000000
0100000000010000000000100000110000010001010000000011100000000100101000010101001000000000000000010000000000110010101100101000000000100011000000000000010100000000000000000101001101100010101000000100001000100001000000000000010000000000100000101000010010
0100100000000011000000011010000001010000100100010010101000001000000001011000000010100100000000010000000100000000001000000000000000001000000100000000010011000001000000000001001011000100000010000000000000010100000000000000000000010000010000000000100100
0100001010000000010111000010110000001000000000010000010000000110100001000000000000000000010000100000000000000000010000000001000000000000100000001010100001000000000000000000000000100001000100000000000100001000000000100000100110000110000000000000000000
0000010001000000011001010101010000001000010001100110111000000001001011000101101000000000001000000000100000000000000000000000000011010010010000100000001000100010000010000010000000000000000100011000010000000000000000000000010000110000100101010000000010
0001000000001000000101100000010000000000000000000000111001001000110001000000100000000001000010000000000001101100000000000000000000000000001000001000001001000000000000000000010000000000000100011011100100000100010000000000100000000000100000010000000010
0110000000000100000000000000010000001000001100000000000000001000000100000000000100000100000001000000100000010000000001000100000000000100000010000000100000000001000000010000001011000000101000000001010000000001011000000010001110100110000000000000000000
0001000001010100000100000000000001001000000001000000000000100000001001001000100000001000100000000100000000000000000000101000000000000000100000000011000000011010101000000011010000000001110000000000000000001110000000110000010000000000001100010000000000
0000000100000110100100000100000000000000000100010000001000000010000000000000000100000000001000101011000000000000100001100101000011000001000000001000000100000000100000010000100011000000000110001000001000000100000001010000000000000101100000000100001010
0000000100000000000000100000101000000000000010010000010000100010001000010010000010100000000000000000010010000101000010001000000000000000000000000000000010000000010000000010011101100000000001010011100011001000000010001010000000000000000001010010000000
1000010001000000000001110100100001001100000000000100010000010010000000000100000000000000001000101000010000000000010000110000000001000000000000000010000000101000000000000100000000000000000000001000101100000001010000000010000000000000000000001100110000
0010000000000110001000001000000000000000000001110000010000000000000000000000001000000000010000100000000000000000100011000000001000011000000010000000000000010001000000000100000011001100001100000001000000100001000100000000000000000000010000000000000000
0100010000101000000000000000100000100001000000100000000011000000000100000010000000000000010001000010000000000000000000000000010001001000010010000000000000001000000001000000000000000010010000100000001000000000000001010100000000000100000000110010001000
0000000001010000100000000010000000010010000000000000000000000000011000000000001010000000000010000000000000010000010000001000101000000000010100000001000100000000000100000000000000000010000000010010010000000000010000000100001110010010001000010011000101
0010000101000001000000000001100010000000010000000010000001000000000100000000100101000000100000000001011010000000000000000000000000000000000000000010100000000010100000000000010000000101100001110000001000100100100000000011001000100100100100000001000010
1101000000000000000001001000000001000001110000000000010000000001010000000000100000000010100110000010010010000000000000111000100010001000000001000100010000000100000010100010000000000010000011010001001000000000000011000000000000000000100000000000000100
1100000001011110000000001000000000000001000000000111001000000000001000000000100000000000010000000000000001010000000000001001100000000000000000101100000000000000100100000000001000001000100010000000000100000001000000000000100001110100000000000001000100
0000000000000000100000000000000001000000000000000100100000000000000000000000000000001001000101000001000100000000101000000000100000100000000100000000000101001100010000000011000101100000001000000101101010000000000100001011000000000000010001001000000010
0000001000010000000000010000010100101100000000000000000000001000000100001000011110000010001000001000000000000100011001000001000000000000011000001000000100010000010000001010001000001001101000001000100000000000000000110101000000000001000000000000001000
0000000000001000000000000010000000100000010010001101101001000100001000100010000001010000000000000001100000000000000000010000010000101000000001100100011000000111000001010000010001001000000000100100000000001000010100000000100000000000000000001101000110
1000100000000011000000000000010001001000010000000000000000000101011000000011000011010011010000100000001000000011000100100000001000011100000000001000001000000000000000010000000001000000001000001001001000010010100000010000000101000010000000001000000000
0000000000001000110000000000100110000010010101100001001100010000100000001110000000101000000000000000000000000000000000000000000000000000000001000000000000000010010000001000000110001100000000010100000000000000001000000000000000000000000001000001001000
0000000000001000000000000000010000000000000010001000000001001100000000000000001000010010000000000001000111100000100000000001000100000001000000000000000001000000000000010000100000000001000001000000000001000000000000000101100000010100000010000100000100
0100000100000001010000000001010000001000011000000100000000000000000110000101100000000111000011001000000000101100000000000000100000100000100000100010000000000000000000010000000010000000000100000000001001100100000001000010001100011001000011000000000000
0000000000100010001000000100000000101100000001000000001000001000010001000000000000100101010000000000000000001000000000000001001010000000100001000000001100000010000000000000000000001000000000100101000001101000000110100100001001000001000000000000110000
1000000000000000001000000011000100000000000000110000000000000001000001000000000100100000001000000101000000010000000110000000000100000001000100001000000000010001000010000100000000000000000000000001000000001010000000010000100000000000000001010001100010
0000100000000110010000000100000001001000000000010000000001000100000010011000000000000000100001000010000001000000010001000000010000001000110000000001000000100000010010000000000101001010101100000000000000100000101000001000000000010000000000000010110000
0000000000001010110100000001010000001000000000101000010100001000001000001001000000100010001000000000000101001010000100000100010010000000000000000100001001001100101100001000100000010011000011001000100000010000000010000000000100010010000000000000000000
0100000000100000100000001000000010001011000010000000010000000010101010001000000000000000000010011001000000000101010000001000000000000100001111000001010000000000100001000000010000000101010000000101011100000110000000000011100000101000100001000100000000
0000100000000010100000000010000000001000000000001100000100000000010000000100000000000000000000000010100001100001001000000001000010000000000000100000001001000100010010000100000000001000001000010000101000000000001000000011001000001000001000100000000000
0110000000000000100010110100000100000000000011000000000100000000001000001001000011000000100000000000010010000000000100000000000101111100000000001000001000001000000100000010100000100000100000000001100000000000001000100000001000000100100000100000000000
0000000000010000000000100100001000000001010000100000000001000011000000000101100000010000100000110000000011000000000001000010111000100001000000100000001000000000000000000000000000010010000000100000000010010000000000000000000001010000000000010000000000
0000000000100001001000000011000000000000000000000000000010000010000100000001010110001000000000000010000000001000010000000011000000011011000101000000101000010111000000000001000000000011100000000000000001000100101000000010000000100100000000000011000000
1100000000000001000000101000010001000000001000010001000000100000001001010110000000000011100000000000100000000100000001100100100000001000000100010000010001000000000010101110011000100000000000101000000000100000000000100101000000000000000000010000001000
0000000010000110001101000010000000010000100001000010000000100000010000000000000000001000011000000010000001010010000000010010001000101000000000010100000000100001000000100010011000000000000010000010000001000001000000000000001000000001000000000001000001
0000000000001000000001100100000000000100001011100101100000000000000000010000000100001000001000000000010100001000000000101000010000000100000000000101000000000001000010000000011100000000000000001000000001000000010000000110000001001000100000000010000100
0000000000000000000000000000000000101000000001001000001100100000100001000001000000000100000000010001110001100001000000000001000000000001000000000001000000000000101000000100010001000100000000000000010100010100100000100000011000000000000000001000001000
0011100010000101100000000001000010001010100000000001000011111000000000001100000000000000001000100010000000000100000000000000100000000000000000000000000000000000100001000010000010000010010000001001100000000010100010001000001001000100000000000000100100
0111100000000001010001001001000001000000000000010001000000101000001000010101010000000001010110000000000010000000001100000100100000100000011000000000000001000000000001010000000000000000100000001100000001000010000000010000000000000100000010000001000110
0001010000000000000000000000010000000100000000010100000000000000000000000001000000000000100000110000010000000001101000001000000100000001010000100000000101010100000000100001000000000010100000000010000100000001100000010000001000000010001000010100010000
0000000000000001010000000100000000000000000000100000100000000000010010001000000100000101010001010110000110000000000000000000000001000110000011000000000000000010100000100100110001110100000011001000001010001001000000000100100000000000001100001000001000
0000110100100000000000000110010000000000100000000100001000010001000000001000110001000010001010000000001001000000000000000100100100011000110000001000000000000001000000000000010000000000111001000000000010100000010000000000101001000000000000000000000100
1000000000000000001000000000000101100000000000100000001000000000001000001000000000000001010000000000100010000010000000001000000001100100000000000000001000001000000100000100010000010000000000110110001000000010000000000000000000000000000001100100000000
0000001000000100000000000000001010000010000000001001010001110000100000000000101000000101010000000000000000000010010000100010000010100000000000010000001000000100001000000000000010001010000000000100000000000000000000000010010000100000000001000000000010
0100011000000001000000001110000001010000010000000000010101010000010010001100110111000001001010001010000000000000000000000010001110000000000000000000000000100100000000010001000010101000101010001000000001000000100000001010000000000000010000000001101101
0000001000000001001000000001000100001000000000001001000010000001010000000000000000000000101000011000100000010000000000000001001100000000010000000001000000000001100000101101000101000010000000000000100010000000000011000000111000100010000000000000000010
0011001000001000001000000000011000000111011000001000000000010001110100000000000000000000000000001000000000010001000100000100010000000000000000000000000000010000001001010010010000001000010000000000000000000000000100001001101100001010001100001010000100
0000100001001010000010000000000000000010000000001001000000000000010100000001100100000101011000010010000000000000000100000010100000010010010000000000010000000000000000000000010010100100000000100000010000000000000001100000010000000000101000000001001000
0000000000100000010100000001000000010000000000000010000010000000000000000000000000000000000000000100000000000000000000000010100100000000000001001000000010000000001000000000101000010000000000000000000010010001001010000000100000000001010010001000000000
0000100000001000110000000000001000000001000110000100000000000010000000000001000100010000000000000000000110000011000000000100001000000000010000100000100000010010000000000001000000000000100001000010000100100010000011000000000011000000100101001011001000
1000000000100000010000001000100000000010000000000000000010000000000000000000010000000000000000000001010000000000001101100100010010101000000000000000001000000010000000001010010000000000000010000100100100100010000000000001101000000101000000000000100100
0010000000000000000100010100000000000000000000001001001000000100100001001001000000000001010000100101100000000000000010001000000001000000000001000100000000000000001001000001100000001000000010000000000000000001000001000010000100000000000000000100000000
1000101100000001011000000110011100100000000000000000001100000000000000000010000001100000001100000000001000000010100000000000000010110000000000000000011000000010000010001000010100100000010100000001100100000001000110000001000000001000010100000000000001
1000000000000010100010000000000001001001000001001010101000001010000000000001100000100000000010000000000000000000010000101011010000010000010000000000011000000000100000000010000001001010000000000010010101001011000000010000010000001000000010000000000000
0000000000000000000000001010111000000000000111000100000010010000010000000000010000100010001101010011101010101000001000000001100000011000001001000010000000000000000111110001000000000101111000000000010000001001000100001000000001000100100001000000100000
0010010000000000000000100000001000100000110010000000000000000001000000000000000001001000000000000010001000000000001000000000000000000000000010100000100000000101100000000000000000010000000000110100011001000000000000001000000000000000001010000000100000
0010000001000110000000000000000000000010011000001000110000000000010000000101000000000100011000000000000000001000101000000110001000000000000000000110000000000000000001000000000100010010000000010010000110000010000000000001000000000000000111000000000000
0000010000011000001001000000001000000000110100100000000010100101010101010010000000100101000100000001010000000000010000000000000100000000000000000011100000010100000000000000100010010110000110010000000100100001000001000000000000000000010111000100001001
0000000000000000100001000000000000000000000111000000000000000000100100000100000001000000000000101000001000000000000001000000000000000000000000101100010000000000001001000010000000000000001000000000000000010000100100000010000000010000001000000010010010
0110100000001010100000100011010001000000000000000100101100010100000010000000000010000000000100000010100001101010000000000001000101000100000000000000000001000001000010000100000000010000000000000000100001000000000100000010010000000000000000000000000000
0000000000001000000000100100000000000000010000010001001100010000000001010000000100000000000000000001000010101000000000000001010001000000000000000100000000000100000000010010001000101000001100000000001100001000001000000001000000000000000001100100000101
1000000000011000000001000000000000001011000000000001000000100000000000011001000001100000001000000000000100000000100000001100001000000000000000000000001101000000000000000000000000000001000000000000000000000000001000100000000000011110000000000000000100
0000010000000000100000000000000011000000000000000010000000000001001000000000000000000001000000001000100000000000000100000000100001000000000000000000000101000000100000100000000100000000100000000000011000010001100010100000001000010111001011101001000100
0000000010000000000100001000000000000100000001101100000000100000000000000000000000011000100010100010100000000000000000010010000001000010000000100000010000000000100001001000000100100100000101000100001000000011000000000000001000100010000000000010100000
0000100000100000001000000000000000100000000000000000000000010001101000000000000010010110110000000000101000100001000000100000000001001000001000000001010000000000000000001110000000000000000100001000010001100000001000100001000000000100000100001001000001
0100001001000100000000000000010000001100000000000011100001001000000000010001000111000010000011000000000000001010110010000000000000010100001100000001000000001000000000000010000000100000000000010000000010000101000100000000000000000101000010001010100010
0000000001000110001111000100000000000010010100000010010000100100100100010100000000000000000000010000000000000000000000010000000000000000000010000000001010000000000000001000000000000000100010100000000110000000000000000101000000000000000100000011000000
0000000000000000000010001100100000000010000000100000000000000101000000000000000000101001100000010000000000000000000100000000010000000100000000001001000000000010000011010100000000000000000000001000000000010001001000000000000000001101000001000000000100
0010000001000000100100000010000010101000000000011000110000000100010100000000000100000000000010000000000100001000000001000100000000001000010000100010110001000000110000001000101000000000001000010010001100001010110101000000000000000000100100100010000000
0000000000001001101001000000000001100001001000010000010000000100000000011000000101000001000000100000100010000000000000000000000001000000000000000000010100001000010010010000100000000000000000100000000000010110000000000010000000010010000000100000110111
0010000000000010000000001101100001001000000110001000001000011000001101000000000000000010011000010000000000000000000000010000000000100010000000000100010000000000101010001011001000000000000001110001100000010000000000000000010000000000000000000000000001
0000000010000000100000000010010000000000000000000001010100000000110000000000100000001000011110100001000001010000100000000001000100100000000100000000110001000000000000100100001001001000100001000010001000000000101000000000000000000000000000000100001000
0000000010101000001000001000100001000010000000000010000100000000000000000000000010000000001001000100100001000100010101000000000000000000000001000011000010000010011000110001010101010000001000000100000000100000000000000000000000000000101000000101100000
0100000100010000100011000011010110000001000000010110000000011000000000000000000000000000000000000000000000000100000101011000100101000000000000000010010001001000000010000000000000110000100000001010000000000000100100000000000000000011101001000100000000
0000000000001100000110000000000000100001000010000000001001000000000001100110100100001001000001101000000101010100010000001010000010000010001010100000000000011000000000010000101000000100000010001010000000001000100000100000000000101000000100000100000001
0010000000100100010000100000000100000000100000100010100001010010000100000101000100000000100101001010100000000000000100010010110000000000100000100100000001110100010000010000010010000010000100000000000000011000000001000000000000000100000010000000010000
1000000000000011000100000000000000000000000000001000010001110010100000000000000010000010000010001000001000000100010000000010000100000010000000000010000100000001000101000000000000000000000000100000000000100001000000000000000100001000000000010000101000
0000010100000000000000010100000001100000000000000000001000000010000000000010000010000100001001000000010000100100000001010001000001000001000000000000000001000000000000000000000000000000000000100110000000000000000001000100000000000000000011100010000000
0000000011000110000000010000000111000100000000000000000110110001000000001001010000100000010000010000000001001000000100000100000000010001000000000011000000000000000001010000011100100000000000010000001100000101100000000010000000000000000000000000010110
0000100000001000001100100001000110110010011000100100000001100000010100101001010110001110000001100000000100000001001010000000001000000000001000000000000000100000001101100010000000100001010000100000000000000000010000000000001000010000001000000101100010
0100000000000010001100000010001000010000000000000000000000001001101001000000000000000000000000000000000000010000000000000000000000010000110001000001100000000000010000000000001010000100000000000000000000000100000000000100000100010000000010000000010000
0000001000100000010100001000000100000000000000011011001000000000000000000000000000000000010001100000100010000000000000000000100000000010000001000001000000000110000000010000010000000000001000000000000100000000000000000000001001000000000001100000000000
0111001000000000000010000000001000100000010100000000000000010000000010101000000000100001110100000000001000001001010100000000010010000000000000001000101000000000011000000010100000000000000001010000000101000000010000000100000100000000000100000100000100
1001000001000000100110000110000101000001011111000000010000100100000000001000000101100000101000000100000000000000000110000000000011100000001000000010100000001010000000100100000000000001000000000000000010010010110001000001000100000001101000001000100000
102 247
83 138
