250 250
1010000000000001000001000001000001000000011110010000000010000000010100010000001101000000001000000010010010000101000000000000000110000100100010000100000000000000000000000000010000000000000000000000000011010001001000000000000000001000000010001000010000
0000001000000001000000000000010000100101000010010000000010001000000000100011000001000100000000001000001000010100000000001010110000010000001100001010000000000000100100010100010010000000100001000010000000000000100100100000010000111000000001000000000000
0001001100000010110011110000000101000000000000010000001001010001000000000110010000001100010000010000000111000001000000011111000000000001100001000100100001000011000001010000000000010100010000000000000000001000011000000000100100000000000000000001001000
0000010001101001000001000100000000000001000000011000000000000000000000000000100000100001100100010010010010000011010101101000000010000100000000100010000001000100000010000100100010010001001000000100000000100100001000010000000010001000000001000001000000
1000000001000101010100010100000010000000100000100000000000000001000000000000000000000001000001010000000000011000000100001000000001010100000000000000000000011000000100001001100000001011001000000000000000000000000100100000000001000000001100000001000000
0000000000000000000000100000100000000000000000010110000001000000010000110000000000101000011000010011000000001000000100000000000100110000000110000000100010000110000001110010010000001110000100100100000000001000000110000000000001000001000000000001000100
0000000010000100100000011000011001000001001000100000000000010000000000000000001100000000010001000001000000000010000000000000000010001000000000101000000000010100010100000101000000010000000100000000000010000000000001001011000010000000000000100001000010
0000000000000001000000000000000000000000000000000000100000000000000001000000100100000000000011000100100000000010000010001000000010001000110001010000100000000000100000000000000000100000000010001000000000000000100000000100100001001010000010010000000011
0010000000100000010000000000000100000000100100100010000010000000000000000000000001000001000000000000000000000000100000000000000010000000000000001010000001000000000000001000001000100000011100000001000000001001010010001000000100000100001000000000100000
0000000101000000000000100000000000000001000000100100000000010010010011000111001000000000001001100010000010100000000000000000000000101000000000000000000100000010000000000010000000000000000000101001010001000000000000000000000000000110000000001000010100
1100011001000000000000000000000000100000100000001100100000100010000000001000001010000000000000000001000000001000000000000010010101100000001001011010001001000010001000100100000000000100001001010010000100101011000001000000000000001000100100000001000000
0000100000000001000010000000000000000000100000000000010000001101010010001000000010011010000000100000000000010000000100000000000000000100000100000001000001000001000000000000000000000000000001000010000000000100001101000000000000000000000000111000100000
0001000000000000100000000000000100000000010010101001000000000000100000100000000000000000000010010001010000001000101001010000011000111000100010000100000100000010010000001001000000001010010010000000000001000011010000000000101000000000010010000000000000
0010000010100000000000001000000000001000000000000001000000010000000001000010100000010000000000000000001000000000000101000110000000000000010000000101010000000011000001010010000000101000110010000100001000011100000000000000000000001000011000000001000000
0000110000010010000001001000001000010100000000000100000000000000000100000000000011100000100000000010101000000000001000000010001000000000101000000000000000000000000000101100100101011001010001000000110010010000000010000010001010000000001000010000100000
0000001000000100000001000100000001001001000001000100100000100000000100000000000000000100000000001010100010010100100000001000000000000000011000000000100000000000010110000000000010001100000000000000010000000100000000000000000000001000000101000100001100
0000000100010000000011001000000000010000000000000000000000000100000000001000000000100110000000000000010000100000100000100001010011000000011000000000000000010001000010010000000001001010000000100000000000000000000100101000000001000101110010000000000000
0100000000000100100000001001000100000000000001010000011000101000000001000000000000000001000000000000010000000000000000010000010000010000000000000000000000000100001100110010000000000010000000001000110001001000101001000000100000010001001000010000000000
0000001001100000000001100000110001100001000000000000010000000010001000000000100010110000000100010010000000000000000100001010000000000000000000000000000010000000000000000000100000000100010000000000000000110000101110000000100111001100001000000000000000
0001101000010100000000000100100100101000011001000000000001100101000000000001000100010000000100100000000001100010000100000000010000000111000000001001101000001100000001000001001010000100100000000011000000010000000001000110101000100000000000111100010010
0000000000000000000000000010010100010000100100010000001000001001000010100000110001000100000000000000000000001000000000010000100101000000000000110001111000001000001000000001000000110000000000000010000100001000110100100000000100000000000110000000100000
0100000010100000100000100000110000100000000000000000001001010000000000111001000101000011000000010001001001000000110000100010000000000000000000001000010100000001100110111000000001000000000101000000100110000011000100000000000000100000000000000010011001
0000000001000000010000000000100000000000000000010000100000000000000010000000001000000100000000000000001000000000010000000000000010100100000000000100000001001000000100000100100001000010000000000100010110000000110000000001000000010010100000101010000000
0001101000000000000110000101100000000000100101000000000001000010000000001001100000100001000001000000000000000000000000001000001000010010010100010000011001101010001000010000001000000010000000010000100000100100000010000100000000001000000010000000000100
0100000000000000100000000100000000001000000110011000000110000000000000000000010100000101010010000001000110000010000010011000100000000000100000100001110000000010001000101000100000011000000000010000000010000000001010000000000000000000000000100000000001
1100000000000010000110100000000000000000000001000010000011000000001001101001000000100001000000000000011000101101000101010001000000000101000000000000001001000000000000100000000001010101000000010000000000010000010101100000000000000010000000101000100010
1001000100100000100010000010000000000000100000100100000000000000000000000000000001000000010000000000001001101001100000000001000000010100000000010100000010000010000000000000010100000000000000000000001000110010101000100000000000001001000001000100000000
0100000010000000001000000100000000000010000000011001100000000001000000000000010000000101000000000010001000000000011100000001010000001000000000000000000000000000100010010000000000100000000000010010000001000011100000000000000101000000001100000000000011
1110000000000000000001000000010001000001100100000000000010000010100001000000100000000001000001000000000010000000001010000000000000000001000000000001000001000000000001001011000000000000000000000010100000001001000000100000000100000010100000000001000000
0010010100111100000000000100001000000000100000101010000010001000010110000000001001000101100000000000000000000010000000000000010010000100000100001010110001000000000111100010001100010101000000000001000010110010001010000000100100000000000100001000110000
0100000000000011000100000010000100000100100000100000000000000010000000100100000000001011000000110000000000000100000000010010001000000000000000000000000001000000000000001000000000000000001100001000100000000000000010000010000000000000001000111000000000
0000000000001101000000001000000000000000000100100000000001100000000000000000000000010010000010000100000000011101010000000010000100000000000000011010000001110000000101001100000000000000000010010000000000001011000100000101000000000000000000000110000000
0000011000000100011000001000000000000110000100000000000000010010000100010100100000000000100000000000000010000110000100001000010000000000001100100000100000101000000000000010000000001000000010001000001000000000100000001000001000000000000000000000000001
0000000100000001110000000010010010100000000001010000000000000000010100000100000001000011000000001000010000010001001000000000100000010000000000000011000000001000000000000000000111010000000000001001100100001000000000001000000110000000001000000010000100
0000000000011011000010000100000100010100101000000000010001000000000100010000000000010001000000000010000000010001000000000000000000000000000001100000010000000000000000000010001000000000000000000001000000000000000001000000000000110010100000000010010010
0100000000000000010000010000000000000010100001000000000000100010001010010000000001100001000000000000000001011000000010000000000000010001010010001001100001010000000100010000000000000000110000001101000000010000010000000010100100000000000001000000100000
0000001000000010000000000000101000110100000000001000000010100110000000001000000010010000000000010000000000010000100100010010000000000100110000000100000010000000000000110000011000010001000000011000001010001000000000000110001000000001100000000011000010
0000001000011000010101100000000010000001010001000010000001110010010000010110001000001000001000000000010000000000010000010000001000001110001001000001000000000000000000000010010010010100000000010100001000000010001000000000010100000100100100000000001001
0000000000000010000000100000100010000000000000101010010010010000000101001100101000000110100000000000000000100100000000000000001000010000101000000000000001000100001000100000001000001000001000000001001000100000001000100001100000000100000000000000000000
0100010000010001000100001000000100100000000000000000000001000000100000000100010100100000000000001000000000000000000000000000000001010010110001000000000110000000100010101101001010101000000100001010000000000001000000010000000000000000000001100001000000
0000000000000100110010000100000100100100000000000000000010000000000000000000010000010000010001000010010000000011011000100100001000000000000001000010000000001000000010000000000000010000100000100000000010000011000000000100010001000010000001001000000000
0001000100000010100000000000001010001000000000000100000000010100100000010011000110000000000000000000001100000001000000010000010000001000001000100100001100000000000000010000000100010101000000000000000001000000100110100000000000000000000000100000000100
0000010000000000010010010110001000000010000001000011100100000000000001110000000100000001100000000010000000011000101000010000000010000000000000010100000010000010010010000000000001000010001000000000101000001001010010000011000000110000010000100001000000
0011000000100011000000000110101100000000000001001010000010000000000001000001000000000000000101000000000010000100000000010000000001000100000100000100100000001010000000001000010101000000010010000100000000000000010001000010000000010000000000001000000010
0100100010001000000101000000000100110110001000010001000000000000000001000000010000011000000100000000010000000010000000000001011000001010000000100000100000001111010000100000010011010100000001001000010000000000000100001000010000010000000010000010000000
0000000000000000000001000000100001100000000001000100000100000010000001000000000010000000000000001110001001000000000010000000000010001100011100100010100000100000000000000000000010000000000000010000010010010110000010001000000001000000100000000000000000
1000000001100010000000001000100000001000010001000100000000001010000000000100000000101000001100100100100000000000100000001100100000011110000010000000000000000010001000000000000000010000100001001000001001000001010000000001000000101000000011000000000100
0110100101010000000000000000010000000001000000111010000100000000010100000000000010100000000101001000010001001000000001001000110000100000010001000010000000000001000110000010010010000000000100000110010100010100000001001000000000010100000010000000001000
0000110000001000011000000000000000000000001100000011000010000011000000010100000000000001001001000010000101000101000001001000000011000000000001001000001000100000000000011000000111000000000000000000001001000000001001001110010001100010010001000000000000
0101000000000000000000000000100000000000010000110110000010000000100000000000000010010000010000000000001111000000000000000011001001000010000000100010010000000100000000000100010000100000000000100000001100010000001000100000000111000100010100000000001000
0000000010000000001000001101000000110000000010000000001000000101000000101000000001000000000100100000000000100010101000000000000000001000000000000100100000000010000000000100111000001000100001000000000100000000010100000100010000000100000000000000001000
0000000100000000100000000001000000100010000000010000000000000000001000110111001001010001000000000101000101000000001001000001000000001000010000001000000000001000000010000000000000000000000100000001000000001001011000000000110000010100000000000001100000
0001000100100001000100000000000000000100000001000000000000000000001000000010000110100010100000000000000001000001100010100000100000000001000001000000000000100011100010001100000000000000100000000000000010100001101000100110000000001010010000000000001000
0000000010000001010000000001100101100100000000000000001000000000000010001011110001000000000000000000101000000100000000110100000000000010000101010110001000000010000000000100000000000110000100000000000000000000010000100010000001100001000000000000000001
0000001001000000000100010000000000000000010011000000000010000011000011110010000010011000111000111000001000000000001000000100000001000010000000000100000000000000000100000000000000100100000010000000100001001000000000101000000000000000000000001000000010
0000000000000000000000000000000000101011001010001110000000000000110100010010000011000000000001000100100000000000000100000000001000001000010010000000100000000000000010000000000000010000001011011000001000000000010000000000001100101001001100100010000010
0000000000100000000000100010010010000000100000000000000110000000100110001000101000000001000000000000000000000011000000000000000100001000000000000001000101000101000000000000001001001100000000000001000000000000010000000000000000000100000001000000000010
0000101000100000000001000100000000010000000000010011010000100000010000100101000000001000000000000000100000000000000001000000110000000000001000000000101010000000001000000000000000010000001000000000000100000000000010000001000000000101000110001100101000
0000011000010100000000100000001000000000010101000000010001000000100000000000000100000000101000000000000000000000000010001000000010000010000011000000000001010000000011000000100000000000010000011000101000001000010100000010100111000010000000000000001001
1100000101000000100010000000000000000000000000000000001000000011000000000000100000000000000001001000101010000100000100010100010110000000100000000000000001000010000100010010001000000000000000000010000011000000000000000000000101010000100001100000000001
0010100000000000000000100000010000000000010100000000000010000000100000100001001001000000000010000000000000000100000000000000001000000000001001000010000001000000000000000000010000000001000000000000000000000000010001000000000101000100000001000000000000
0010000000000000110100000000001000011000000000000000000000010000000000000100000100000000100001000010001100000000010010000001000000000000000010001000000000000000000000000000000000000000100010000000001000000000000001001000000010001001110100010000001010
1000000000000001000000000000000000010000100010010000000000000100010000010000000000000010001000000010111001000000100110010010000100000000000011000000001000000000010000001001010110010010000100001100110000000001000000100000001000000000000011001000000100
0010001100110001000000000000000001100100101000010000100100100000000001000100110000000001000000000000000000000000000000000000010000000100000100000000000000000010000000000001010010000000001100000010100000000000000001100000000100100000100000010000100001
0000010000100000000000100100101010100001000000011100000000000100110000010000010011100000000000110000000000000000100000010010001101000000100100001100100000000100000001000000010100000110000010100000000001001000000000010100011001100001000000000100000000
0000100000110000001100000100000010010100001000000000001000000000000001010000010010000000000000000000100100000000101000001100000000010000000011000000000001000010100011101100001111110000001001100000000010000010000000000000000010010000001101000101000000
0000000011000000000010000000001000000010000010000000001000000000000100000000000000100001011010000000000000000000000000010000000010010000000000100000000100000000000000000000000100000000000110010010110010100100000000100100000000110100000001001000000100
0000001000000100000110001011010000001001010000000000100100001010000000000000000000100000100000000001001000000000100101000100000000000001000000001000000000000100000100001000010000001000001000000000010010000000001000100000010000000101000000000000010000
0110000000000000010010001000000000000000000001010100001101001110000000000100100000100000000000011000000100000000000001000000000001010100001000001001000000000100000000100001000110000000000001100001000010100000000001000010000001000000000000000000010000
0100100000000000011000010000100010000100000000000101001000100100000000000000000100000001000000000100001001000000000001000110000000000001001000110000000011000001000000001100000000000000000100000100010001001000000000000001000100010000000000101110001110
0000000000101000010000000000000110000000000000101000000000000000000000010000000100011100000000010000000001000000000000000011010010000010000001000001000010000001001000010000010000000000000000000000000000000000100000000000000001000011010000000001000000
0000000000010000000010000010000011101001100001000000000100000000000110010000000000000100000010000100001100000010010110001000000000010001000000010000010000000001110000000100001000010000000001000000000000000000000001000000010000011000001000010001001000
0001000000000000000000100000001000000000001000000000100100000111100001001001100000000001000100000001100000000000000000010100000011110000000000010001010001010000110000000010100000000000000010000000000000000100100000100000000000000000001000000001000100
0010000010001000000001100100000000000000010000010010100000000010001000100000000000010100001000101000001001000000011011000000000000000000000000010000000000000000000000000001000100001010000000000010100000000000000001000000100000010000000000010010000000
0000000000011100000100001100000000001001000000110000000000100100001000000001000000000000000000000000000010000000000000000000000110000000000001000100000000000010010011000010000001000100100000000000000100011000000010000000001010000000010001001010010010
0000010000100100110011000000000000000110100000001000111010000110001000000000000000010001000000000000000000000000001110000001000000100000001100001010000000000000010000100000001010000100010000011000001000100100000000010000000000101000110001001001000000
0000000000100100001010000000010001000101010001001000000011000000100010001000011000000110010000010000100001000000000000000100001100000000000010000100000100000000100000000000000110000000000101110000000000000100000000000000101010100000000001100000001001
1110010000000100100000001000000000000100001010000010000000001000100010010010000000000000000001000000001000100000001000000100000000100000001000000000000100000000000100100000000010000000010010000001000100010000000000100000010000000000000000010000100000
0100100100000000001000100100010000010000000000010001000010000000100100001000010000010000001001000000000000110100011001000000001000000100000000000000000000100000000000000000000000000000000000100000001000001000001001000110011000000000000000000000000000
0000000000001000010000000000010100100100000000011001010000000001000000100100000000000100000000000001100000101000010000010010100100000000000000001010000000000000000100001100000000000000100000000100000000000100000000000010000100000000000000000000100000
0000010000000110000000000000100000000000010000101101000000001000000010100010100101010011011100000000000000000000000000000000000000100011000000000110000100100100000000000000000011001000100010010000010000000011010000010000010000000000010100000000000000
1000100000000100100010000010000000000100000000010000100101000000100000000100010000000000000100100100000000000000001000010011000000000000000001000110000000001101000000011000110001000100001000000000010000100000000100000010000000001000010000011000000000
1110000000010000100000000000000000100000100000000100000000001001000000000100000010001001100000000011011000011000000000000011000100000000100000000000010000001110000000100001000000110000001100000000000000000000000000001000001001000000000000100010000000
0000000000000000000000010110100000000100011100101000000000010000000100000010000100100000001000000000000000000000001101000000001000000000001000100000110110000011000000000000000001001000010000010100000000000000000011000110010000001000000011000000110000
0000000000000000000010000000000001110001110000100100100100000000000000001000000000010001000100000001000000000000001001001000000000100010010000000000000000000001001000000010100110100000000100110100000100000000010000000100000000000011100000010000000000
0000000000010000010000000000011010000100000010001000000100000000100000000010000010100000000010010000000000000000001100100000001000100100000000011101100010000000000000000010001000000000001000000010000010000001100000100000010000000000010000110000000000
0000000010010000000100000010000010000000100100001000000000001000001100000000000011011110000001110000001000000000111000000100000100011000000001000000000000000001000001010101010000000001000001100001010000000000000011000000010000000000011011100000000000
0000100000000010110011000000000000000011010101001100010000100010101000010100000000000000010000010011100000000100000010001000010000000000000000101010100010010000000000000001001000000010100010000000000010010000001000000000101111001000000010000000000000
0000000001010000000000000000100000000000000000100000000011100000001000000100010001000011100000000000000100000010010001100000001111000000010000100000000000000000001000110100001000000000000000000000010000000000011000001010100001010000000000000000010000
0000000011000000000000000001001000000010000000100000000100000010000000010000110001000000111001000100010000000000000001100110000010000000000010000100010000000010000100001100000000011001001000001011000000000001000000000010110100001100000000010110110000
0000010000100000100100111000001101100001000000100000010000000000000000000101011000000000010000100000001101010000010000010000001000011000110000010000000000000001110110010000000000100010000000000100101100000001000100000000000000000010001000011000000000
1000000000000010000100000010000000000000001010000000001010000000000000100010001000000010000000000000111011000000000000000001010000000000000100000100100101000100100001000000000000000000000010001000000000000000010010000001000100100100101000000000000000
1000000000000011000010000010000010100000000001000100011001000100010000000000100100000000000000000000000001000000000000000001000000011000010000000100000000000100000000000000100001010010000000000001000000010010000000011010000000001000001100000001010000
0011000001100001100010000000000010001000000000000000000000110010001000000100010000001011010110000000001010000000000000010000011000001000010010011100000100000000000000000000001000000001100010001000000000000000000000000001100000001011010000010100000000
0000001000000000000100110010100000100000010000010001000000000100000000000010010001000000000000010001000010000010100011010001000100001000000000000100001000000000000000000100011110010000000100001000000001000001100010001000010000010110001001001000000101
0000000000000010100000001000000000000000000000000000100100001000010000000000000000001000001100000010000100010100000000001000010100000000010001000000010011000000000000000000000000000000100000010000010111000000000110100000001110000000100000100010001000
0000010000000000000100000000010000100000000101000000000000000010001000001001000000010000000000010000000100100000000000011000110001100000000000101010000000010000001100001000010001000000110001100000000001100000001000000010000000100100100011000100000000
1000000010100000000000100100000011101000000000011000010010000000000011001000000110100010001010000000100000001110100001000010000000010000100000100100010000001010000100001000000000000011100000101000111011000001000001000000010100011000000000000000001000
0000001010001001001100000010000000000000001010100000000000000100001000000110011010001000000000110000100000000000000000110000000100000111000010001000000100001001100010000000100000010110100000011000001000000110000010100101000000000000000000100000000000
0000000001000010000000000000100000101100000100000000000010000000000000000000100000010000000000010000000001010000001010000000000000000001000000010000000000100001100000001110100100100000000001000100010000010010001000000000000001100000000010000001100000
1100000000000000000000000000000000000000000000000100110000010001000000000010000100010000010000000000000000101000000000011010001000000000000000000000010000000010000100000000000000010010000000000000000010001000000000000000000000000000101010000001000001
0000000000000010100000010110100000000001010011000000000000000010000000100010100000000000000010100000000000000010000100100000001000000000100000001001000000101000000100100100000101000000100000000110001000000000000001000000010000010010001000001000000000
0000001000100000000000110100010001000011000001010010000000000000000001000000000000000000000000000010000000010010000100000000000000010000010001000001000000000010000100100000000000010000000000100000110000000100000000000000000001000000001000000000000010
0000000101001100000000000010011001100000000000000000000000000000000000000100000000010000100000000000100001010011000000010010000000001000110000100100000000000110000000010000010000000100001110000000100000010100001000000000000100000000000100001010000010
0000010011100001110010001000010000011100001000000000101000101010000001001100000001000000000001100010001000100000010010000100000000010000101010000000000000000101100000000000000001010000000001000010000000000000000101000001010010100000000000000000100000
1111000000100000010001000001100001000100101000000000110001011000100001000000000000000000000111010100101000001110010101001000000110100110100000010000011000000000000000000000001000100000001010100001000000000001000000100000010000000000000111000000000111
0000000001000010000000001001011000101100000000000001000000000000000000000000010000000100000000000000010100010000000000110000000000100001011000000000000000001011100001000010000010000000000000100001100000000011010001100000000000100001000010000010000000
0000000101000000000000010000000100100001000001100000010000100000010000010010000000010010001010001010000000000000000000010000100000000001000000001010000000000001000000000000001000010100000010000000000000001101000000000100010010100000000000000000000100
0000000000000000000000000100000010001000010000010000000000000000010000000000000000000001000000000000000001000000100010001000000010000000000000000001010001001100100001000000000000100000000001100001000000000100000000000000000001010000000000100010000111
1010000000000001010100000000000000100010000000000100100000001001000000101001011101000101000001000000000000101100010000000000001100000011001001000101000011000000000100000100000000000000000000010010010000001100100000110000000110000000000001001110000101
0000000000000100010000000000010100000001000101000000000000000010001000000001001100010000100000000000010000000000000100000001000100100000000100000111001100100000100000000000000000100001010000000000100001000000000000100010000010000000110001000010000011
1011000010000000011110000101000000000000001001000100000010000000001001011101101011000010000000010000000010000100000100001100000000000001000100101010001000000100000000000000001000000000000000000000010001100001000000000001101010000001001100010000000000
0000000000010000001000001000000000000000000010001100100000000000001100000101000110110000110010000001010000001000010100000000000110100000000011000000100000000000001000001000001001000000000000110010000000101010001000001000000110010100010000000000100000
0000000100000000001010001000000011000100000000010100001010000000001001010000000000000100000000010000000000000100001001001001001000010000000000000000000000100001000000100000000000100001110010100100000000000100000010000000100001000000000000000000100010
0110010010000000100000001010000000000000100001010000000010100000010000010000110000001000000100001000100100000000100000000010001010001101000100000000010010100010000000000000000000000111000010001000000100000100000000000110001100000000001000000010110010
0000000100100100000101001000000100000110000101000000010010000000000000111000100000000000100100000000001000011011000000000000101100010000000100000010000100110001000110001010000100000000100000000010000000000010000000010000000100001011000100001000000100
0010000000000000100000001000000000000000100000000010000010010000110100000010101101000000100000000001100000000000100100000000010000100000001000001000000000010100010000001001010000000000000000001010100000001000000001110000010000001010000000100000000000
0000100000000000000000001100001000000000010001100000001110000001000001100001100010000000000001111001100000000000001100100000001000000000001000000000000000001010001000000000000010000001000000001100000100111010011000000100000000000101000000000000000000
0000100010100010000010001100000010000000001000000010000000000001001111100000110000100000100000000000000010000000000000110000011000000100101100000000001101000000000001000100000000000000010000011000000000000000000000000000110001001011000011000001000100
0000100000010000010100001000000000000000000000000000010000000000100000001000000000100001100000010000010100001100111100000001000000000000100000001000001000000000000001000000001100000000000000001000000000000000100000001110000010110000000010000001000001
0000000000100010000101000000100000000000000100000100000010001100000000101100000000000000000001101000010000001011100000000010000000100000001110000000011000000000000100010000000010000100010000000010001001100011000100000000000010000000000001010000000100
0001000000000100000010000000010100101000000000100001000000000010000001000010001000010000000010000000000101110000010100000000000000000000000000000000000000100000000100000000000000000000100000010010110010000000000000000000100000010000000000001000000010
1000001000000000010000100000000000000001000100001000000001000000100000100001000000100000000000010000000000001001100000100010000100000100000000110000000010000010000000000010100000101000000000000000101000000000001001000000000001000000001000000000000000
0011100101000010000001000100010001100100100000000010000010000000000000010000000000000000000000010001001000010100011000101000000000000100000101100000000100001000000100001000100100000000000000100010010000000000100000000000010000010000100000000001000000
0000000000101000000000000000101010001000010010000010001100000000000000000000100101010110000000000010000000000000000000011001000000010110100000000000010000000100010100000000000000001000000000000001000010000100000001001010000110000000101000000000000000
0000000110000010000001000000001011100000010000100000000000000000000000011000000000001101010000010001000101010001110000000001000000010100000000001000001001000001100100000000000101001000100001010000110100000000000000000100001000000000011110000000000100
0011001000010100001000001000000010000000000011000001000101100101000000000000000000100000010010010010000001000000000001000000001000000000010100101000000010000000000000000000000100010000010100000000000001001101001000010010000000000010100100001000100000
1001000001001100000101000010100000000001000000000000000000100010000100000110000100000000000000100001000000000101000010001000000010000101000000010000000101000000000010000100000000001000010100100000100000001100000100000000000000100000000000010010011001
0010000000000000000100000000000000000100000100000001001000001000011000000011000000010110010000000001000000000001000000000100101000100010000000100100000100001000000000010010000000000010000110000000001110000000000000011000000000010000000010000000000101
1000000000001000000010000001001100000010000000010000100100000100000000000000000001000000010000110000010000000101000110000100000000000001010000000000000000100001000000101000000001000100000001010010100000001000000000000100000010110000000000100000001000
1011010100001110010010000000001000100100000100011010000000010001100000000000000000010110010000100100011100010000001100000000000100011000000100001000000000000011001100000001000000000000001000010100000000000100010010100000000000100000001000100000000100
0001000000000000010000100000000000010000000000000100000000000001001100000000000000000000000000010000000000000000000000000000001100000000000000010000000000000000001000000001000000100010000000010000100000000000000000000100000100000010100100000010000000
0001000110000000010001001000000000000000000100010000010000000010000001100110000000100000101000000001001001000001000100000000000100000000000000010000000010100000000000000000100100100001000100000000100110010100000010010100000000000000100000001000100001
0000000001000000100000100000001101100000000001100000100000000000010000000000000111000010000110000100001110001010010000000000001000000000000000000001001001000000000000000001000100100010000000000100110000001000010000000000100011000101001010000110111000
0000000000000000010000000100000000000000000000000100000111100000100010000100000000011000010100000000000000001000000000000000001001000010000000010001000010000101001000101010000000001000000000000000000000000000100000000001000000001010000000000000000110
1010000000000000000100010000000000000010010101010000010000001000000000000000001000100100100100000000000100000110100001000001000000000000000000010001011011011110000000001000000000010000000000000000000001000100011000000000001101110001000000001000001000
1001000100000100000000000001010000100000000000100000000000100010000000000000000001000000010000000100010001000001000000100000110000100000000100000000000100001000000000000000110000000100100101010000100000000000000000001010000000000000000000000010000000
0000000100000001010000001000000010000000100100000000000000000100001000000000000000000000000001000001000000000000000000001000010010000101100000001001001010001100010000000000010000000000010100011101000001010000000000000000010100000010000000110000000000
0001010010001000000000001000000000000000010000010010001000000000010010000000000010000000000000000000000000000000001000000000000100010001010000100101100100000100000001100000000000000101000000110000000010000000000011000000010000100000000000100101000100
0100000000100000100000011000010010000000010110000101000000000000000101101000100000100000100000100100000100000001001001000000000010011100010000000000000000001000000000011000000010000100000100010000000000000000110000010011100000000010000000101001010000
0000000000001010000000000000000101000000000000001000100010000001100000010000100000000010000001001011000010100000001000000000000100000010000010101001000100010001100000000000000000000000001000000000100000001100000000000000000000100000000101000000000000
0101000001001000000000000001100000000001010001100000100100100000000001000000010000101000000010101000000011010000101010000000110000011000010000000000000001001000010000000000100100001000110011001000000000001001000001101000111100100010000101010000000000
0001000000100100000000010000100000000110000000010000000000000000100100001000000000000000010000010000000000000000100100000010000101010010000000000000010000000000100010000110000100000000000000000001000000000001001011001100101000010101000100000001010000
1100000100000000000110010000000000000001010000000000001000010000100000000000010000000000110001001000000010000010000000100000000000000100000000000000000000000110000000010000001000010100001010010000000010000010000000000001000010000000100001000000000100
0010100000000000000000010100010000000001100001000000000000000000000000000000000000000000010000000000001000001011001000000000000000000011100000000001001100000000000000100000100001000000001010100000000000000010000000001000000000001100000000010000001000
0000001000000000000000011000010000100000000000100000000000000100000000010000000000111000000000010100000000100000001100000000000000000000000001001001101010000001000010100000000001000100000011000011000001000000001010001000000000100000010000000000010001
0000000000100010000000101000000000000000000101000000000000001010000001000000100100000101100000001100000000110100000000000000111110001000000101010000000000100001010000000101000000000011100000000000100110000000000000000000010000010010000000000100001000
1000001110001000000000000100000100000000000000100001100010000000100010000000000000000000000000000000000001000000000100000011000000000001000000000010000000000100000001000000100000001000100000001001000000010000000000010000000001010001000000000001000011
0000010000000000001010010011101000000000000000001001000100010100000000100000000000010000000000010000000010000100010100000010000000000001000001001000000000000000000000100000000010010000000000101110010000000000001000000000011100100001000000000110000000
1100000010000110000000000101100000010000000000000010000001111010000001100000000000001000010000010100010001001000000000001010000010100000000001000000100000000001001000000001100000000011000010000000000001000000000100000010000100000001001000000000000000
0000000000000000010000001000000010001000110010100100000001100000000000000000000000000110100000100011000000000010000001000000100111100000000010000010010100000001110100100000100100100000000000011000001000100000000000000001001000110010011000000000100000
0000000000000000100100010000000000000000000000000000010100011000010000000000000000000000010100001010010000010001000000000000100000010100000100000000100010011000000100000010010000111010011000000000100000010000000000001100001000000101000100000100000000
0001001000000000001110000000100010000100100011001001000001000000001011100000100000000101000000000000000010000000000001001000000010001100000000000000001000000000000000000000000100001000000010010000000000000100000000001000000100100101011010000001000100
0000100001000000000000100000000010001100010000000001001001000000100011000100000101100100000000001000010000000000000100010010000000101000000000001000100010000110100000000100000000000001000101000000001100001100000000000000000001001100000000000000001000
0101000000011010001010000001000010000000000000100000000000000000000000000100000000111100000000000000000010000000000101000000000000000000000000000001001000001001100000000000000000101000001000000110000000000100100000000000010000000000100010000000000110
0000000011001000010100011000011000010000001000000001000000100001000100001110000100000000000000000000000000000000000000010000001000010000100110010100000010100000000000010011000000000000110000000000000001000000000000001000000001101010100000000000000100
0000000000000010010000000000000100000110110000010010000010000010000000100000000010000000010000000000010000000010001001000100001000000010000000100100000000001000000000000000000010100010100000000000100000000010100110000000011000000000001010100100100000
0000000000101000000100010000000000001000000000011100000110000000000000000000000000000010010000000010110100010000100000010110000000001000000001000000000000001000000000000000000100000010000000000010100111000000001001001101011000000001000000000000001000
0001101000100100100000000000000000001001100001011000001000000000000000010000000001000000000000000000001000000010000000000100010000010000011000011000000000000000000000001000000100000001100000000100000101001000001000100000100000100000001000100000000100
0000100000000000000010000000000101000000000010000000000000101000000001001000000111000000010010000000000000010000000000000000000000000000100111000010100001000000000000001000000000000000000100000011000000100000001000100000100000000010000100100010000001
0000001010000110101000100000000000001010001010000100000000000000100001010000000001000000000000000000011000000000101000000000001000000000010001000000000000000010000000000000001000000000001000001001010110001000000000001000110000000001011010001000000110
1010111000000000000000000001000000010001000001000010000000010000000000010100010000000001100000000100000100100010100000000000110000001000000100010000100001001100000000000000000000000010001000000000001001000100000010000000000010000000100010000000000000
0000110000000001000000101010010001000000000000010001000110000000000100001000001000110001000100100001000001010010000000000100010010000000100001000000100000000011000001001010001000000110010001011100000100100001100000010000000000000101010000001001001000
0000000000001000000001000010000001000010000000000001011001100000000100000000000011000000000000000100001000001010001010000000000000000000011000000000010000000000000100000000000110100010000000000000001001000000010000000001000000000000000000001000000001
0100011000000100000000010010010000000000000010001001001001001010000010001000000010000000000001100000000000000111001000010000000000000100100000000000001000000001010000100000000000100000001000000000001010011000001001100000000010010000001000000000001100
1000000101000000000000010000010000000000110001000001000101000000000110000100000001000000010000001000000100100000100000011100100000000000010000000100000000101000101000000001110000000000001000000010000000000110000010000000001010000000100000000100001000
0000000010000000001100000100010000000010000000000000000000000100100000000010000000110000100010000000000100001000000000000000100100001000000010110000110000000000000010001000000000001000100000000000100000000000000101100000000000000000100101001000110001
0000000000101000000000001010001100110001000000000000110000000000001010000001000000010000000001000001000010010000000000101010000000001000010000010011000000100000000000000000000000001000000000000000011110100000101000100000000000000000000000000000000000
0000101000001000100010010000100000010010000000000000101000000000001010100000000001000010001000010000111001010000000000000100000001000000010010010010100000000000000100100101011000000000000000000001000000000000000000001100000010000000110000001100000010
1000000001010000000000000010000111000000000000000000000000000100000101010000000000011110000010100000100000010111000000000001000100000001000000001000101000000100000010000000000000000000001000000000000010000000000011000000000001000000010000000000000010
1000010000110010000110100100000100010001000010000000100100000110000001000000000000000000000011000011000000011000100001000000000100000000010000000010000100000011001001000001000000000010000000100000000000000000010100000000000000000000100011000000000100
0010000000000100000000010000000100000000101010000000100111000000000000100000000010100000000000000010000000000001101010000110100011000110010001101000000001010001000100000011000100001000001100000000001000010001000000100001000000001100110000001010000000
0000000010000000000000000010001000010000100100000000000000000000000000000000001010000000000010000010000101000001000000000000101001010000000000000101010000100000000010001000000000001010001000100000001101001100000010000000000000010000000000000100100000
1110000000000000010001000000000100010000010000000000100100010000100000000010000010100000000010100000000001010000000000101001000000000000001000000000010000000010010001000011000001100001000000000010000011100100000000100000000000000000000001000000000000
0111000000000010010001010000000000000100000101101000000101000000010000010000001000001000000000000000000000000000100001100101000001000001000000000000110000000100000000001000110000000000100000010001000010010000100000000001000001000000001000000000000000
0000000100100000010000010000000010000110010000000001110101000000000000001000100001000000000100000001000000000100000100010000001000000000010011000000100100000000000100000000010011100000000000001001000001000100000010000010000000000100111000000000100000
0000000100001000000000000010000000000100000000100010000000101000000100000000000001000010000001011000011100000000000010011000000010000001001001110000000000001000100000000000110000100001000000000000000000000000000010001000001010010100000000000000001000
0010100000001100000000000001000000000100001000010110001100101100010000000110000001000000011000000011100000100001000000001111100000000111100100100000000100000101100000100010000001000100101000000001100010001000100000010110000000000100000000100000000000
0110000010100000000010000000000000001000101010001010010000001011010001101011000000100000001010001100000000110101000000011000000000000000000010010000000000000001000000010000000000000000010000000000000000000000000010011000000100010000100010000001001001
1100001000000101101000000001000100000000100010000000000000101000000110000000000000000001100000101000000110001100001000100001010110101000010000000001000000001100000111000001000000000000001100000100000100000000010010100000010011110010010001000000100101
0001000010000100010001000000000110000000010000000101000011000100010000000000001000000000000000000100000000000000001010000000101000000000000011010000000010000000000000000110100001001100010100010010000000001000000010000100001000101000010100001000000000
0000000101000000100000000000000010001000000000000000000000100000000000000010100000000100100101000011000010000000001000000000000100000111000000000000000000100000000000000000000000000101010110000000000000000010101000000000000000000100000010010000000000
0000110000001000000000000000000101000100000000001000101001000100000000000000001010000000000000000100000000000000000000001010001010001000000000000010000100010010000101001001000000000000010000010100100000000000000001110100000001000000010110001000000000
0100000010000000000000100000000100001000101000011001001100000000010000100100001000000000100000000001001000000010000010000000010000000000000000001001001000000000000100010001010000000100100101000000001000001000000000000000000000000001000000000110000000
1000010100000000000100011010001000000000010001000100000000001010100000010000001000000000011001100000000000010010000000000011000101000000000000001000010010000000000010010001100000000001000000010000000000000000000010010000000010010000000001010010000110
0001010000010100000000000000010000000000010111000000000000000001001100000010010010000000001010000000000000000000000000000000000000000100001000010000100000000001110000000011000000000000000000010010000000010000010000010000000000000001000000000010100010
0000000010000000000010000100000000010000000000010100000100000001000001000000000000000000000000000011100001000000000100100000001000000000101001011000001000001000000010000000000100100000000000000001000000000000010000100000010001000000000000000010000011
0100000000000000010000000000000010000000100011001001001000000000000001010000001000010001000100000000000000000001000000000011000000000001000001001010001100011000100000010000010000101100010000001001011000010000000110000001000000000000001000000111000000
0000000001001000000001000000001100000010010110000100100100000111011001000100000000100000000000000000000100000010000000000000001000000000000010000001001000001000100001000110000001000000000000000010011011010000101000100011000000000001110000000000000010
1000011001000000010000100000000000000000000100000100000100000000101001010001000000100100010000000000000000000100000000100000000000100000000000000001010011110001010001000100000001000010000100100100110000000100000100000010100010000001000000000000100000
0000000000000100000000000100000000000001000100000000000011001000000000000000100010000001000010010001000000000000000101100000000000000000001000110100000000000000000000000000110000011000000000011010000110001001000000000000000000000000000000010000111000
0010000000000000000000000010001010000001000000000000100000100000000010110001001000010000000100001010010000011000010010000000000001000100010110100000000001000001000000001000000100000000110000000000000000001000000000000000010010000100000000000101000100
0000000011000000001000000000001000000000000001010000000000000000100000000000100000000000000100001101000000000000000000010000101011000000000000000000000001000000000000100100100000110001000000000001000000000000000000000000010010000110000000110101000000
0000010000000100000000000100010000000010000001100100010001110000000000000000000010000000001010000000000000000001000000000000000010000000010001100000100000000000000100001100001000000100000011100000000000000000010100000000000000010000001001100000010100
0000000010101100000100000000001000000010000000000000010000000000100000001011000001000000000000000000001001100000000010000000010010010100001000101101010001101010000000100100001000000000000000100000000000000000100010001000010000101000010000000010000100
0000001110000000001000000000000001000100000000101000000000000010000000000010010001000000000000000000100110010000001100010100000000010010000000000000000010000000001000110000000000000101101000000000000100000101000010000000000100000001000000000010000001
0000001000000000000100011110001010010000000000000000000000010000110000001001101000000000000001000000010000101100000001100000001000000000000000001000000101001000000000010000000100000010010010000010000001100010000000100011000000000001000000001000001000
0100100000000000000000001001001000100001101100001100001010000000001000000110000000000000000000000000000011000010001000001000000000100110001000000011000000100000001010000000000001000000000000000100000100100011000000100100011001000000000000000000100000
0010000000001110100100000110010000001000000100100100000100000100010000000011000001000100000000000100001001000101000001010000011000100000000000110010000000001100010000100000011000001100000001000010000000000000001100001000001100000000000001001100001100
0000010000101011000000000000000010000110100001001000000000000010010010000000110010000010000010000010001010000001000000010010001010000000010000000100001000001001000010000100000000000010000000000010111110010000100001000001011010010001000001000000010000
0000110000000001000000000000100000000101100000101000000000000000100001000100000000000000000001000000001000000000001001010100000000011010101110000010100000100000000011001000001100001100010110000001000001010000000000000010000001010000000100000000010000
0000000000000100000000000000000001000111000001000000010010000100100000000100000011000000000100000101000000000000000000000001000000110001000000000010000000001000001000000010000000000100000000100000000000010010000100000000000001000000000000001100100010
0010000000000000000010000000000011000000011000000000000001010000000000101000010000001000001000001000000000010001010000001000000001000000000000000000010001000000000010010000010000000000000010010010000000000001000100000000001000000000001000000000000000
0010001010010011001000000001000000000010010100000000000000100101000001000100100010000100101000000000000001000000010011000000010000010000000000110110001010000001000000100010101000010000100000000001000000000000011101100000000000001000010010000000000010
0000000000000000000000001000000100000000110101001000000000001000010001000100001000010001001001100001000000010010001000101100000100000010000100001000000000010000100000000100000000000000100001000110000001110000000100000000000010101100001000010000000001
0001000100000010001000001000000000000000010011001001000000000110000010000100000000000000000101000000010010001000000000000000000000010001001010000000000000000000000000100000010000100001000001000000101001001000000010001000000000000100010000000100000010
0000100110000000001000010001010100000010000001000000000100000000000001100000000000010000000000000000001100001010001000001000000000000000000000000000000101000000001100000000000000000100001010001010000011100000010001000000000000010000111001000001000000
0000000000000000011010000000100000000000000010110010011100100000000000100001000001000010000000001001100100000000001000000010001010000000100011000010010000000000000000100000000001000000000000000000000000000000100001100001000000000010000010000000000010
0100010000000000000000000000000000000000010010000011010000000100101000011010011001110000100000001100100000010100101000101000001000100000000010000100001010010100010000100101000000001000000000000000000010000000100000000000000110000000001000010000100000
0001000010100100000000100000000000000000010001000000100000000010000000000110010100100000000010000000000000000000100000000000001001011001110000001010010101010000000000010010000000000000001000000000000000100000010000001100000000000000000000000000000000
0010000000000010000001100000000100000000000000000001110000000000000000000010000000000001000000100100010001110000100100100010000000000000000101110000000000100001000000000000100010011101100100010000010000000010000000001000111100010010010010000000000000
1000010001000000000001000000001000000000010000001001000010000000000000000001010000000000000101100011000010101000010000011000000001010001000000010000001000000001101000010000010000000000001000100100000000000000000000001000000000000000000000101000010010
0011000001001110001100000000100110100000000000101000000000000000000000000010000001000000000000000000000001000010000000100001000000001010000100001000111101000100100100000000000000000100100000000001000001001000000000001000100011100000010000000000010000
0100011000000000000000010101000100000000000000000000100000100000100000100000110000000000101000000100000000001000001000011000000110000000000100100000000001100000000000010000000000000000010100001001000000000000000000000000000000010000000100000100000000
0100000000100000001001010110000000000000000000100000000000010111100010000100100001001000001010100100100101000011100000000000000100000000000000000000000101000001000000000000100000000000001000011000000000001000000001000000000010000000010000000000000000
0001000001000000000000000010101000000101010000000000000000000000100001000010100000000010010000000000000000010000000000001000000000100000000000000001000000000000000100101000000000000010000000000000000000000001100000100000000010000100000010100000000000
0100001000001001000100001010000100000000000000000001000101000000000000100000000000000000000100000100000000000000000010000000000000000010000000000001000000000001000000101000001000000000000010100000000001000000000001011000001000000010010101000100100010
0000000000000000100001000001000000100000100101000100001001000011000100000000000001100100000001000000000000010010001010100000010000000110000001011100000100000000010010000000000000000000001100000001100001000000000000000000000000001010001000000000110000
0000000000001010000001001000000001010000000000000001000000100000000000000000000000100000000000000000101000001000010001001000000000000000000100000100001000100000000000000100000000010000000010000000001001000000000000000000100000000000000110000000001000
0000000000000000000000000000001000000000000010001000100000010100000000000000000000001110000100001000001000000001110000000000000000100010010010000000011000000000000000001000000000110000001011000001000000000001001000010000000000000000011000010000100010
0000000000100000000000011010000000010000000010000000000000000000000000010001000000000000000010000000001001000100000000001010000000000011000000101100100000000000000000100000100011000000000010000000100001000000001000000000000000000100000000000010110011
0000000010000001000000000001010000010000000000000000000000100000000000000001010010000001100010100000110000101010000000100001000010000000000010000000001000000000001000101001000000000011000100010000000000000000000000110110101000000000000010010000000010
0000000000000000001001000000010000100000000001000011101000001000100011000001001001000000000000000000101000100001000011010010010000001000100111001000100000000000010110000010000110000000000000010000000000000000010101000000001010001000000000000110001000
0001010000000010000000001000000000000000010100000000000001000010000000000000101000001000001000000100000000010100000000000000000000000000000000000000100000000000000000000000000010000000000000111000000000000010000001001000110000010000000000010010000000
1000000100000000011000100100010010010000000000010000000100000000000010000000011000000000000010000011000000101000000000000000000100101000100001000100010011000000110010000000000110000001001000000001001000100010010100000100000000010000000000000100000000
0100000000000001100000000000000000000000000100010000000000010000100000000011100001010000000000001000000000000000000000000000001000001100000010000000000000000001000000010000010000000000010000000000100000000000000010010100000010000010100000000000000001
0100010000000000100000000110010000000001001000001001000000000100000000000000100010000000000001110000000000000000000000011000000010000000110010000000000110001001010010000000001011000000000000000010110000001010100000000000001000001000000001010000000000
0000000100000100011100110101000100010000000001001000000000001000000011000000101000001001100010001000000100000000100000000000100000000000000001000000000000100000111001000000000100000100000000011000100000000000100001000000000000010000010000000010011001
0000000000000000000001000000000001000010010000001011001000010010100000000000001000000001110000010000000000000000000001000000000001101100000000000000001010100000000000000100000100100001010001110000001010010000100100000100001000000100000000000000100001
1000000000000000000000101000000000010000000000100000000011000100001001000100010000001000000011110010000000000000100010000001000000000100000000000000000000100001010010100110000110000100000000111000010000000000000000000000110100010010010001000000000000
0101001000000000000000001000000010010000000000000000001000000100000001000000010000000110001000000111001000000010000011000000001000000101010101000000000000010000110001010000010000000000000000000010000000010000010100000000000000000010000011000000000000
0000000010000001000000000000000100000110000000100000000000100000000010001000000000001010000000000011000100000010010000010000011010000000000000000010010001010000011010001100010000000001100000100000000000100000000010001000000000100000000000000100000000
1100000000110001000011010110000000000000000000010100100000001000000000000000000000010000000001000010000000000000100000000000010010001000000001011000100010110010100000001001010100100001100001101000100000100001000100100000000101000001000000000000000010
0000000010100000000011010010000000000000100000100010010000001000000000000000000000000000010100001000000001000000000000010000000011100000010100000101000000000100000001100100000000010000001000000000000000100000010000001010001010000001000000000000010000
0110000001010000010000110000000000000000000001001000000000000100010101000000100000000000000000000000000001100000000100000000001000010010110001100000000000000001000000010010000000000100000000110001000000000010001000100000000000100100000001000000000000
0000001000000000000001001000100001010000000001101010000000101001000011100100110000000001011000000100011010000000000010000000010010010000110000000101000010000000000001001000010010000001100000010000000011000000000000100010000000000000100000000000011000
0000110001001000010000010000010001000000000010101001100000010101000110000000000000010000110000000000000000000000001110000001001001010000000001000000000000010010000000000000000000000000000010000000000100000000000000101000000000000000000001100001100000
0000000000000000010000000000000000010000000100101000000001101000100100011000000000000000001000000010000110000000000001000010000000001010010100000000000010010000000000000010000100010010000100000001100000100010010010000001000000010000001000010000000010
0000000001000010001000110110000001000101011010000000000010000100000000010000000010000000000000000100101000100010101000000000000001010000000010000000000000000010000000001001010000000010000000000000001010000010000000000000000000100010000000100100100000
0100001000000000100001010101111000001000010001100010000100100100000100000000100110000010000000010101000000100000000011010000000001001000001000000001000000000000100100000000100000000000001000001100111101000000011100001000000010000000000000000000000000
0000010000000001000000000000100001010000000000001001000100000001001001000000010010000000000001000000010000000000101111000000000001100000101101000000001000100000001010000001010000000000001000000000100000001001000000000000100001000000000000000000000000
0000000000010010000000000000000000000010100100000100001000111100010100000100000001001000000100100000000000010000000000000000001001100001000000010000000000000001010001010010000000011100001000100010000000000010000001110001010001110100000010001001001100
0000000000010000000110000000000000000000000111100000110000010000100001000000000010010000000001000100000000000100000000000000000100010010000010000000001100000000000000111100000100010000000000000000000000000000101100000000000000000000000001010000000000
0000000001000000000100111001100000000000000010000000000000000010001000010011010000000000000000000000100100000100100010000000000001010100000000000110001010000100001100100000100010000000100001100100000000100000000010000000000000000000100000000000000000
0000000010000001100001001000001101000000000000010100000011000000101000000001000100100000000000000000000001010000000000000000000010000001000000000011001000010000000000000100000010000000100000100000000001010000000000000010000000010001100110000000100110
0100000001000001101000000000001010000011000000000001000000010000000000000001000100000000010000000000000100000001000000000000000000100000000000000000000000000000001000001100001100000000000010000000000001010010000100010000100010000001010001000000010001
0000000000000010100000000100000000010000000000000000001000011000000000001011101000000010000000010100000001001100000000001110000000000000001000000010000100000000010000000010010010010101010100001001000000000000010000000101000100000100100000110000000000
0010100000000000000000000000000000100000000000101000000000100100001001000000001000000000000000100000000100000000000010000010010000000001001000000000000001000001100000001011010000011000000000000000000000000001000001100010000000000010000100001000110000
0010010110100111001100000000000001000000000000010001000001000000010000000000010100000001000100000000000000110001010000000000000100001100000010000000000000010000100001001000110000000000001000000000000000001010000000000010000001000001000000000000010001
0000000010010010000001000000000100010010010100001000000001000000011000000000000010000001000000000110100000000000000000000000001001000000100001010000001010000001000001000000000100000100000001000100000000100100000000100110000000100000000010110000000000
110 42
104 125
