250 250
0000010100000000010001000000000000000010000000001000000000000000000000010010000000000100001000000010000000000000000001000000000000000000001000100000000110000100101000100010000000000000001000010000011000100000000110000101000000010000001000100100000000
0000100000000000010000000000001000101000001100001000100000001100110000000000000110000100000001000010000100000100000000010010000010010100001100000000100000000000000000010001000110010011000000000000001100100000000000000100000000010001000100100001010110
0000001010100000000000000000000100000000000000000000101001001000000001000000000100010000000000000001001001000000000100010000101000000000001101011001000000001101000010000000100000000100100000000000001010000001000000000100000000010000100001001000000000
0000000110001000000100000001010000000010000000010001010000000000000000000000000100000010010000000010000101000011000000000101010000000000010010011001000000000010100000100101010000000000000000000000000000000000011000000100001000000110001000100010000000
0011000000001000000000010000000000000010000000000000010000010100000000000000000000100010000000001000000000000001000010100100100000000000000000100000000000000000100000001000000100001000011000000100000000000100001100000001000010010000100000000000010100
0000000010000000001000000000100001000000000000000000011011000100100000000000000000000000000000010100000000000000000000100000100010000001100000101000000010011011000100000000000000000000000111000000000000001010000000000001000000001000001000011000000000
0000001000000000000000000000000000000010000000000000000000100010000010000110010000100100000000000000000000000000000000100001100010000100101000000000000010000000000000000000000000010000010001001001001000000001000000000000000110010101000001000000001001
0000100000000001000000100000010000000000000000110000000111001001000000000000101000100000101001100000000000000011000000000000100000001001000000000010010001000000000000000010100000000010000100000001000000000001010000001100100001000010000110000110000000
1000000010000000010000000000000000000000111000010000000000000000001010100000000010000000000000000000001001010000000010010010000011000011000001010011110000100000010000000000111001000000000001000100000010100010010110101000000100000000001010010101100101
1001100000010000100000000110001000000000000000100000000000000010000001000001000000010001110000001010000001000000010000000000000000000000000100100000000001000001000000001001000000010000100000011000000000000000100011100100010000010000000100000000000100
0000000100011000000000000000010111001001000000001110000000000000001000100001100001100000110101000100000010000000010000000000000101000001010000000000000000000010000000000000001000000000001000001000010001100010001001000000010000111110000000001010000000
1010000000100000100000010000010000000010001000000000000000000000000010000001100100000000000000000000000100010000001010100001000000000000001001000000000100000000000000100000000000000010100000001000000100000000000110010000100000000001000100000000000000
0000000001000100011010001001000001000000101010110000000010000011000000000000010000000000000000000011000000001000100000010010100000000100001000100001000001000001001100001010000001010100001100000100000000000001001000000000000100000000000000010100000000
1111000000000000000010100010010000000110100010000000000010000100000000000010000000000000010000000001000000000000000000000000001000100000001000000000000000000000000001000000101000000010011000000000000100110000001000000000001000000010000100010000000110
0000000001000000000000000010000000000000100000000000000000100000000000001010000100000100000100000000000010000001000000000001100000011000000010100100001001000110110000011000000010001000000000010000000100000110100010000001000000000010101000000000000000
0000000000000010000000010000000000000000000000000000000010011000001000000010000100000001000100010000100001100000010010000000111000000100000001000000100100110000001000000110100000110100001100100001001000000000100010010010000001000000000000000000000000
0010000000001000100001000000001000010100001100001000010000000000000000000010000010100000101000111000000000000001100001010000001001100000010000000100000000000000000010010000010000001100000100111010001000000000000001101010011100000100000000000010000000
1000001000100100000001001010010000011001100001100000000000000001000001000000000010100000000100001000001000100001110000000000000000100000000000000000110000000000001000000000000100000000100000011001000001000110010010000010000000000010000001000110000110
0100001010000000000010001100110000000000000010000001100100000000000100100010001000000000000000000000000000010000010000000000000010000001000010000001100000100000000100001001000100000000111000000001000000000001000010010100000010000010000000010000000000
0001010010100000001010100100000000000000000100000100000010000000000000000000000101000100100010000000010000000001100010100000000000000000010110011010001000100010000000101101000000000000000000100000000010000010000000100000000000001000000000010100000000
0000001001010000100010000000000110000000000000000000000100000000000001001000000010000010110000000101011000000000000101000001110000001000010000000010010000100000000001000001000000001000000000010000100000000001000001100000000001000110100000110100000000
0011010000101100010000000000100000001000000000000000000010000010010100100000001010000000000000010000000100101000010000001000100000001001100000000000011000000100001111100001011000010000000110010000001100010000000000001000100000000000001001000000011100
0000000000010000000010000000000000100001000001000000100000010010000001000000000000000000000000000001000010000001000000100000000010000000000000000110000010000000110000010100000100000010001010000000000001001000000000000000000000000101010100000000000000
0001000001000010000010010000000000010100000000000001000000000000000000011000000000000000000000000000000000000100010001000100011000000110001000000000000000000010011001010000000000000000100100000000000000000000000000011000100000000000110000000000000100
0010001000100100111000000000000100001000000010010001001000000000100000111100000000010001000000010000010000001101001011000010001100000000000110000000000100000000000001000000000010001000001000100000000100000000000010000100011101100010000001001000000000
0000010000001010000000000010000100100100100000001000000000010001000000000100000001000000000010000000000100000000000000000000000010100001000000000000000000000000001000100000100000000000000000000000000000100000010001000000011000000000001010001001001000
0000001000000010000010000000010100000000000001000110100101000111010100100000000000001000000100000010001001000000000011010100000000001000100000100010000000000000110000100000001100100000001000000100000010100000000000000011110010000101000000000000001000
0000010000000000000000000001000000100000000000000000010010000010010000000000000000000000000000000100000000000010000000010001010000000000001010000100000010010000010000110001000000100000000001100000000100000000011000000100010000000000100000000000100000
0100100000100010001000010100100000000001000000000000010000000100100010000000000000000000000100000001000000000100000110000000100000001101000001100000010010010000000000001010001100100001001000100000001000000000000000000001000100100001000000001000000000
0011010000000000000010000000000001001001001000101010000000010011000010000000010100011000010000000000000000000100100000000000000001100000000010000000010010000000000000000000010000100000100000101000000001001000001000000000100000110010000010000100000000
0000010000110110111001001000100001101000110001000010010000000000001010001100000000101101000001000101000000000010000000000000000000000000001000000000100100000000000000100001000000000100010010000000100000010000001000010000100000000000001000000010000000
0010100110000000000001000000000001000001000000111000001100000000000010001000001100001010000000000000000001110000000100000000100011100000010101010001000001000100100000000000000000001010001001001100000000000000001000000101100100011000000000100000000010
0001001000000000001000001001001000000011000000010000100010000000110000000100001000010000000011010110000000000000000000000101000000000000101000000000001000010000000110000010010000000011010011000000001100000000000110000010101000000000000010000011010100
1000001100000001000000000100010000100000110100000001000111000100000000001001000000000100000000000000000000010000000001000000000010010010000000000000000000001000010100100000000010000100000110000010001001100110000001000100000101000000001001000000000000
0000000010000010010000000001000100000001000001010000000100000000000001000000000000000100010001000000000000100000100000000000100000100001001000000000001000110000100100000100000010000110000000000000000000000000101100000000010000000010000000000000000100
0100010000001001000000000001010000000001010001001000010000010100000000000000001000101100000000100000000000000001000010001101001000100011000011000001000000100001000010000000100000000100000010000000000000010000110100000000000010001000110000101000100000
0000001000010000000000010010000000100000000000000100000000100010001000000100000001000010000010010000001000010100000000000010000011000001110000110100100000000000010100000100001010000000000000100001000000000001110101000000000000001101000000000001000000
1000000000010000101001000101100000000000101000001001100000000100001010001000000000000100000000100000000100001000000010000000001000100010001001001001000000100000110100100000000000000000000000000000100000000000100000000110011000000000010010000000001001
0100000000000000000000001011000001000000010000000000000100110000000001011000000010010110000100000000100010100000110100000000000000100010001000001000100000001000010000010000000000001000010000000000000000000001000000010100100010000000000110001001100000
0000001000000010110000000110100000000110000100000010000010010000000010000001000100000010000000000100000111000000000000010000001001000010000001100000010001100000000010010110000000000000001010010000000000001010000000000000010000000110000100000000000000
0001000000011000000010001010100000000000000000000000100000000000000000000001000000000100000100000100001000000000000001000000000000100000101000001000001000100000000100100000000101000000001010000110110000000010011000000010000000001100010010000011100100
0101001000100010000000000000000000000000010000000000000100010100101000001000000000001000000000001000010110011000010010100000000000000000000000001100000100000000010100000011000110000000000000000000001100000000000001001011100000010000000100000000001011
0000010000000010000000010000000000000000000010110000000000100001010110010000100000110000000101100000000100100001000000100000000000000000010000000000100000000000000000101110000001000000001001000000001000000000100010100000000110000100000000000010000010
0000000000001000000000000000000000000000000000001001000000001000100000010000000001000100100001100000100000100100000010000011001110000010000000000110000100000100000000110110000110101000011000000010000000010000110010000000000000000000000000000000000010
0010000000001100000000000000101000000000000000000000000000010000010000011000000000010000000000000000100000001000000001000001000101100011010000000000000100100000000100000000110110000000000000000000100000001000100000001001001000000100000111000000001100
0001010000000000010000000000000001000000111000001000000000000000000001000100000000000010000010000100000000000010000000000010010100101000010010000001010001011000000100001101010100000010000000000010100001100110000010000001000000101001101000001010101001
0100000000000111010010000100000000000000000000001000010111000000000010000000000000110000000000000000000010000010000000000101000000010000000000001000000001001000000000010000000010000001010000000001000000010000000010000101000001000000000000100000000000
0000000001000010111000011000000000011000111100000010001000100000000111000001000000000001000000100100000000010001101011000100000010001000010100001000010000000001001000001010110000001000000001001010000000000001110000000100101001000001000000000000000001
1000000100000000000000000100000101000010000001000000000000000000000011000000010000001001001000000000000010000000010010111000001100000000100001000100000000001000000010001000000000000000000100000000011000010000010000000000000000000000000010010000001000
0010001011000001000101010000000000000000010000110100001001001001010100000000000000010001100000001110000001100000000110000011001000000011001000001000000100000000000000000000100010000010010001000010100001000001000000000000000001000000100100001000010100
0000010001000100010010010000000100000000100101000001000000100000011000000001100000011000001000000000100010000000001000100100000000000000010010000100100000010000001000000100000000000000000000000000000000000100000010000000101000001000001000001000000000
0010100001010000000100000100001000101010010000000001000000000001000100010000011000000010000000100000000000100010010000001000010000000100010000000001000000000010000000000100001010001001000100000000000000100000000010001000000000000110000001000110101010
0100000000100000000001000000000000000010100000001001000000100100100001000000010000001010000000000011000000000010000001000000000001010000010000010000010101000000101100100110000001000000000100000000011100000000100100000001011010100010010000000000100100
0010100000000010000000000001000001001000000000100010001000100000010100000010010000000000000010000000011000000100001100000000000000000011000000100101000000000100000000001000001000000000000000000000010101010011000110000111000000101000000000000000001000
0100000100100010100000100000000000000000000001000000000001011100000000000000000000100000000110001000001000000000100001000100000000010011000001000100001000000100100010000101011000000000010000001110010000000000000000010000000010000000010000000001000000
1001000000000001000110000001000000000000001000000010000001010000001000000001000010001000000000000000000001000100100100100000011000000000001100100000000000000000000000000000010000100000001010000000000000000100010000000100010001010000000100000100010001
0000000110000000100000100000100001000000010000000000000100001000000000100010001010100010100000010101001000100000000000000100000000010000000100100100000000000000000101000000000100100000000000000110000000010001000101011000100010001000000100000000000000
0000000100000000000000100010000000001000000100001010010000010010000000000000000100100000100000100100000100010010001010000000000010001001011000010100000001100010010000000000000000000000000000000001100000100100000000001001110001010000001000000010000000
0010000000000000010001001000001000011100000010000000100000000000100000100000001000000000000100001100000000010000000110000000000000100100000000000000100001100000010100001100001001000000000000100010001000000000000000000000000000001110011000000011001010
0110010000010000000001000000000110001010011000000011000000000000000000000000000000000000001000100000001010110010101000001010100000100000010000000000000100100000000000000000010001101000100110100000000010010000000001000001100000000000011010000000000000
0000000010000001010000010001010000010000001110000011000100010001001000000000000001000010000000100000001000100000000000001010011000100000101000000000010000111000010000100000000000010000110001010001010000000000101000000010100000010001010000000000000100
0000010001000001010001000010010000100100000010000000100110000000010001000010101001000000000000010100010010000010010001000010100101000100100110000000101000010000000100000100000100001111100001000000000000000101000000010000011010001000000010010000000000
1000010010101000010011000000100110000001000000000000000101000001001000100010100001000010000110000110000001000000110001100000000001000000000000000010000000000000000001000000000001000000000010000010000000000000010000000001010100000000000100000000100100
0000000110000000001000000000000000000000110000010000000000010001000000001101000000000100000110000000010000101001000000011001100010000100010010000000000001001001001100000000001000001000010010000000001000101011001000000000000000000100000010100000000000
1000000000000000000100001000010000000100010000000100100000110001001011000000000000001000000000100100000000000000010100010000001000000000000001011000000000000000010000000000001000000100001010000001000000000000000010000000110000101001000000000000000000
0000000000101010000000000000100000101000011000000100000101010010000000010100001000000010000000010100000010100000001000001000011100010000000110100000000100000000010000000001000000000100000010000001000000000000000000000010000000010001000000010000010000
0001000000000001100101100000000001100000010000100100000110100110100000100010101000000000010100000000000000010010000000000000000100010001010000000000100000001010001000000100011000010000000000001000000000010000000010001001000110100000001000000000010000
0000101010000000000000000100001011010000000000001000110000010000001001001000010100100100000000000000010001010000000011000000100000000110000001000001010001000001000100000000000000000100100011000000000000000100001100001001100101100001000010000010001100
0010000001000000000100000000000001000000100000000010000000100000100000100100100111010101000010000000010000000000000010000000011011100000000100000000000001000000000100000000011100100100000000000000000101011001000000000100010000000000100010010001010000
0010000000010010000000000000000000001000001000000010010000010000010000000000000000000000000000000010000000001000000000100000000110000000000011001001000000001000000010000000000000000100010000000000000010100000010000010100000000000010001000001110010100
0000000100001000000000000111100010000101101000000001000000000000100000000000000001000000000000100001000000011101000000100000000000000000010000000000000000000110000001000000011000000001000000000001001000000100000100000000000000000000000000100000000000
1001000001000000100000000001001000000000000010001001000000000000001001010000000001001000000000000000000000000000000000000001100000000000000001000000010000010100000000100000001000000000001000100001000011000000000101110000001000100100010000000001000001
0000100000000110000000100111000000110000010000000100010000010000001000000000010000001101100110000000000010000100000000011000001001000000100000001000000100010001000100000100000001000000010000101000000000000001000000000001000000010100010000010000000000
1000000100101000011100100000000000000000000101000000000101000010000000010000100010001001000100000010110000110100000001000000000000100000001001100000000000000000010000000110010001010000000101001000100110001000000001000000100000100000000000000000000101
0011000000000000001000010010000000001000000000010101100001110000000000010000000000000001000000010000100000000011000000000000001010100010000000101000000001011000000000010000011000000000000000000000000100000110011000011010000001010011001000001000100010
1000001000101010000000010110000100000001000101000000000000010010010000010000000101001000100000000000001001000000000001000000000010000000000000000000000101000110110011000000000001100000010000000010001000100000000100000000100000010110010000000000000010
0010000100000000000000000100010000001010000000000010000000000010000000000011000000011000000000000100000000010000000000110010110000011000000100001000000000000010000010010000000100000000000000000000000100000000001000000000001000000000000000001100000001
0000000100100010000000110000001010000010010001001000100000000000000010000001000001000101000000110000000000001010000011001110000110000000000001010010001000000000000100000000000010000000000110000000000000001000000010000000000010000010001000000100011001
1110000000000100000000100010000000000000000000001000100010010000000100001000000000000110000001000010000000100010010001010100100000000000100000001001000000000000001100010100000100000000011000010100000000010000000011000000001000000101000010000000101010
0000000000000000100001000000000001000010000100000000000010010000100101000000010000000000001000001100000000010000000000010000000000000000000001000001000001000100100000100000010100000000000000000000010000100000100000000101000000100000100000001000000000
0000010001001010100100000000100000110000000000100000000000000001000000000000010000000100000000100000000100000000000010011000000000000000010000010000000001100010000000100000100010000001000000010000000010000001000100000000000000000001110010000001000000
0000000010000100001010010000100001100000000100010001001000100001001000001000100001010000000000000000000000000000101100000000001010010000000000000100010010000000001000000010000011001000000010100110010000000000000000000000101000000000100001001010000001
0001000000000100000000000000100000000000000000000010000011000101000000001001100000000000100000000000010001000000100001010001000001010100000001010011000000000000000001000010000000000110000000000000000010010000000010000000100000000001100000000000000000
1000000000001011010001000000000000001000000100100000101000000000000000000000000000100000000000010000010010001000011000000010100000000000100010000000000000100100000010001000101000001100000001000000000000000110011010100000000100000000001100010100000000
0000000000000010011000000000001000000010000000100010000000000101000001010000000000001010000001010001000000010100100001001111000000000000001100000100000001101100000110000000001000000000010000010000100000001100000000000101000100000000000000010000000010
0000000010000000000000000000000010100100000000000000000100000100000000001100001000000011001000000010010000100000000010100000000000000000000010001000100000001001000000000010000000010001000100000000000000011001000001100000000000011000000000000000000100
1000100100000000000100000000001100100110000000100100110001010001000001001000000010000000000000010000000000001001001000010010010000000001100000000001000001011010011000000000000000000010010000001000000001000010000000000001000000000010000000010010000000
0000100000000010010000100000001000001000000100110010000000010000100100000010000000000000000000100010000000101000000100100000000000000000000000000000000001000010110100100000001010000010000001010000000010001100101000000000000000000000011000000000010000
0000101010000000000001000001000000010000000000100011110111000111000000001000000000001100001100000000000000000000000000000000000000000000000100000000000111010000000100010010000100101000010000000000000100000000000100000000001010100000000000100000000000
1000000010000000100000100000000000100000000101100000000001000000000000100110010100011100000000000100010000000010000100000010000001011000000000001000110001001000000000000001100101100000010000100000010010000000000000000001010001010000010000001010100001
0001010000010000001011100000110010000010000000000000000010000001000110000010010000000010010000000001111000001001000000101010110000011000000100000000000001000000001011000010000000000000000000000000000000001000000000000001000000100100000000001100100000
0000000000001001000000000011000000000000000000010000000000000011000000010000000000000011000000110110000100100000000000000010010000010000000100000110000010000000000000010001100000110010010000001000000110101000000000000000000000101000000000001001001001
0000000010000000000100000010010000000001000000000000001000110010010001000010001000000001100000110010001010000000000001001000001000100001001000000000001101000000000010001000000100101001000100011010000000000101010100000000000000001010000000001000001000
0000011000100000000100000000000000000001000000100000001000000010101001000000000100000000001000100100010010000000001100000000000001000100010000000000100000100100000000000010000000010000001000000000000010000000000100010100001000000000000100000001000000
0000000000000000000001001010100100000000000000000101000000000000001000000000000000000010001000000000000000101000000001100000000010001000000000000010000000000011000000000100100000000111000010001000000000010010010000000000000000100100000100000000000000
0100000000010100100000010000000101000001001001000010000000000000001000100001000000001000100000100000000100010010101000000101100001001100000010001010000100000000101010000100100001000001000000101000100100000111000001010000000001000000100000000000011000
1100110110000000000000000001000000000110000000100000010100000000000000010000000100100001001000000100001000000001000000000000000000000000100010101000001000100000000100001100001000110001110000000000001001000000100010000000000010001000010000000000100011
1010010101000010000000100000000000001000000100000000100100000100001000010010001100000000000010001001000001000000000000010011000000000010000000011001001000010000000000000000000111000000100010001000000110000000000000100001000000100000001001000100000000
0001000000100000000000101001000010010101000000010000000000100000000001000000000000100000000011000000010110000000000000000001000000000010000000000100001000001000000000000100000000001000000000010000000011101000000000000000000000100100010110000000000000
0000000000000010110001001000000000001000000010100000100000010000001100000001010000001001010000000010001010010001010001001000011100000010000000001000000000000000000000000011000000000101010101010000000100000000100000011001000000101001000010000000100100
1101010000000100000000000000000001001000011100000000001000000101000000011010000001000001000010000000000001000010010100000000000001100001001010000100000000000000000000010000000000000000000000100110000000000001001000000000100000001010000000000000000000
0000100000001000001000011000010000000101000000001000000000000001001101000100000000010100010001000100000000010010001010001010000000001000000010000010110000000000100001000001010000100010000000010010000100000000100000000100001100100000010000000101000010
0010000110000000001000000000100000000000000000001001000010000001000100000010100100000000000000010100000000000000000010000010000000001100000100000000100000000001001100001001010000001100010000101001000000010100000000000000000001100000010010010000000001
0000000011000000000010000000010001010000011000001000011100001010011000100000100101000100100000000000000000000010000010001100010110001000000010111010000010001000000001000010000010001001000110100000000010000000000000000100000000000000000001000000000000
0000000000001100100100001100101000010000000000000001011001000000000000000000000000000001000011001000100000100000100000010111100101000000000011100000000000000010000000000000000000000000001000000000100000000010000000000000000010000010000101000000000000
0000001000001100000001011001000100000001010100000001000100000000001000000000010000101000100000100000100100000101000000001000100110000001010100101011001000000000000101000001100000000001011010000000011001000001000010000010000001000000100100100000010001
0000000010010000000000100000010100000001100000000001001111001000000100001100000000001100010000000000000001000000100100101100000100000000000000000000100001000000000000010000010000010011000100000010000100100010000100001000100000000000110000000010100000
1000101101000000000000000000000000000001100000000000000100111000010100000001110000000000001000001000001101010000001000010000000001001010000001100000000000010100000100010000000000000000011000001011010000000000100000000100000010000010000100100000000000
0000000000000001010000001000010000000100101011000000000011000000001100000001000000000000000001000000000001100000000000100010000001000000100010001000100110001000110000000000100000000000000010000100011100000000000000000000000001000001000100000101000010
0000000010000110000000100010100000001000000000001000001000000001100000000010100000001000000000001110000000000000000000000000000000011000101000000011100000010100000000000000000000000000000000000100000011100000000010000000000000000100010000000000000001
0000000001001100000000000000000101100000000000000000010000001010010000000010010001000100000000000100000000000000011000000000000001100010010010000000110010000011000000000110000000000010000000000000000100011000000000000010000000000001000001000000110000
1011000000000100010100100011010000010010010000000000011000000010000000000001100000000100000000000001000001000100000000000000011000000100001000000000001000000000001000000100000001010000000000000000000001000001100000010001000000010000000000000000010000
0001001000000000100010100000000000000100000000000000001001000001011011000010110110000000001000000000100000001000010100000000100001000001000000000000001010000000100010000010010001000000100001000000000000100000000100100001000000010100000000000000000100
0000000000001000000100010000000000000000001000000010010000000000010011000100010000000001000100001010000000000000000100100000000000001000000010100000101001000000000011000000000000000001000000000000010000000000000000000000000100100001000110110000000001
0000110001000001011100000110000000000000100000000100011000000010000000000000010001010010000001000011000001000010000001000000000100000000000100001101010000000001001100010110000000000110010100000000000100010100000100010001000010010001000100010001000010
0000000010000100010101000001000000010110010010000101011000000001100111000101000000000010000000100000000010010000000000101000000000010000000000000101110000000000000001000100011000100010000000000000001000101000000001000000000000101011000000011010001000
0000000001000000001100010000000000100010000000001000000010000100000000000000000000001001000100000100100001100000000000000001101100000000000001000100000010000000000011100100000000000010000000000101100000000000011001011110000000000000100000000000101100
1110100000000010100000100010011100100000100000010000010100000000000100100000000000000011000100000011001001000000001001001010000000000000000100000000000010000011100000001100000001001000000000111110000000000001000000000000001100100000001000000100010100
1100000100001000000000000101001000001000000000001100001000000000000000000100000010010000001000000101001010010000110000000000001001000010000110110000000000000000000100101010001001000000000000001000010100001000000000010000100000100000010000000111000000
0001001000000001000000000000000100000000010000001001000000010100000000000010000100010001000000100000010000001010001100011010001000001000000000000001000001100000100000000000000000000000000001010000101000000001000100000000000000100000000001000001000000
0000000000000001000100000000101100000000000100001000001000001000001000000000001010001010100100000000000000000100000000000010000000000000011000010010000010000000110010001100011000011000000100010100010000000001000000000100000010101000000101000000000000
1000001011001010000000100010000100100000010100000100001001001000001000001011011001100000000000001010000000001100000000000010001001000110000000000000010001000000100010100010001000001001001000100010010100000000010010000001000000010000000000101000010000
0000000000001000000110000000010000011011000000000000100000000000000000010000000000100000000000000000000100101000000000001010010101000110000010100000000000100010100000000010001000000001000000010000010000000100101010110000000000000000000010001000010000
0000000000000001010001000000011000100000001000000001000010000000000100001111100000000000000000001001000001000000001000000010000000001000000100000000000001100101010000111000000000010001000000001101001000010010000001000010010100000000100010000000100100
0100010110100010100000000001000000000001000000000000000000010011000000010100001010000000000001000000001000000001000010010000000000000001110100000000000100010000000011110100000100000000000001100100000000000100000000000100000000000000010000000000000000
0010000001000000101000000001010000011001100000000000101000011000001001000000001000000000101000010000001000001011000001101000100000010000000010000000000010000100000000000000000010001000010000100000001000000000001000010100000000000000000000010000010000
0100011010010010000010000100000010000000000010000000000000011111100001001000011010001001000101000000000011000100001000100011011000001110110000001000000000000000000000000010010000001000000000000000001000000000100000010010000000000000000011000101000000
0000010101000100000000100000010100000010000010001000000000000000100100010001000000100110000101000010000000000100000100000000010000000000100000000000000100000001011000101110000000000010000000001100010110000100000011000000010000000000100001000010100100
0100000000000001000001110000000000000010100100001000000000001000010100000100001000011000000000000110000000000000101000000101001000110000001101000010010110001000011000000010000000000000000000000011000000001100001000000001000010000000000000001000000000
0100100001000000000001000000010000000000001001100000100001000000100000110000100110000100000000000010001000000010001000000001000000000000101010100000000000011001000000001000000000000010000010000100001000000001000000010011000000000101000000010000010000
0000011100100000000000000000000000000000110000000010000110010000000000000000001001001001000110001010000000001000011000001000000100010000001000000010001000010000000000100010010001010001100000010101000000001001000000100010101001010000001000100010001011
0000110000001000000000000000100000000000111010000000100000000000010111000010000010000000000110011100111100100100000000000000100000011010000010000100011111000000000000100001100011000000001000001001000010101001001000000010000000010000110000101001001001
0000000000000000010100000000100000110000000000000000100000001000000000000010000000000000000000000100000000000100000110000000101110000100000000000000100100000010000010010000000001000001000001000100010000000000000000000100000000100000001000000011000001
1000000000001000100011000000010000000010001000000100011000001001000000000000000000001100010000000001110110001010000000000010010010001010011000000000000000000000110000000010001100000000000000001010000000000000000000100000100000000010000000011000101000
0101010010001110000000100001000100100000010000000001000100100000000000010000001000010000000100010000000000000000000000000101010000110000001000000001010010011010000110100000001000100000010010000100000000000000011000001000100000010000001000000000010101
1000001001000010000000000001100000000000000000001000000000000000000000001000000100100000000000000100000000000000100100000011000000000000000010100100100000100000000000000000001100001100000000001010100011000010100000000001001001110001000000011000000001
0000001001100100001100000000000000000100100001000001100000000001010000000101000100000000000001000000000000010000000001110001110001000100011000010000110000010000000000000100000000110000000111001011000001101001000000001000000010001010000000000100000000
0001001000100000010000000001010100001010001000000000000001001000000100000001000011000000000000000000100000010010100100001000000000000000000000000000000000000000100000011000000100000100001000010101001010100000000000000000001000110100001100100001100000
0101000000100010010010000010000100000010000000000001000000000010010000010010010000000011000001111010000010000000011100100000010000000010111010100001000000000000000000011000100000000000000001000001000001010000000000001000001111000000001000000000011000
0001100100010011000000000000100000000010000000000000000010000100000100010010000100000010100001000100110000100001010000000000111000000101000000010000000010000000000001000010000001100000100000000000000000000000010010100010000100001000000010000100000000
1000000011100000000000000100000000010000000000001010000000000010001000011000100000001000000100000000100100010000000000010000010000000001000000000010001000000000000000000000100000000000000000000000100000000000000101000000001000000000100000101001000000
0000001000000000000101010000000000001000000000000000000000100000000101001000010000000000000000100000000010100010000010000000100100100000010000100000100000000000000100101000010100000000000001000010100100000000000000010000000000000011000000000100000010
0000100000000000100001000000000010000010110100100010000000001100000000010000100000000001100000011001010000100001100000000000011000000010000000010010010000000010011000100000011000101100000000001000000000000010000100000010000000000000000001000101000001
0000000100100000000001101000000000011000100000000001001101000000001000000000000000000000000001100000010000000000000000000000011000100100011010000000000100000000001000000100000100000000000001100000000000000010000011001000101000000000000000000000000100
0000000010000001000000000101000001001000100011000000000100100000000000000000000000000000001100000000000000000000100000010010000000000000000000000000010001010000100001110000000101000000000000100000000000001000101100000000000100100000000010100100000000
0000100000000000111111100010000000000100001010000001001001001100000000011000101000000000010000001000000000000000010010001010000001010000101000000001010000001010001100000000001010000000100001000000000101101000010000000000000000000001000000100001001000
0000100010001000010000000000000000000000000000010000000000000000000111010101000000010000001010001000000000000010000000000000000000001000100000010000100001001001001000010000001000000000010001001111000000000000000000000100010000000001000100000110000001
0100000000000000000001000010001011000000001000100000000100011110010000001000001000000000010000000000000100001010111000000010000000000000001000000000011000000000010000000000010000010000000100001000000000000000010000010000000000110000000110100000110000
1000000101100000001000101000000000000000000000010100000011000000100101000001000100010000000000000100001000100100001010000000010011000000000000000001000100000000100000010000100100010000100000000000010000000000000100100000000000010000001001000000100001
0000000000001001000100000001001100000000110000101000001000010000000000000010000110000100010000000000000000001000000001000001000011000000000100001001010010010000111000000000101000000100000000000010100010000000000000100000000000000000010110100010000100
0000000000000000000000000100000001100000000000001100001000001000000100000000000000101000000000000000000000100100100000000000000101001000000100100000000000011100000000001000010100000000000000000101000000000100000100100100100000000010001000000100010000
0000000000010000001000000000000100000000000100100000000010000100000001001000000000100000000010011110010000000000000000010011100000000000010000010001000011011010000000000100000000000000000010110000000000001000000001000000001000000000001001010000000100
0010101000000000100010000100000010000000001000000001000000000100010001010100000000000100000000000000100100010010100000000000001000010000011000010000000000000100000010100100001100000010000100001000100000000111000000100100000000000100101000000001000000
0001100001000000010000010000000100100001001000000000000000010010000100000001000010000000100001000000000010000010000000000000000001100000000000100000000000001000000000010000100101010000010010100100000000001010000100100000001000000000000011000100000000
0000110001000000100000000001000000001000001000000000001000000000100000010000000101010000100000100000000010000000000010000000000011000000011001000000001000100000100011001010000000000010000011001000100011000101001000100010011001000000000011001001000010
1100000010010100000010001000010110000000100000000000010000000000001010000001000000010000000000000000100000100101000001010001000001011000000010000000000000000000000000001100000010011000000000000000010010000000100000000001000100000000000000100000001001
1100000001000000100000100000001000000010000001100000000100000010000001100010000000000010111000000000000000000000100000000000000000010100001000100000110000000000000000100000000100010001010000010000110110010100000000001010001000000100000000000010110000
1010000000000000000010010000000000100000101100100010000000000001001000010000010000000000000110000100000010110000000000000000000001011001100000000000000011000000000000001010000011000000000000000000001000000010100100010000000000010000000000000001000001
0000000000000001000010000000000000100001001100100000100000000100000001000001000000000010010000100010010100010000100000011000010010000010000010000000000000100000000100000000000100001000010000000010000000010000000000000100000001000010100000000011010001
1110000000000110010110001000001000010000010000010000000000010000000000000000000000000000010100000000000000110000000000010010000000000000100010100000100001000100101000000001000000010000001000000000000000010000100001000010010000000011010001000010100000
1000000000000100000000010011100000000010100001001100001001000010000100000100000000000001000100000000100010000001001000000010000000000110000000000000000100101000000001000000000100000000000010010000100001101100000000000000110100000100101000000000010000
0000000000010000100000100001110000000110000000000000000100010000000100000000000100000000000100011000000010000000000001000010000010000000010000010000000100000000100000000000000000000001100000010010101001001100010000001011000000000000000000001000100110
0000000000000010000010110000100000000110010000100000100100000000101000001101011001100101000000000110001000101001000100000010000100101000010000000100000010000000001000000100010000100000010000001000001000000001000000010011100001000100000100000000000000
1001000000100000100010000100000100001000010000000000000101100001100000000000000000000000001000010010001000010111010100000100000110110000000000000000000000001000010100000000000000110001000100000000000000010000000000001010000010100000000010100001000000
0001000001000000000000000000000000000000011100000000000001000000001000010000000000000000000010000000001000100001100110000001000001000000000010000001010000000001100000001011001111101000000100000000000000000000100000000000000000000100001000000010000101
0000000100000010000000000100000000000010000010000000000001000000000110000000000000001000000000010101011000000000001010000010000010100100000000000000100010000000110101100000000010000000000000000000000000010000000000000000000000100001001100110000101000
0010000000000100000000000000000000100100000010010000001100000000000101100101000000000010000100100010000110010001000000000000000000000100000000100100000000000000000000000000100000100110000100000000001000000010010101000100000000010100100000000101010000
0000100000000001000001100000000000000000010100000010010000010000010100000000001000000001000010000000000110010000000000001000000100000000110000101000000011001000000111000001010000000100000000000000001000001000000000000001000100000010000000100000000100
1100000000000100000000000001000000000000101000100001001001000100000000000001000100000000101010100011000000010000000100000010000000000000010000001001000000000010000001000000000000000000000000000000000001100000000000001000000000000000100000000001000000
1000100000000000000000110000000000001001010000000010011010000000100001011000000100000000000010000000000010000001000000000001000100001100101000000000000100010011000010001000100000000000000000001000000001100000001000000010000100101000000100110000100000
0001001000010010000000001000000001000000010011000000000000001000000000000000000100000000000000010000000000000100000000000001000000000100001000000001000000100000000100100101010000100000000000101010000010101010001001100010000000000101000001000000010000
0000000110000000000000000000000001000100000010000000000100110000101000000000000000000000000011001011000100000000110000101000001100000010010000010000001000000000000000000000000000111000000000000100101001000000001000000101110000000100000010000101000100
0001011100000100000000101010000000101000010000111000110100100000000001000101001001000001000000010001000000001010001000000010000001010100100000000000001011000000110010000100110000000110001011000010010001000001000001000000100000000010010100010000000000
1000010010000000000010010000000000011100000010010011001000000011000100000010100000000100000010010000000000010000000110101001000010100010000001100000010010011100000000000100100000011000000101000000011000100000000000000000111000100000100000000000100000
0010000010000010000010000000000000000000110010100001110000010000001000000000010000100000000010000000000100100000000111001100100000000000010000000000000000010000001000000000000000000000000011100000010000000000000100100000000001000001011000000000000000
0010100100000000000000001000001000000011000010000010000001001001100000000000000000000110101000100010000000000100100001010000100100001100000000010100001000010000101000000000000100001000001010000000101000000001000000010010000000100000000000000000000100
0010000110010001100000000100000000000000000010000001010110001000000000001000000000000100001000100000000001000000010000010010010000001100000010000001010001100000000001000000000000001010000000000110000100010100000000000000000100000000000010001000100000
0100000010100000000010001000000000000000000000001100110001001001000000000000001010001000001001001000000001010100000000000000101000010000001100000000000000000100000001000000000000000101000000000000010000100001000000001000010000000011001000000010000000
0100110000000000001101100000010000000011010000000001000100100010000000010000000000001011000100010100000110100100000000000000000000001000010000000000000000010100001000000010000000000001010000100000000000000001000000000000000010110001000010000110000000
1100001010010001010000100000010010100000000111000110001010000100000000001001000000000000000000000000000001000000000101011000000000001000000000000001000010101000010100000011010000100010000100000000000100000000100010001010001000001000000000100011000001
0000010000001000001000000000000000000000100101010001000010010001000000010000001100001000100100100000010100000010000110001000000010100000100101010000010100000001000000001000110001001101010010100000010000000000000110010000100010000000100100000000000000
1100100000000101011000010000000010000000000000000000000100100000000000010000000110000000001000000000100000000000000000010010000010000000010000100000010100010000000000000000001000011000001000000000000000000000000000000000000000000000000001000000000000
0011100001000010011100000000000000010001000010010000001100001001100001010000011000100010000000000000000000000000000000010000000010000000100010101000010010000000010000001000010000010010000000100000000010000000000111000000000010000100000000000010001000
1000001000100010010001001000000101000000000100000000000010000000001000010000000000000111000100000000000000000000000000100000011000010000000000000000000000000010000100000101100001000000010000101000000000000000100000010101000000011100000000000100100000
0011000010100000001100110000100000100000000010100000000100001000000000000100000001000110000001001000101110000001100100001100101000000010000000110000000000010000000100000000011001000010010001010010000000000000100000010100001010001000100011100000000000
0000000000000000000010101100000010000000010000000011100100000100000001010000000000010000000000000000011000000000001000000001010100000010000100000001000000000000000000010000011100000000000001000000100001001001000001101111000100001000001010000001010000
0000000001100000001010000100000000000000000000000000000000000000000000000000110100100000000100000100000000101010010000111010000000000000010100000000100000000000001110000000100001000000100000000000100000000000000010010000000010000000110000000100000000
1000001000000100100010000000000100000000100010000000000000010100100000001100001000000000000011000000000001000000000010001110000000000001010000000000100000000100010000010011100000001100000000000000000000000010000010000100101000000001000011100010001100
0100000001000000001100000000000101000010100100001000000100000010000000000110011000000001011000100000000000100000000101000100001001100000000010110010000010000000010100010000000101100000000100000000101000000000000010000001000100000000000000000000010000
0001000001000000001000000000000001000001011000010000010000000110001000000000000001100000000000010000000000000000001000000000100000010010000000000010001001000001000000001001001010100000000000000011100000000100100001000110010000100001000000100000101000
0000110010000000000000000000000010010000100110000000000000001000000000001000000000001001010000000010110111000000000000100000010000000000000100000001001000101000000100000010101000001110001100100100001100010000010000000100001000000000010000100001000000
0000000000001101000000000000101000100100101000001001000000100000001000000000000000000000000000000100000011000001000000001000000001000000100100110000001001010000000101000000010011000011000010000000000000000000000000000011110000010011000110000000000010
1000000000000000000000001000000000000010000000110001100000000000001010100000101011000100010000000000010111000000000000000100100101000101000000001000010000000000101000010010000001100000001001000000000100000000100001000000000111000000000000101000110000
0000011000000000000001000000001000010010000000001101100000000000000010000000000000000000000100000101000000000000110100000010000000001000010000100001000000110000000000000100000000100000100000011000000001000000000000100100010010000010000000100000000000
0000110010000010000000000000000000000001010010100011010000010000101100011000001000110000000000000100010000000000000000001000000100000001010000101100000010000000000000001010000000100000001001000000000000000010000000001000000010010010010000001100010000
0000000110000100010000000000100000000000100000000011000000000100100010000110010000000100011000100000000010010000000000000001001000000010000100000000000000010000100000000000101000100000000000001000100010000011000000001100001001000100110100100100000010
0000000110000000100000100001000010000100000001100000000000000010000000000000000000101100000101000001001000010000000001000000010000000000000000000000010001001000010001010100000000100000000001100010000000001000000010000100010010101000000010000101000000
0001000100000000100000000000000000010000010000000101000001110000000000001101010010000000001100100000000110010001001000100000000000000111111000001100001000000000000000010000000001000000000000000000010000000000000000000000000000000100011000000000100000
0001000001000001000100000000001000000010000001110000000010001010001000010000000000000000000010100000000000001110101010000111001000010000001100001001000000010000000000000000010000000000100000000000000001000100000001000110000001000000000000100111000001
0000000001000000000110110000001100011000001100000000001000010010000111000010100000001100000000000100000100100001000000001110000010000000001110000000000000101010000011000000000000100001000000000000000000010100100000000000110000100001101000000000001000
0010001110010000000000010101000000000000001000010000000000001000001001000000000000001000000000000000100000001000010010000000100000000001000000000000000100000000000100000000110000101000010100010000000101000000100010010000001000010010110000000000010000
0000001000000000011001010000000000010000000000010000000010101000000000000000010000100100010000100110000001000100000000001000001000000010110000000000000000000000000000001000000010010000100000000110000000100010000000000000001000000000101100000100100000
0000101000100000000000000100000010000000000000010010001100000001000000000010000000010110001100000000010000000000000000000001100100000000001000000000000000000000001001010001001000000001000100000000000000000101000000100000101011000000000001000000000000
0000011000101011100001000000101100010000000000101001000000100001001000000100000000011100000011000000000000010000000000000000001000000000000010000000011001010000000001001000101000000001010000000000000000000000000000100000111000000100000010001010000000
0100000000100000010001000000110000000000100000000000010000000110011000000100000010000000010000000000010000000000000000100000000000001000101000000001000000101000000000000000010001000000110000100000000011001000000000000010000000000100000000010010000000
1000001010000000000000000000000110010101010000000000000001000000100000100100000000110100010000000010100001000000000000100100000110010100000010000100000010100000000000110010100101101000100010100100001000000000000001000000100000010000000000110000000000
1000000001000010010000011100110000000100101000000000000000000100000101000001000000011000000011000000110000110000000110001001000001000000001000010000000100100100100000000000001010000101000000000000000000101010001000000000001001000000000000001000000001
0100010001000000010101000000000000000010010010000001000100000010100000100000001000000000000001000000100000100000000010110000000000000100001010000000000000001001000000000000010001011100001100010000001000000000000100010000010000001100010000000000000000
0011000000001011000010000100010000000000000000000100000010100000000100011000000000010000000001001000000000001000000001000000000100000100000001000000001000001010000000010001000000100000000000000000000000000000000000000001010000100000100000000101000000
0001000000000000000111000000101000000000110010100000000000110000100001000000000000100000000000001000101110100000000000100000010000001000000101100000100010010000110000001000000000010000000000000000001010000000000001000001000100001000011010000011100000
1010000000001000001000100000100100010100001000000000000000000010001000100110000001000100000001111000000000000110000000000000101001100011000101000000000100010000000000001101000001001000000001000000000011001000000100000000000000000011100001000000000010
0011000100000000000001001001010001010000000001000000000000000000000010000000000000000000000001010000000010000000000011010000000000000000000000000001010000000000001000000000001000001000000000000001000010100101000000000000000000000000000000101100000000
0010000000000001100000000000100010000001010110101111000000000001001000000010000100000000000000000000010000000000000000000000010100000000001000000011000000000001000000000001100000000000010010000000000100010011000100011010010000000000010010000100010101
0000010000000000000001011010000010100100000000000010010000000000000000000100000100001000010011000000100101001000000100100000011001000000001000010000000000000000000010000101000001010000000000110100000000000100100000000000010000000000001000001000000001
0000010100100100010000010001110000000100001100000010000000010110000000100011001000100000100001010001000010000000000100010100010010000000000100000100000000100010000001010000010000000000010000000000000000100010000000100010000010000000110000001000100010
0000000000000011000010000110000001010000000000000000010000001001000000001000000000000000000100010000000000000101000000000001101100000000011100010000100001100001000000100011000000000000000000000101100000100001000000100000010010000100000011100000000001
1000000100000000000000000000000000001000000100010010000100110010000010000000000000010000000000000000010110100000000000000000000001010000000000100001000001000000000000010000000010000000000100000000000001000000100000000000100101010000000110000001100100
0100011100000000000001000000100010000000001110000001001000000010001000010000000011011000000001000011000000000000000001001011100010000001000000000000000100100001000000000001000000010000000000000000000010001000000000001000100000100010000000000010010001
0100010001000100010000010000000000000011000011000100000000100000000000000001000000001000000010000000000000000100001000010000000000010000000100101000010000010010010010000000000010000011110110000001000000000000000000000000000000010000010101010000010110
0000000000000000000000000010000001000000100000001100000000000100000001000010101010000100000000000000110000000000110000000000000000000100000000000100000000001101000000000000000000000000000101110000000000000010000010000000001000011000001010000000000000
0000111000000100001010011000100000010000000001000010000010000000000000100000000001000000000000001001101000000010000000001000000000100000000010000000000000000010000010010000101000000101000000001000000100000100010000001000000000001000001100101000000000
1010000000000100010000010000000000000001000000000000100000000001001000001000001010010100000000000111000101001000100000010000000010000000000001000001000001000110000001000000001000000100010000001001000000000001110010000001110010000000000000010000000000
0000000010001110000001110011000000000010001011010010010000011000000010010000000000010000000100000000000001000000000101000001001000000001000000000001001000000000000001100100000000000011000000010000000000000010010000000010000110011000000000000000010100
0000000010101111011100110100010100000000010000100000000100110000000000010100001001000100100000000000100000010110001010010101100000000100010000000000000000010000000000010001000010001000000110100011001000000000000010010000000010000001000111001100000000
0101110000100001001000000000110100010100000000100100000000010000000000000000001100010000010000000110000010000000000000100001100000000000000001011000010000000000011110001111000010100000110000001000000000101000000000000000000000111001100000010000100000
0010000001011000000100000000000100000000000000100001000100000010000000000000000010010001000000000101000000000000000010000000000000000000001000000000000000000000000000100000000000010000010000000000000001000100000000000000100000000010000000000000010000
0000000000000010010000000000000000100000000000100000001000000000000001000000100100001011000000001000001101000000000000000011000001000000100000000000110001011000000001000000000000000100000010010000000000100000000000001010101100000010010000000000000000
0000010000000111000000010010100000000100000010000000000000000000000000000000000000000000000010000000010010000000000100000100000001000000000001000010000000000010110100000000000000100000010010100000000000000000000010000000000000000000100000110000101000
0000010100000000010010000000010001000000000000000001000000000000000001000000000100000000000001000000101010000110000100100000001000010000110000000000100000000000000000010000001000000100000101000000000010110000000110010000100010010000100001000001100000
0000000001000100000010010110000000010100000000000011100000001000000001000101000000000101001000100000000100000010000010000110000000101001010000010001110010000100000101100100000000100000000000011000000000000100000010000000010000100000000000000000000000
0000000001000000000000100100010000000000000000001000000000001110000000001001100100010000000001000001000001000000000000000001001000000000000100000000001010100001000000010000000100000000000000000011101100011100100111010010000000010001000000000000000000
0000010000000100000100000100000000010000000000000000010000010110000000010010100000000000010000000000000000000011000011000000010011000001000010100000100000000000100000001000000000000100000001000000000001000010000000001011010000000010110000100000000000
0000000000000000000010001000100000010000010100000000001010000010010000000000000010000101110000000001001000000000100001000000000000000110000000000000000010000000101011010000011001000100000000000000100000111000010000000011100000101000010000110110000011
0000001101000000000001000000000100010000000000000011000100000100001000010010100010000001100000000000000010000000000000100011010011001101000000001100010001000000000101100000000000000100000110110100010000100000000001000010000010000000010000100000000100
0101000000000000000000001000000101001101000100000000000000000000000000000010000000000100001000001100000000100000000000000000000100000010000000100000000000000001000000011000010000000000010010000000000000001000000000000010010100000000000000100001000000
0001100100100000001010000100001000000000000000000001000010000000000000001010001000000000000100000100000001000000110000000000101000010000000000000011000000000000000000000001010000000000000000000000000100010001000000000010000000100000100001000010010000
0000000000000000000100010000000000011010000010000000000000000000010100001000001010000000101010000000001000000000000010011100100001000000000010000010000000000000000000000000000000000000000000000000010000010000000000000000000000000000001000010000101000
0010000000101001000110000100000000001011001000000100100100100100000000100000000000010000000101000000010000000000000100001100001000010000011000100100000100100000001010000000100001100100000000000001010000000100001100000000000000010000100010000010010101
0010000000000010101000010100100010000000000100000100011001010000000000000100000010000000010000001000000000000001010000001000001000100000100000000011010000000010001000011000000100000000000000000000000011000000000000001000101010100000000010001010100000
0001100100000001000000001000000000000010000100100100000000000010000000000110000110000000010001000000000000001000100000000011000011000000011010000001000010001000000101100000000000000010010000000000000100000000000000000001100000000100001010000110000000
0101000100001000001000000010000000000000000000000010000000001010010000000001000000000100010000011000000000000010000010001001000101010000100100000000100001000001000011000001000001101000000100000011000000100011000000100000000001010101000000000000000000
0100001000001001001010011111101100110000000000000000000000010010000100010000000100000000000011000110001000000001000100000000000101000000000001001000000000100000000000000000001001000001000100000000010001000000100000100000000010000000000000000001010001
0011000100010000000010000000100000000000010100000000000000001000000000000000000000110000000110100000000000101100100000000011001001010100010001000000001010010000001001000000001000000100000100000100000001010001010000000010001000000100101001000001000000
0000110100000100000000000000000010010100000001000000000000111000001000100100011101000001000000000010101101000010100100000000000001000000001001000000000000000000010100001000000010000000000100000000001101101000001000000000100101100100001001010000001000
0000001000000000000000101100100000010000000001000000000100000010001010000000001000001000110000000000001000000000100001100000000100010000000000000000000010001000001000000000000101100000001000000110000000000010010000000100000000000010000000000000001000
0000000001000000100000000000000000100000010010000010000000000010010010000000001000000110100010010000000000000000010000001000011000000010100000100000110000010000100001110010011000000000000000010000011000010000000100000000000000000000000000001001000000
0000010000000001000000000000000000000000000000000100001000000010000100000000000000101000100001000000001000000001001001000011100001000010100100000000010001000000001000000000100010000100100100000000000000000000000000000100000000100000000000000010100001
0000000000000000000000000000001010000000010000000110000000001000000100000000000000000010101000100000001000000000000000010000000000100001100001000001100001110100100001101000010100000100000000001001100000000100000000001000000001010000000000001000000000
0110001001100100100000000000001000110010100000100000000000000010010000000000000000000010100000010000010000100000010000000011000000001000000100010100000000101000100000011100000000000000000000000100010010010000000000000000100000001010001010000100111010
1000000000001000000001000010000100001000001000000000000000000000000010000000100000100000011000000000110010000010000000000000000000000001111000100000010001001010010001000000000010010000000000110000000000000000000110000000100000000110001010010001000000
166 183
18 170
