250 250
0000011011000000000000110001010000000000001110100010110000100000000100001100000000000000001000000000000000001000100000000000000010100000000000010000000001000010100101001011010001000000000010000010000010000001000000010000010010010000000000000000000000
0000000010000000000111001010010001000000000100001000000000100000000000100000000000100001100001100000001000100000000000100000110000000010000000000000100100000000011011000000000000011100000010010001000000000100110000000000010000100000000100000000000000
0101000010010101000000010000000000000111001000001000000000100000001000010000000110100000000000000000100000000100000001000000000011000000010000000000100000101100010100000010001000000001010000000000000011001000000110001000000000000000001000001001100001
0000100000000000000000000001000011100000001000110100001010001000000000000100001000000001000000000000110100000000001101000000001000000000001110000000110000101000000000101100000100010000000000001000000001100001010000000000000000000000000011000000000001
0000110100000001000001001000010000000001000000000001000000000001001000000000000000000001000001000000000100100100010000000100100000001100000000000001010000000000010000000000001000001000100000000011000100010001000100000000011100000000000010000000000010
0000000000010000000000010000000011101000000000000001000001110110001000000000001000000000000000000101000011000001000000000111000100000001000000000000001100000000000000000010000001000010001000010000110000010001010000000001000100000000001001000011010010
1000000000000001000000000000100000000000001000011000000010000000010000000001000000010000000000000101000100100001000000000000000111000000010110010000000000000000000100001001010000000000010110000000100000000000000110000100010010000001000101011011000000
0001000000000110010000000101000110000011000000010011000000001000000000000000011000001101010000010010100100010000000110010000000001000000010001001100000011010000000100000000000000000101000000010100000000100100000000000000111010000100000000001011100000
1000000110000000001001000000000100000000010001011000000010000000010000000001000001010000100010001000010000010000000011000000000000000001000000010001000000000001000011000000000000000001000100110110000000000000001000000000000000000000000000000000000000
0100100010001000001110100000010100000000001000000000000000110000000010000001010000000000000010000001000100000000101000000100100000000000000000000000000100000000000000000100000000001110000000110010000001000000010011001001000010000000000000110000000000
0001000100100000011000000000000001010001110000000000000000010000101000000000000000010010000000000010100000000010000000100000000000000010000100010000010111101000000000000110000010001001000010000000011000100001000011110000000010010000000010010000000000
0000110000010000000000010000110000000010100000010000111100011010000000100010101001000010000000101010000000100000000010010011000000000000000100000000000000111000000001100000000000000001100000100000000000000111000000000010000010000000000001000000000000
0100100001100000000000000000010100000110110001000000010010000000001100110000000001000000000000110001000000001000001000000101001100010000010000000001001010011100000000000100000011000000000000001000000010000101000000001000000100001001011000000000000000
1000000001000000100010000000000000000010110000000001000000010000000000000000000000000000100000000000000000000100010000100000000000000100000100000001001100100000100000100000000100000010000000000000000010001101000000001010010001100000010000000001100000
0010000010001000101000000000001001000000001100000110001000100000010101000111100010100000000001110000000000001001100010000110001000000000001000010100001100011100101010100000000000000001000011000100010001001000000000010000100100100100001100000000000000
0000000010000001110000010001001000010000000000010000110000100110000000000000010010101000000111000000000100000001000100000000000000000000000101100011000010010000000000001000000011000100000001011000001100000100000001001100000000010001000101001000000000
0000000000010000000000000110001000000010100100100000000000000000001100000011010001000000000000101000000000000100000000000010000001000000010000000000000000010000000000100000001100100100010000000010000000000000000000000000000000001000000000001000000000
1000000010000100011110000000000000001100000000010100011000001000000010000000000000001000000000000000000000000000101000000010100001000000100000000000000000000010000001001000000011001000000000100000001000000100010000010010000010000000111001001000001010
0100001010001000000000000000000000010100000000000100000001001001110100010100000000000000000000001000000000100000110000100000000000100100010000000000000100000000000000100100000000000000000010100000000001010000100001000001100101101000000000000010000000
0001000000000000000000010000000000100100000001000000000000000000000100000100010000010110000000010010000000100000000010000000000000010001000000000000100010000010001001000110000000000010000100001010000101100000000000001110110001000000000000010000000000
0001010000000000010100000000011000011000100011100000000000000000010000000001011010000000000001000000000000000000001000110000100100010000010000000010000000000100000000001000000010000000100100001000010000000000001000001011100000000000010000000000000000
1000100000001100000001000000001000000000000001001000001000000010000000000000000100010100001000110000000000000101001100010000001000100000000000001000000001100000000000000010000000001010000000000000010100100000000000110010001100000000000000000000000010
0000001000000101010010000001000100100000001000000100000000100000001001100000010001010100000010001000000000000000001100010000000000000100000110101011010000001000001110100000000001100000000000010000000000000010001101000000100001000000000000000000000000
0000000010001000000010100000111100010000000100000000101010000000000000000011000000000001100010100000011010000000100000001001000000110000000000010101001100010010100010001000000000000000000010000000100000010011000100010000000000000001000100000100100001
1010010001100000000010001000000000001000000100001000010100100000100000000110000011000000000100000100000000000001000000000010101000000000000000000000000000000000001000010000000101010001000000000000000010000000000011010000000001000010000000100000000000
1100000100010100000001101000000110000000000010000100000100100000000100000010000001100000010010000100001100000010010001100000000000001110000110100110001010001000000100001100000000000001000000100000000000000000000000100000000010000000000000000000000011
0000100000000000000001010101001000000000000110100010010100000000110000000100000011000101000000100010010011000100100001000000000101000000000010010000100000000001000000000101001001000000100000000001010001000000000000001001000101010000000000000000001000
0000000000110000000000000000000000000000001001110000001001010000010000000001000011000001001010000011000000000000000000110000000001000100000000000100000011101111001000000001000010000000100010010000000000000000110000010001000000000001001000000100010000
0010010001010000000100100000000010010000000000000000000000101000101000001100000100000000000100000000000001110000000000100000000000000010000010000000000000000000000100100010000110101010010100110000010100100000100010000000000100011100000010000001001000
0001100000000000000100000000100000001000100010000000100100001100100001100110000100100000010001000010000000010000011000000000000000100000010000100000100000000000000100000100000100010010000000000110100000000100000001000000000001000110000111100101000000
0000001000000001100001001100000000000000011000100010000000010000100000010000000000000000000000000001000000001000000000010000000100000000101100000000000000000110000001000001000010000001001000000000000000100000010100100000100011100000001001010000010010
0000110000000100000010000000000010000010011101000000100000010100000000100000100000000000000000100000000000001001000010000000001000000010100000000000000000101100000000000000000010100011101000001000000000001010000100000110101010000010000100001001010001
0000100001100000010010100010001000000100100000000000000000000000000000000010000010011000100001000010110010001000010000110010000101000001000010000010100000000010000001000000001000010010000000000010010000000000000100000111100000000010100000000001000100
0000100000010000000100000100011000000011001000000000000100000100011100000000010000100000000000000000000100000001000000000000000001011000000000000000000000000000000000000110000000000000000001000001100000010000000000000000000000001001001000010000000000
0010100000001100000000000101000000100101000010010000010001010000010000000010010100000000000000010100000010000001000010000100000100010000100000000000000001010000011101000000000100000000000110000000000001100000100000000000000010001000000001000010000000
0010000000000000010000000000000000000010110000000001000000100011000000000000010000000100000100000000010000010010001000100100001000010000100010100011000000000000000000010000000000000100000100000000000000000001000000000000000000000000001001010001100000
0000000010000000000100000011010000000000000100000101000000000000001000010111001100101010001001000001000000010000000010101100000001000001000000000000000000010000010000010000000010100000000001000001010010100000000101101010000000000010010000000000010010
0100000000000111011001000000000000010000100100001100000000000001001000010100010001000000010000001110001100000010000001000000000010101000000000010000010000010000010000101000000110000100010010110001100001000000010000001001100000001010011000100000000001
0001111000000110010000000000110000000001000000000010001000000100000011000011000000000000000110101000000000000000000000000000100100000001100100000000000000000000010001010100001000000000100001000000001100100110000000100000000010000001001000000100100100
1001001000000101000001000000000100000010001000001000011000000000111001010010000000010000001000000000001000000001000000000000010010000001000000010010100000000000000000000001000010000001101000000000000100001000001000000010000000100010000000000011010010
0000000000100001100000100111000100100100001001000000010100000000100011011000000000010000110010010000000000000010000001000000100100001000011010000000011001000011000010000000000001110010010000000000000000000000100100000000100000000010000000101000001000
0010010000010000000000111000000001000100000001000001000001010000001000000000000000110001000101000000000000010001000000000000110100000000000000000000000100000000000000000000000001101000010010000000000001000000000110010000100000001001000000001000000100
1000101010100000100000100000000010000100100000000000100000000000011000000010010100100000000000000010000000000000000010000000000000000000001001001100010000100000110100000011000000000100001000000101000000001001110110000100000000010000100110010000000001
0001000000000001110000100000000000100010000110000000000010000100000000000000000000000000010000000001010001000010110000001000110100000000000010000000000000000000100000100100000001000000000010000000010100010000000010000101000000000100000000000000000100
0000000000000011000000000100000000010001000000000010010100000000101010100000000010000101011000000000000000000000000010000100001010000000000010100001001011001000001000001000100000001000000000010000000000100000000001000000001000100010001000101000000001
0000000000100000000000010001000100000000010110001000001100100010001000000000000001000000000000000000000101100000100000001001001000000100000001000000000000100000100100000001100010001000100000000000000000010000000000000000000001010111000000000000001000
0100000010000000010101000010000000010100100010011000000010100000000000010100000000001001000000000110000100000000000000001000000000000000000000100000000011000000100001001010001000000000000100000001001000001000000000000100100000001000000000100010110000
0001000010001001000101000010000100000001010011100000000000000001000111000000000101000000000010010010000000000100010000000000100100001000100100000000100000010100001000000000100100011100101000000010100010000000000000010000000000100010000100100000001000
1000010000001010010001000010101000010000000000100010000100000000000000000001100001100110100100000010000000010000000001100000000001000000000000000000000000000000010001001000000000101000000000000011001100100010000000110100000001000100000010000011001100
0000001110000010000000000111101000101010010100000000010000000000000100010000110000010000100000000000000000000001010000000000001000000010000000000100000000000010001000000000011010000000000000010000000010001100000000001001001100001101000100000000110001
0101000001100010101000000000010000000011000100010001000000001001000000000000000010000000001110100000000000001010100000100000000001010000001010100000000000001000000001000000000010111100100000000100010000000000000000001000001000000010000000000000000001
0000000000010100000000000001001110010000000000001000001000000000110001001001000000000101000010000000000100000000100000010001110100000100000000000000010001001000000001100000100000100000000000010010010000001010010000000000010000000000010000000000110000
0000000100000010000100000000000010000000010001010001000000000100001000001000010000110010000000101100000000000010000000000100000010000101100010000001001000000000000011000000000101110000000010000001010000010000000010000011000000010010000000001000010100
0000010000000000000000000010000000000000000111000000000000000001010000000001000100001111000010000001010010001000000000000100001010000100111100000010001010000000100010010001000000000011001000000000101000000000000000000000110000010010000000000011000000
0000010100000000000000010100000000010001000101000100100100000000000000000000010000000010000000100100000010000000000010010100001000011000000000000000000000100000010000001001000000000100000000100000001000000100001010000000010010100011010100000000000000
1100000000000000000000001100000000000100000000000001100000000011000000000000001010101000000000000000000000010001000100000000000000010000000000000000001001000000010100000001000100000000000000000101100101000000010000000000000000000100000001000001000010
0000101100100010011010100000000000001000010000000000000000001001000101010000000110000000000001000000010000011001000000000000000100000100000000000000010000000010000000010000000000000010000000000000000000000000010010010101000000100000110100010010000100
0010000000010000000010010010100000100100000100000000000100000000010100000000000000000000011010010000000000000000000000000000000100000000010011001010001000000010000001000100011000010000000000000000111010000010100000000000000000000100000000100000110000
0001000000000010000000000101000000000000000010000001000000000000000000001000000000100000000000010100000000000000110100010000000000000100100100100000000100100000000000000000000000000001101010010010000100000000000000000000001000000000000001000000000001
0000000000001000000100010100010101101001000000010000000010000000001000000000010000000010010000000100000000000100000000100000011000000000000000001011000010001000000001101000000000010001100000100011110000000000000010000000000000010000001000000001100000
0000000000000001010000000001010110001000100100000001100010001000000010000000000001000010100110000001000001100010000011100100101000000000000000001000000001000110000010000100000000010010100010110010001000010000110000000000000000010000000000000000000000
0000000000001100110000000000000000010000000001000000000000000001000001110000000001100100000000001000000000000101000000010000000010001000000011000111000000000000001000011000000001001000100000000000000000100000000000000001001000001000000000000000100000
1000000000010110000010000000100000100000000010000001011000010000000011010000000110100000010000000000000000010001000000110001000010000000010001010000100000000000000001000000000100000100001000010000000010001000001000000000001001100000100000000000001000
0100001100000010000000010100100000100110011100100000000100010000010100000000010000000000000000000000010100100011100010000000010000000000000000000010000000100000000000001000000001000000000000000001000110000000000000000100100000100000000100000000000000
1010000000000100000000000000000000001100000000010010000101000000000000100000101010101000010000000011000010010100000101001000000000000000000000000000000000000000000000010000010100001000000000000000001000100000000010100000010000000010000001101000000100
0101010110000010000000010000001000110001101000000001011000000000000000100100100100000001010010010000000000000000000000001001100000000000100100000000000100000101000001110000010000001000100000010100000001000000000010000010000000000100000000000111000000
0000000000000000000000110000000100000000010101001000010000000000000000010101000000001000100001001000100010000000001101011100010000010000000000000000010001001000001000000000000100001000000010000100000001000000000000000000000010100000110000000000001000
0100000000000110100001010000100000010000010100000010001000000001000000000001000001000001011000000000011000000001100000000000001001000000100000000010000000000100000000000000010001100010000000010000000000000000000010100010010100000000000001011000000001
0000000001000000011001000000000000100000100100000000000000110001000000000000100000100000000000000000000111100000000000001000001010000000110010101000000001110001100001010000000000011000100000010000001000000010000001100101010000100000000000000010000000
0000000000000000100100100010110000010000000000000000000000001010000000001000100000010100000001000010000100000000000001000101000010000000000000000100001000001000100000000000010100001000010001000000000111010000010010000000000000010000000100001001010000
0010000000000100000000000000000000000001100001010000000100000010010011010000001000000000001000000000000000001000000010000001000100010110000100101000001010001000000110000000001001000000000000000000000010000100100000000000000000011000100100000001000000
0000100100000000000000000000100100000001000000100000000110000010000100000010001000000100000000000000000110011001000000000000000100100100010000001000000000000010001000000000000000000000000000001000011000010000010000100000001000000001000000000000000000
1010000000000000000010000110010001001000100000110000000101000100000110000010000000100000000000100000001000100001000000000000000011100000000010000011000000000000010010000000000100000010010000001000110110011000000000000010101000000000000010000000001000
0000000001001000000001100000010000000111001000100000010000001100000000001010000001000001001010100001000000000101000000000100000000001000000010000000001010010010000000000000000001000000000100000000000001000010100000001001100000000000100000000010000101
1000100001010000001000000100000001000000000000000000000010000010001000000000101000100010010101010100010000100001001000000000011000000010010010000000000000000000000000100101000001000000000000000000011000000000000010100010010000111000001010000000100000
0000000000000000000000000100010000000001010101000001000000100000010000100001010000000000000010000000100010000011000000100000000001000000000000000000000000001000001000000000000000000000000000000000011000010000000100000011000000001000010000010001000000
0000000000001010000000000010110111000000000011000100000000110010010000000010001000001000110100000000000001000100000010001000100000000100101000100010000000000010001100000000000001000000010001001000000100000100000001001001100000000001000000000000100011
0101000001000001010000000001100000000000010000000101010000000010000010100000100011000000000010010100000010000101001100000000010000000000111000000000001000000001011100000000000000000100000000100100010000000000001000010000111010000000001010001000000000
0000000000010000100000000000010010000000010000001000000100000000000001101000100000100000010000100000000001011010100100000010001001100000100001000001001100100001010000100000100000000000010000001100100000001010100100000000001010000001101010100000000000
0001000000100000101110000000000100100000100010000000101111000000100000000111000000000100100000100000010000000100100000001100000000010010010100000100000000001000000100000100000000000000000001000000000000010000000000010100000010010000000000000000010000
0000100000011000000100000000000000000000000000000100001001001000000001000000001000000000000000100000110000001100010000011010001010101000000100000010000000101000001000011011000000000100010010000000000000000001000110000001000100000010011100000000000000
1100000001001000000010000000100000110101000000100001000000000100001000000000001001000000000000000000000000010000010000101000000000000100011000000000001101100000000000010000000000100000000100000000000000000010000000010000100001100010000101101000000010
0000100100000000010000001000000001000000000010001000100000000000000010000100001000010100000000000001000100100001000100001100000100000000000100100000000011000000000000000101000000000011000100000000000001000000000000010100001000010000000000000001000000
0000000000000000011010010100000100000001000011001000000000000100000100011000000100000100000110001000100001100010000000010000000001010100000000001010000000000000000000000110100011100001000000100000010000010010001000011000000000100000000010110000001000
0000000100001000000000101000001000100000001000100000000000000010000010010000001110010000000000000010000000000000000100000000100000000110000000100001000001011010010001000000101000001000000000000100100000000000000000010000100100010000000000000000000000
0000000100000100010110000000100000000000000000101010000010000000000000010000000000100100010000000100000110000001000000001000000001011100001000000000001000000000001000000001000001000000010101000000100000000111000110001010000000010000011010000000000100
0000100000001000000000010100000000000001000000001001100010000001000000010000001001000000001000000100001001000101000000000100100000000010101100000000100000010010001000000000001000010010000100000000101000000000100001001010000000000000000100000000000000
0000000000000000000000000000100000100000010000101000101000000010000000100000000100100100010000100100000100010010000011100010101000000001000001010000100110000000000010000010000000000000000001000001101000000000100001100100000000000001001100000000000010
0000000000001000110100001001000000000011101001101100000011000000001001000001000010010000000100000000000000100000001000000000000000000000010010000001000000000000000001110000000011010011010000000110000100000000000101001000000010100000000000000000000000
0000111000000001010000000000000100000000100000000000000000000000000001010001100000000000010000100000010000001000000000000011100000110100000000000010010010100001000000010001100110001010000000000010000010000000110000000001000000010000000000000000000000
0001000010010110000001000000000011100100000011010101000110000000000010000000001000000001000110100010000000000100100001000011001000000000000001000001000000001000000001000000000001000010100000000000000010000110100100000000000100100000000000000000000011
0010000000000000000001000100000010000011001010100010000000000010100100000000100001001000001010100010100000100000110000010000000000001010000001000000100000100000000000000100010001000000001010001000000000100000000001000000000100010000000000000110100110
0001101000100000000001001000100100010010000100101001001100001000000101110000100010100100001011100000000101000001001001000000100001000000000000000010000000010010000000000000000100000000000010100000000000000001000000000001010110000000000010100000001000
0000001000000100000000000000000100000010001000110101100010000000000001000000000000001100010100010000100000000010000100100000010000000011000001010000011000000101010000000010000100001000000000001000000000010000000100000000000010001100000101000000100001
1000000000000000101100000010000000001010000000010000010000010000001000010000000000100100000010100010000000000000000100000010000000000000000100001000001000001000000000001000000011100000010000000100001010000000100010000000001010000100000010000001001010
0001000100000000000000001001001001101000001000000100010010000000000010000000000000000000000000000000100000000000110000001001000010010000000000000100000000011100000010100000000001010000000100000001000000010010010000001011000001010010000100000001000000
0010010100010010111000001000000000000000000000000011001001000000001000000000000010000000100000000000000100000000000000000000000000001000000000100000010101100000100010000000001000010000100000000000000011000000000100010000000000000000000110000010000000
0000001000000000000000100000000000100110001000010000000000101001000000000000110000000000001000000100000001001001000000001000000100100100001000000100000001001000011110001001010000001101101000010000001000000000000000100010000000000000101000000000000100
0000000100000000101000010001000000101110000000101100100000000100100100111100000010000000001000000010001110000000010001000000000000000000000000000000000001000000001000000000100000010000000100000100000010000000000010000000001000000000100000000001000110
0000001000000000000100000001000000000000000001000000010010110010000100000101100000000101000010000001001001000000000000000000000000000000011000000000000000000000100000000000000000101000100000000000000000010000100010001010000000000001000000000001010100
0000000001010001000000101010000000000000101000000000000001111000110110000000000001000000000000001000101000011000000111100100100001000001010001001000000100001001010000000010000100001000001000011000000000010001011000100000000000100010000000000100001000
0000000000001000100010001000000000010000000000100000000000010000000000110000111000000110010100110000000100000000000000010000100000001000000000010000000000000000010000000000010010001001000000010110000001000000000000000000010000000110001000000010000000
0000000001000001000000000000001000010000000000000000000010101000000000000100000000010000000000000010101100001000001000010100100000010110001000000010000000000010000000000001100000000010000000010000000001100001010000000010000000000000000010000001000100
0001001000000000110000000000111100000000000100100000010001010000010010001010000101000000110000100000001010000000001001000000000101101011010000000000100000000000000000000000000000000100000000100000000110110000001100000000000001000000000000010000010100
0000000000011000100001000010010010100000000100010000001010000000000010000011000010000100000001010010010000000000000000000100000100100000000000000000000000000000011010000000011000010000000000000000100000000110001000001001011110010100000101000000110000
0000101100101101000000000000110001001010000000010000010000000010000000000000001010010000000000000000011000000000000000000000000000010010000010000001001000100000000010000000010010100000101000000000100110000001000001010010001000000000010000000100000100
0101000000000000000001000000010000000000000000000000000010000110001010000000011000000000000000001000010100000000000110000000011000001000111000010000000010000010111000000100110000010000000000000000000010000010001010000000100011100000000000000000000010
0000000001000000000000000001000000001100000000000100000001000000001000000000100011000000001001101000101000000000100000000000000000000000001000000000010010001000101101010000000010000000100000110001000000010110100010000000000100100001011100100000000001
0100100000000000000000000000000101100000100010010000000000000000000010100000001001000000000000000000100000100000000000001000000000100000000000100000000000001100101000100000000010000100000001000000001000000000001000000100000010010000111010110100001000
1010100000000000000000010010001010100001000000010001000000000000000000000000011010100100000010001001000000000100001000000000000011000011100001100000000000000001100011000000001010001011011001000100000000000000000000100000000001000000000010010001000101
0000000100101000000000110000100100001000001001000000000010000000100100101100000010000000001110000010100000000000001000000100100000100010000010000001000000000100000000100000101011000000010010000000000010110000001010000000000000000000000001000010100110
0000000000000000011101000000000000000000010011000000010000000100001101100000000000000011010010110000010000000000000001100110000101000000000001000001000000001000000000011100000000000000100010000000011000000000010000000100000010001100000110000000010010
1000000010000001010000000010000101000000100000000010010000000000000000100000100010000000000000000000000010001111000010010000000010110000000000000001010000100000001010101000010001000000100100001010000100000010101000110000000100010000000000010000001100
0001000000000100000010100000001100000000000100000000010011000000011000000000100000000000000000001001000100000100100000000000101000000001010001110000010011000101000000000000000000001001000010100100000001101100000000001100000000000000000000000000011001
1010000000100000000100100000000000011100010001000000100000000101010000101000000100000010010000000000100001000001000000000000000100000000010000100110010000000100000000001001010100110100001010000010000000010000001000000000110000000100000000100010000000
0000101000100111101000001000000000001000010100000000000000010000000010000001000000000000000000100000001000000000000000000000000000000000010000000000000011000000000001000000000000000000001000100000000000000000000110000000011000100000000000000000000011
0000001000100010001000000000000001000000010000100010100100000000000001010000000001100100000010000100100000000000100000100100101000101010001100100101000000000100010000000100000000000001000000000000000000110010010001101000000010000000000100000000000000
0000000100000000011000000000001000100010000000000000000001101000010000000000000001000000000010001101000001010000010000100100000000000100000000010100000001001000010000010000000000000000000000000100000000010000000000010001000000000000000100000010000000
0000000000000100011100110000011010000010000000000001001000100000010010000100000001000000000010100000100010001000000000000100000000000000000000000000101100101100100100000010010000010110000000000000000000011000000000000000000101100001000000100101000010
0000000000001000000000110000110010001100000011000100000000001000100000000000001000000000010100100000000000100100010000000110010000000000000000000100010001000001000100100000000000000000000000000000100000011000000000000000000011000000000000000100011001
0000000010001010000100000000100000000000000100000010010010110011010000000110000001000000001010000001000100000000000000000000000000001010000000000000001000000010000001000000000000000000000010111000001000000010000000000000001000000000000000000000000000
0101010000000000011100000001000010000000000000100100000011000001010000000000000000000010001001000100000100000001000000000000000000011100000000000011000100000010100000110000000100001000101001010100000000000100110100000000100100000000010000000000000100
0000100100000000000001000000000000000001000000100000001010000010000000001001000000000000100000000100000000100101000000100010000000001000000000100000010000000000100000000000000000010010000000000000000000110010001000001000000000000000000000000000001000
0000000000110000000011010110100000000100000001010111000000010000000000110000100001000000101010000000000000000000000110000011010100100000000010010001011001000000000000101000111111000001101010010000000100011000010000001000000000000000000000000000010010
1100100010000000100000000000000100010000000000011000000100000000000001000010100011001000110000010000000001101000100010000010000000000001000000001000000010100000001000100000000000000001010010000000000001000000000000001000000000000000000000000000010000
1100001011000000000010010000000000100100000000000001100011100000000001000001000100000010000000000001001000010011000100000110010000001100000000001000101000000100010000010000010000111000100000001001000000110000000000000101010001100000000111010000000000
0000100100100100001000000001000000001000000000001100001000000000000000000000000000000100000001000001000010010010001000000010000000000100000010010000100011100000001000000000000000010000000000100000010010010100000000001000001001000000100000000000000000
0000010000000000000001010000000000000000000000100000010000111101000000100000010000100010000000000000000000010000100010100000000000000010000000000000110000000100010100000010000000010001001000000000110000010000000000010000000100000000010001000000000001
0010000010000000000000100100100110000000001000000000000001001000000011100000000010001000000001001000101000100000100001000000000000000000001100001000000000000001000000000011000000000100001000000000100100000000001100010000001100000110000010001001100000
1001000001110100000000000000000001000000001100000001000000100111000000000110100000000000000000000000100001001101000000000000000100000010100000000010100000000000000000011000000100000000000000000000010000000000000000001110000000010000101000010001000010
1001000000010011000000000000000010000000000110000000010010000000100000010001000110000000000000001100100000000000000010101000000100100010000000001000000000000000000000100000101001000000000010010001001001000000000000010000000010100010000000101101000100
1000000110000100000010000000001000000000000000000000101011000000000000001000100010000000000101010100000000000100000010000000100000000000011001101001000000000000000010000001010000000000000000010001110000000000001000000010000100101000100000010000000000
0000000000000000000000000000000010000000000000000011010010000100101010010010000000001000000000000110100000000000001000000100000001100001100000000000000000000000100000100001000000000100010100100000000001000000000000000100100001101000100000000001011000
0000000000001000110000000100000000000000101000110110010011000000000000000000100000001000000001000010000001110000000010000000000010011000000000000010000100001100000000000100000100000000000001000000111010000000000100000000010000100000010000000000000000
0100010000000000100100000000000000101100000000000010000000010000100001000000010001000000100010000000000000000011001000010000010000001000110100100000000001000010000000000000000000000000000000000001001000001000010000000000001000010000000000000000000011
0000000001000000000000000000001101100000000000000000000000000101000000011000011100000000000000000000000000000010000000000000010110000000001000000000000000100101010100000000100000100000000000100100010100000000001000000000100000010100001001000010111010
1001000100000000000000000010110000010000110110000110000000000000000000000000000001000100001110000000010000000100000000000000000000100100000000000000100000010000000110000000000000000011000100000000100000000000000000110000000000010000100000001000000100
0000000110001000000010001000100000000101000010101010000000000100001000001000100010000010000000000100000000000010001000000000001010001001000000010100010100100010100000000000000110000000000000110000000010000100000000000001010000010000101000000100001001
1000001010010100000001000001001000000001110000010100000010000000010110100000000001000000000010100000000000000000000000001010010000011000000001010001000110000100001000000000000001010010010100000000100000010000000010010000000000001010000001100101100000
0000000000000000101000000011001000100010000001000001010110010000000000010000000000011000011000000010000010010010000000000010000000000000000010110010000000000010010000000000000011000100101000011001011000000000010000110000000010010010100000010000000010
1100000000100100101000100010000100001000000001001000000010000001100001000000000100100000101001100000000000010100010000001000100000000010000010000000001000100000000000000001000010001000001000001000010001000000011100100010000010000000000100100001010000
0000000111010000000000100000000001000000010010000000000010000000001001001000000010100000100100011000100000100010100000000010001000000000100101101000000000000100100001000000000010110000000001011000000110000100001001110010000000010001000000100001000000
0100000100010000100100000110000000000000100100010000100001010010010000000000010000010001000000001100100001000000000000000000000000000000000000000100000001000000000000000000000000000000010000000010000100000100001000010000100000001001000000000000000000
1000000010001000000001000000000001100101000101010000000000000100000000100000000100000000101100100100000001000000000000000000000010000000000001000000000000000000001000001000110000100001101001000000000100001000110000010000000100000001110010000011000010
0010010000001010000000000000001001000010000000000000010110001000000000000000000010101100000001000100001000010001000000000010010100000000010000000100000000000000000000000000100010000000000000011000000011100100001000000000000000100000000010000011000010
0000000000000000100000001010000000000010000000000000000000001011000000000000110100001100101000001010000000010000000101000000000000000001000011000000000000100000000100001100000000001100000101000001100000010010001000010100000000010100010000001000000101
1000000001000100000000000000001001000010001100100000000100000000000000001000010000000101001000000000000010100000001001010000000000000000000001100010000000001010000101000000010000000010110001110000000001001000000000100010000000010000110000001000000001
0010000000000010000011000000000000000001000000000000000000000000000010100111001000000000100110001000100000000001000000000011010000000000000100000010000000000000001000101100000100001000000000110010010000100100000000110000100001000000010010000000000000
0000000000000100000010001000000000000000000011000001001000100000000010000001000000001000000000100000001000001000100000000000000001000010010001000101100000100010000010001000000101100110000000100001000110000001000100000000000001100000000000000000000000
0000010000000001000100100100010100000000001100100000000000001100000000010000000000111000100000001010000000100000000000101000010111010100000010000001010101000000000000100100000000000000000000010100000000010001000000001001100000000100000010101001001010
0000000000000000010000000000000100000000100000001000001000010000000000000000000000000000100010100010000001010100000000000000010100000001010000000000000000100000000100000010000010000000000000000100000010001100011000000000000100001000000000000010000000
0000000100101000000000100101000010000000000011100010000000000000000100000000010000000001000011000000000100000100000110001100000000000011010000000100010001100000010100000001000110001000000010000000001000010000000000001100000000010010001100100000000000
0000010000000001000100000000001000100000010000000000001000001100001000110010000000000010000001001000000010010110100110010000000000000001011101001000000000010000000100010100001000100000000000010100000001100000001000010001100000100000000000000010000000
0000000000111000000000000000001101100000100010011100000010000110000010000000000000101110010000000010000000000000000000000100001000100000000000000000001110000011000010100010101000100000000010010001000001000001000100000100010010000000001000010000010000
0000000000100001000100000000000000000110011100000100000000000100000000000000001000000000001011010000000000000000100000000000000010010010000001100000000000000010000000000000001000000001001100100100101001110000000000001000000000000001000001001010000000
0000000000110100000000000001100000000000000000000100000000000010000000000000011001100010000000000000010011000000010001000000000100001000101000000000000000000010000000001001011000000001011010000000001000101100000001010000000110100010100000010000000100
0000000100101000000001000100000000000011000000001000010010000000000110000000000000000010000000100000000010010000001000000100100000010110000000010110100000010000000000001000000000000100000010010000100010000000100001000000000000100000000100000000000001
1000000010000000000000101001001000000000000000000100000000000000000010011000000000000000000000010000000000001000000101000000000100000110100100001010100100000000000000001000000000000000000001000000100100000000000000000000000001000000000000010000000000
0001000000001000010000000101001101000001000010100100000000000100000001001001000000001000100010000000000000000000000000000001000000000000010010000000001000000101000000000000001010010100001000101100100000011101000000000000110000000000001100010000100000
0000000000000000000000000000001000100100000000001100110001001000000000010100000001000000100000000000001000000000000000010000000100011000000000000000000100000001100000000000000100000000101010110010000110010001010000001100000000000000000000101000100000
1100000000110000000100001000000000000000000000000000000011100100000001000011000000001000000000000000000000000000000000000000000010000000010000010100000000000001000100000000010000000100001000000100000001000000000000000000000011100000000000000101010001
0001010011000000100010000001000100010010000100000100000010010000000000000000000000010000000111000000000000001010100100100100100000000000001001000000100000010100000000100000000100000000000100000001000000100001000000001000000110000000000000000000101000
1000010000000000000011110000000000100000000000000000000001000000000101000001000000000000001100000000000001001000000000000000100100000000001010000010100000001001000000000100000100000000000100001001000000010000001010001100000000100000000000000001101000
1000000001000000000000000000000100000000000010000001010100000101000000000000100000100100000000100000100001000000000000010100000010000000000000000100000000000101100000100010110000010011000000000000010000000010000000000000001011000000000000000000000000
0000000000000000000001011010000001001000000001000001100001110010000000000001100000100000000000000011110000000100000000000100000000000010000000000000000100000000100000000100000100000010000000000001000001000101101100000000000100001000000001010110000010
0000010100100000011000000001100000000000000000010001100110000010010000100000100010000010011100000101000000001000010000010000001000010000111000000010011001001000000000000000010010000000000000101000010010000001010000000010000100000010000001000000001000
0001010110000000000000000100110010000000010000000010110010000001000000010000000000010001000010100000001001000010101000000001000000000000000000100100000000000001100000000001000100001010000001001000010000000000000000010000000100010010000000000000000001
0100000000001000101000100010000110000000110000010000000000100010000000000010010000000101000010000000000000000000010101010001110000000001000000001000000001000000000000000000000000000000000000000000000000000000001000010000001101000000000000000000000000
1000000000010010000000000000000000000000000100000000100000000000010000000000000001001000000001010000010100000110000100100010000010000000000100100000000000000000000001101000010000010001000010100000000000100000000100101000010000001000000000000000000010
0000000000000001000000000000010011000000100000000000000000000000110100110000100000000010010011010000000000100001000001000010000000110000000000000001101000000000000000010001000000000000000000000001100010100100000010100000001000010100100001100000000000
0000100000001000000000000000100000010100100000000000000001000001001010010010101010000010011000010000000000000010010100110000000000110000010010000000001000010000000000000001000100100000001000000001101001000100000000010000010101000000000000000000000001
1100000100001000101010000101000010000100000000100000110000000011000000101001000000010000000100000000000000000000000000011010010000000000001010000000010000000001000000110000000001000000000010000000000100000010011011000011000000000000000000000000010000
0000000000000010000000001100000010000010000000100000001100000110000010000010000010000000000000000000000000100001100100001000000011000100001000000010000000001010000001000000000000000000000100010000001100000000010000000100010100001000101000100000000010
0000010000001100000100000000100001000000010000010000010010110001000100001000100000101001000000000001000100000000010000100000000000110000000100000000000000000000100100000010101001000000000010010000000100001100000000000100000000011000010010001000000000
1000100001000100000000000010000010000000001000010000001100000000000000100000001000000000100000000000000000000001000000100000000000001001000000000010000000000000100000000010100000001010000000000100000010000000000000100000000000000001010000000000000010
0000000010100110100101000000001010000000000000101001100000100000000010000000010010001000000010010110100000001000000000000000000101010001000100000000000001000000000101000000000000000000000001000000000100000001000010000001000000000010000000000110000000
0100000010000000000000000001000011001000000001001001000000010000010000010000101000000010100001000001100000001001000000101010000000000100000000000000000100000001000000000001001000000000001000000000000000101010000000000001010001000000000001000000010000
0100010000000001100101001000110011000000100010000000101000000000000110000101000100000000000000000000000000000001100001000000000000001010000100000000100001000100010100010000000000000000001100101010010101000000001111010001000100100010100100000001010010
1000000001100100000000000010000000000110000000100000101000100100000001000000000000000000110000011000000000001010000000000000100000000000000000001000100001000000000000000000001000010001000000000100000001000000000101000000001101000010000000000011010000
0000000101010000100000010100010011100000000010001000011001000100001010000000000001000000001000000100001000000010000100010100100000000001000000010001000000000101010000001001001000011000000000000001100000100001000001000000000000100001101010010101000010
0100000000000001001000000001100000000000010000001100000000000001000000010101000000000100101000110000011110010000011000000000001001000000001000000000000010000111001000010000000000000000000001000000100000001000100000001000100101000110000100100000000000
0000000000000010000100000000011000100000000000100100001000000000000010000000000001010100001000000000000111010000010000001000100000100000000000010010000000010101000010000000001000000000000000000000000100000001100000100010001001000000100000100010000000
0000000000001000000000100000000000000000000000000100000000000100101000100100100000000100000001001000100000001000000100001100001000100000000000100001000010001010000000000000010000000000000000100000000000011001001001100000000000000010100000000000001000
0000000000011000000000011000001000000011000100000000000010000000110001000010000000000000010000110000000000000000000000100000000010000000110100010000010001100100001000000001000000100100001001110000000010010100000000010000000000010100000000000000110000
0000000001000000100000000010101000000010000000000000000110010000000010001000000000000010000000000000001001000000001011000010001101101000001000000010000100000101001100000000000000000000000000000000000100000100100001010000000100100001000100100100100000
0001101000000000000000100010000010001100011000001010010010100110000000011101001010001000000000000101001010010000000000000000000000100000011000000000010100000000010000101010001000011000100100000000111000000000101000000000000000001000010000000100000110
0010110010001000000000010000000000001000000001001000100000001000000000000001000001001010000011000000000000000001000101010000000000010000001000110000010110000010000000000001000000000100000010000011010000000011000010000110000000000000000000000011000000
0000000000100000000101110001001000010000001001000000000001000000000100000100000000001010000100000000000000000100000000010000010000011000000000000110100000000000000000000000001000000011010001000000011000000000100000000000000100010000101000000000000010
0000000010000001000000011000010000010011010000000000010010000011001110000100000110000000100101000111000000010010000000000000000100000000000000000100000000010101000000100101000010000100000000000000000000001100000000010000000100000000000000000000100010
0000101000101000000000001001000000000000000000001000000000000000000101000000000000000010000101000110110000000000000001000000000000000100000000000101000011000000000100011110001001000100000000110000000000000000000010000000000000000010000000000000100000
0000100100000000000000000000001000000000000100010000000000000100000000000000001100000000000011011000001000001000000000000100000001100000000001001101000100000001000001000101100000010000000010101000000000000101000001000110000100100000001001000000010000
0101000000010000000000000000010100101000000000000000010000000000010100000000000110001000100000000100011100000000000100000110000010000000000010000000000000000001010000000000000000000100100000000110000010000000100000000001001010110000010000100000001010
0000000000000101000010000100000010000000000000000000010000001010001100011000000000000001001000001001000100000000001110100100001000010100000000000000001010010000000000000000000000000000010000100000000001001000010000010100010000000000010100000001001000
1101110000010000000000100000100000000000000000000000101100010100001010010000000000000100000010000010000000000100100000001110101001000000010000000100000000100000100000000011000001000000100001000011000001000010000000000000000001010000010000000100100000
1010100000100000001000000000001001000010101000000000001000000001010000000000000000000000100000100100001000000000010100101001000000000000100000000000001000000000000000010100010000000000000000000000010000000010001000000000000101100000001000100000001000
1000000000000010000010000001000000000010000000000000000000110101100000001010000010001000000001000000000100100000000000010000000000000000000100000000010000000010010010000001100000000000000101100001000000100000000010010000000000000110000000000110000010
0000000001000000000000100000000100000000000000000001000010110000000010000001010000000010100000100101110000000000000000010000000000000000001000101011100000001000001001000101000101000110011011100010100010000000001100100000101000000001010000100000010000
0000000000100000100001010100000000010000000000000000001000000100000000000000011000000000100000010000100001100000000010000000100010011001010100000000000000000000000000001001010011100111000000000010001010000000000001000000001000000000000000000000000000
0000100000000101100000000000000001000000001100000100000010000000000000100000100010001000000000100000010000000100000000000000001101000000000100010110101000000000010100000000101000000000100100000110100001000000000000000001000000001000000100001000000000
0100000011001000000001001100000000100000000001100110000100100100001100000000000000000000000010110000000010011100010110001100010000000000000000110000000000000000100000000010000001000100101000001010010100000010100001010001000000000000100000000110001011
0000000000000001000000010100001100000000100011000100000000000000101000000000000000000000000000001000000000101111000000100000110000000000001000000000000011000000000100010000000000000000001010010000000001010000000001100100000000001010010000000000000000
1100100000000000000100000000000101000000000110000000000000010000010000000001000000100001001001000000101001010000001010000010100101000100100100000100000000000000001010100000000100000000000000000100000010000000000000001000100000000010100011000001010000
0001001000000000000011000010000001000000010001000101000000000000100000100000000000000000000001000000000000100010010000000011101000001100000000100101001000000000011000000000001100000000000000000000000000000000000000000000100100000100000100000000001100
0000000000000000001000000000000000000000001100000000100000001000000011001000000000101100101100100010010110001000000101100000011000000000001000000000000010000000010000100000000001100000100101001000100000000001000001010100010000000000010100001000101010
0010000000001001000001000000000001000000100000000001000010000000000001000110000100000000000000000000000101000000000000010000000001100000011101001000000001000000000000000011000000100000000000000001000001000000001000000000000001101001010000000000000001
0000000000000100000010010010000000000000000001000000000011010001000000000100000000000111010000000000000000000100000000110000100000110000000000110000000010000000100010000000000001011011010000000000100000000000000010000001000001010010100110000100001000
0010000000000000000010001100000000100001000000000000000000000001000000001010010000010000000000000000000000100000001000000000110000100000100000000000001010000100000000100001000000000000000000000100000000000011111001000100010100010000000000100110000110
0010000000000000001010000000000001010000000000000000000001000000101100011000000000100010001000010001100000000000000000000001000100000000000000100010000001010000000000001000001000001000000100000100000000010000000000101000000100010010000000000100001000
1010010000000000000000100010001000010001000000001000000000010001000000000000000000001011001100100001000000000011000010000100000000000000000010000000100000010000010000000000100101000010000000000000011000000000000000000000010010100100000011000001000000
0000001000000001100000000000010000010100010000000000000000100000000100100000010010000010000001000000000000000000100000100100100000000001101011100000011010000000000100000010000010010001000000001000100000001000000000000000000001101001010000010001100001
0000100000000000000000000000000000000000000000000000011000000001010001010100001000000000000100000100000000000000000000000010000001000000000000000100000000010000000001000000000000000000000000000000000010000000000000100001001000000001000100100001100001
0000000010100001100000011010000000000010110000000000000000000010000000100000000001110000000100000000000000110000000000000000001000001000000010111010100010010000000001000100010001000000000110000010100000101001010000000000010000000001001001001000000000
0100101000011000000010000000000000101000000101000000100000000000011000001000000100000000000100010000100000000000110000001101000110000001000001000000001000000100000000011000000000100100000000000000000010001000001011000000001010010110011001000001000000
0000000000000001001010000000000000100000000000000000000000010000001000011000000011001101001100000000000100010001000010000000001011010010010000000000000100010000001101000000100001010010000100000000000001101100000000001000110000001101000000000000000110
1100000000000000010000100100000011000000000100000100100000010000010101000000001000000100000100000000000001000110000001000000000000000000000000000000010010000000001100000001100000000000000000000000010000000010001001100001001010000000000010001001000000
0000001000000110001000000100011000000100000001010011000010000011000000001010000010000101000001001101100001000101100000001111000000010000100000000000000000000000100000001000000001101000000000100000100000000010010000000000001000000100010100001100011000
0000000000001000100000011010000000000000100000000000000000010000101000000000000000000001000000000000000001000010101000000001000000000000011000001001000001000001001000010000000000000000010000000000000000000000000000000000001000000011001001101100010100
0111000001100001000010000010010001010100000000000000000000110000001000000000100000110001000001010000011100000000001001000000000100000110000000100000000101000000000000000010000100000000000000000010000000000000010000000100001101001000000000100000000001
0001001000000100100010100001001000000100000000000101010100100010000010000010000000000000000101000000110000110010010000000100000000000000001000100000001001001101111110001010000100000000010100011000100000000001000001100010010010010001100011000000000100
0101000101000010000000010010000000000001110010000001101000000000000000001001001001000110000000000000100000001000001100011000000000001000000000001000001000100000000000000000000000000000100000000000000000000000000000000101000000010010000000000001110000
1000011010000000000000010100010100100010001000000100000100000001100000000000100000000000010000000000000000100000000000000000010000000000000000111000000100000001001010000000101101100010000000001000000011101000000000001000000000010000011100000001000000
0100000011010100011000011110000011010000000100100000000010010000000000000001010000000010000000000000000100000000000000000000100001010100001000001001100000001000000000001100010000000000000000000010010000010000001000000000010100000000100000000000000010
0100000000000010001100000000011001100010000000001100000000101100000001000000001000000101000010000000000111000000000101001001010001000000000110000100010000011001000100001000000100000000001011000000100000001000100000000000011000000001000101010000000000
0000000000000000100000000111000000000110001101010000000000000000000100000000000000000000100010000001010000000001000000000000000000000000000101100000010000000000000101000000010001000000000000101000000101000000100010001000000000011001000000000010000000
0000000000011000001010001011001000000000000000100101100000000100000000000000000000000001001000100000000001000100011000010000000000001010010010100000000000000100010100001000001000000001010001100000000011000000000000000010001001001000000000000001000000
0000010000001000000000101000000000101110000000101110000010010000010000110010000010000000000000000100000000001001010010100000011001000000101000000000100010001100010100101000000100000000000100001010011010000100100000011000000000000000000100000000100000
0001000000100010000000000000000010100000000010000000100000110001000000000100101000100001000000000000001010000000000000110000000000000000100111000100000000000100000100000000000000000000000100000110010000000001000000000000000000000000000010000000000000
0000000000010000001000000000000110000000000100000100000000000000000100100100000000000000000000101000000000000000000001010000000001010000000000000010110010000000000000001000100000100010101000000001000000000010011000010000001001001000010000000000000000
0100001001100000000000000000010001000000000000001000000000000000000001001010000000000010100000000100000000000100100000000110110010000100000000010000000110000000100000000000000000001000001001110000010000000000010000000110011010100000100000001000000000
0100100000000000001000000100000101011000000000010000110000000110000000000101000000000000000000000000011000000100010001000110010100001100000010000011000000000100010001101000000100000000000000000001110000000001000000000010000000101000001010000000000001
0010000001001001001101100001010000111010000010100000001110010001000011000000001000110100000000000000000001000000001001000000000000001000100000000001100000101000001001000000010000010000000000000000000100001000000000101001000000001000000000100010000000
1000100010000000000000001100001000010000011000000010100000000000110000001000000000010000010000000000001000000010100000010010000000000000000001100100100000001000001000000000010000000000000011001100000000100000010010001100000000000000001000000000100000
0000000101000111100000000000110001010000000000000001001110001000000000000100010000000000000001000100010101110001100010100001101000000100100010001000000000101000000000011000000100000000000000000000010000000000000000101100000000010000000000001110000000
0000000000000110100010100011000000001000010001100101000100000010000000000010000010001010000000011001000001000010110000101110010000000100000010110001000000000010000000001001000010100010000000100000010000001000000001010000100001001000000010001110010000
0000010000010101000000100010010000000000000011000000000010000001100001000000000010000110010001010001000100000000000000001100100000000000000001000000000000000000100000000000001001001011100000000000011001000000000000010100000100000000000100011000001001
0000011000000100101100010000001000010000010000010101000110010010000000000000001000001000000000000000000010001110000000000010000100000100000000000000000000010000000100000010101000000010010000001011000000000010101011000000001000000110000000001000000000
0000111000000000001100000011000000000000100101001100100001000000010000001100000001000000000010000000000000011010100001001010110000000000000000100000000100110010000000100000000000100000000001101000010010001000000111000000100100000100101000000000000011
1000000000100000101100001000001000100001000011010000100000000000001110000100010001010000000000110000000010001011010000000000010000000100000001100001001010000000100000100000001000001001000001000110001110010000000010100000101000110000010010000000000000
0011000000000000000001000000011001110010001001010001110100001000000000100000001000000000001000000100001000000000110001000001000000010000000000001000001100000000000000000101011000010000000000001000000000000000110001000000000000000000000001000000000000
0000000100000100010000100100001010000001000000110010101000000000000001110000000000000100000000000001010001001000001010000010010010101100001001000010000100010000000010000001000000000000001001000000000000010010000000000000101000110000101010010001000000
0000000100001010000000001000000000000000000000100000000001010000000000001000000000000001000001000000001000000000001000010110100000001011110000000100100000110000000001011101000001000000010010100101000000000000000000000000000001010011000001001100000011
0110000000001000001010001100000010001000100000000000010000000000000100000100100000100001000000001000100000000000000000000001000001100101000000010000000000001000000010001010001100110101100000000000010000100000000000001001000100010001010000000000110000
0111010100001000100000000000010001000000000101000000010000000000000010000100000000000000000000001000100000000011001000010000000100000010001000100000001100000000000000100000000000000000001010000000000000100000100100010000010011000000000000000100001100
0010000000000000100001000100000101001011000000001000000101001000100000000000000000000101011010000000100000000000000000100110000100000110000000010000001001000000000000000000010010000111000000000000000100000000100000000010000000000000000000000000000000
0011010000000000100101000010000010000010010000101001010010000000000000000000100010001110000010110000001000100010000100110000000011000001000000011010100100000000110001000000000100000001010000010001000001001000001000000000010000001000001100101000000000
0000000000000000000000000010000010000000000010000000000000001000001000000010000000000010010010010001000110100000001010010000001000010000100001000000000010000000001000000000000110100110100000111001000001000101000000001101000000000100010010000000010000
0000000000001000000000001011000000000000000000001100000001001100000000010010001010000100001000000000010110000000100000000000100100000000100001000000000000000000001000001000000000000000000100010001000100000001001001000010000100000001100100000000010110
0000001000010000000000000000000000010100000110010000011000110000000110010000000100000001100001010000000100000000000000000001000000000000100100110010000011000000011001000000000001100000000101000010000010000001000010001001100000101001000000000000100000
0101000000101000000000000001000000000001010001000100000000000000010000000000011000000000001000010000110100000000000000000001000011000000000000001100100000110000000110101000001100100010000000000011000100000000110000000100000110000001100000100000000000
0001000000001100000000100000000011000011100100100000000000010000000010000010000010000000110000000001001000010100000100000001000010000000000101000000100000000000000000000010101001001100000000000000000001000000001110010010000000000000001000000000001000
128 214
234 233
