250 250
1000000000000000000010000000000100000000000010110000010100000001001000000010100000010000000000000001000010100000000000000000000000100000110010000000000000000000000000000000000000000001000100100000001000000001000000010101001010000000000001000010000000
0100000000000000001000000000001001000000000000000101001000010101100000000000000000000000100101010100000100101000010000000101001000010000010000001001001000000100011100110000000000000000001000001100001000000100000000110100000000000101000000000001000001
0000001000010000000000000100000000000100000000000000100010010001000000000000000000100000000000010000000010000000000100000011001000000101011000100000000001000000001000000000000100000001100100000000100001000010000000000000000000000000000000000110010000
0000000101100001000000010010000000001000000001001000000110010000000000000010000101000000000010000100100000010000000010110010000001010000000000110000000010000000100010100000000000010000010000101101000000100001000001000100000001000001010010010000010000
0000101000000000000000101000001000101010001001001100000100000100000000000000010000000000001100000000001100100001100000100000000100000010100001000001000000000000100100001000000000000101000100001000000100000000010000000000000000000110010010101001000110
0010000010000000000000000001100001000010000000100001000100010000100001001000100000010000010001000000000000000101110001000000001000010011000000101000000000001000010000000000001000000001110000000001101100100000010000000000001001100000001000000000000001
0000101000000000010000000001000101001001000000100000000100000000000001000000100001010000000010100100101100001100001000101010000010000010010000001000010100000010110000001010000000000000000000000000000000110110000000010001001001010000000000011001010100
0011000010010000000001000100100000010000100001000010100000000010000011000100000000110100100001001001100011101000000011000000100000000000010110000000001000100000010000000000001100101000100000000000000101000000000110110100000000000000000000000000010000
1000000000100000000100100000010010010000000100000010000000101000000100000000011100000000000010000000000000010000001000001000100000101010100000010000000000001001000000000000000000001000000100010100010000100000000000000000001000100001000010000100000000
0000000101000000000100100011101010000001000000010000001000010000000000001000001001000000000011100001010000101000000000000000001000000010000000000000100000000011010000000000010100110000000000010001000010000100000001001000100001000000001000000011000100
0010001000000000000000000000001101000101000000000000000010000000000011000001001010000101001001000011001001000100000000000000000000010010000000100100010000000000000000000000001000100101010000000000010000000000000100000000100010001100000000000000010000
0000001100001000110000010011010000000000001110000100000010001010000010000100000000111001100101000000101100000000000000000000011000000000000010000000000000000000000000000000001000011001000000000100000100100000100000000100010001000011010101000000101000
0011000000001000010001000000100001000011000100000000000001001000001000000000000000000000000100000010010000000100000000101000001000010000000000001000000000100000000000001110001000011100010000110100000010011000000100000001101101000000010000000000000010
0100000000100100001001000000000000100000010000000000010110000000010000010000000000110000010000000010101011000000000000001000001000000110000000010001000000000010000000000000111000100000100000000100000000000000101010000000001000100000000000000001100011
0000000100000100001000100100000000000010000000010000000000000000000000000001000000010001000111000000010000000000100000001010001010110000010000001100010011000001000000000001000000000000000100000101100000000000000000010100001000000000101010000000000001
0000000000001000100101100000001010000000000001001110000000001111000010000000000000000000001000000000001100001000000000000000000000010000100100000010010010001000000000000000000000000000001000100000000001010000000000100000000001010010100000010000010000
0100000000100000001100000110000000010000010000000000001000001000000000000000000000000000000000101100000000001010001000011101000000000000010000000000100000100110000000100000000010000100000000010010000000001101100100000100000000000111000001000001000000
0000000000000100001001001000000100100000000000100000000010000010000000000000000001000000100000000000010000000000001000000100000000000100000000000000100001010000000100000010100100000100001000000000000000000000000000000000000001000010000000000000100000
0010101000010010010000001000000001001000001000000000000000000000000000000000000100011000100000100000000000000000110000100000000000100011010000000000000000100000001001001010000100000000100100000000000000010000000000101000000110000000000010000000000001
0000000010000001001110000000001010001101100011011000000000000000010000000000001000000000000010000000100000100000100010000001000010100100010000000000100000000000011000000000000010000000010010000000111010000000001000000000010110101100000011000000000000
0100000000010001010100000010010100000000001000001010000000101000100000000001000001001011100000000010000000000001001000000001000000000100000000001000000010110000010000001000000010000010000000011000000000101010000000100001001000000000000000000000000010
1000000000000000110000000000000001000000000100000000010010001000001001001110000000001010000010000000010000000000110000010010110000010010000000000000100101000000000010000000000000100000000000011000000000000000011000000000000000001010000010000000111000
0000000000000000001010000000000010000000000000111010100000011000000010000010000100001100000000100011110000100110000000000001010100101000000001000011001001000000000000000000010000000010011000000100000100000001000000101100000000100000000000100010110000
0000000000000010100010000000000000000000010000000000000000100000001010000000001001000000000000100001100001110000010000010000110100110000000100010000000000100101000001000010000000000000000000000000000000000000100100010000101000101000100000100100010000
0000100000110010000000000010010001001000011000000000001100000100100001001001010000100010100000100100000000001011001001010101011010000100100011000100000010101000000100001010010001000000000000000000100000000100010010000000001100000101001000100000010010
0000000000010001000000000000000111101000001000000000010000101000000110000100001000000000010000010001000000000100010000100101000000000011000000001000000000000000001000101000010100000010000000000000110000000010100000100100100000000000110000000000000000
0000000000110000000000100000000000010000000010100000000000100000110000001011000000100100000000010001000000001000000000000100000000000100000001100000000000000000001010100000000000000010010000000010000000011000000000000000000000000000001010001001000000
0001110100001000000000000000000111000000000100000011000000000000001001000101010000001010000100000000100000101000001000000000000000000010011100000000000100000000010001000000000000010000100000000100001100000001000100001010111000100000000000001000000000
0101100000000000000000000010000100000100000000000001000000000000000000000000110001001010000100000000100100000000001000000000000001010100000000000000000000000001000100001000000000010000000111101010000000000100000000010000000000000000000010000000000000
0000000000001000000100000000000110000100000000001001011001000000000100001100110101010001000110000001000000011000000100000001000000000100000010000000100010010000010000100010101110100000001001000101001101000000110000000000100000000010000000001000000000
0001000000000010000000000000001001000000010010000000010100001000000010110000010001000000000001000100000000001010000100010001000100100000010010000001000011000000000000000100000010100000000000100000000000000001000000000000000010100000000100011011000010
0000000000000000001000100000001000001100000011011000100100010000011000100000010001000110000000000000000010000010010000000001000000011000000000000010001000000000010000000000000000000100000001000010100001000001000000000000000100101100100100000000011010
0001111000110001010000000110000000100010111000000001000010000100000000010100100100001100000000000000011000010010100100100000000110000000100000000001100010100000011001001000000000010000011000000010000000001000001000001010000000001000000000000000000000
0000000000000000000000000010001000000000000000000000100000000000001100011011010001000000000010010010001100011001000001000100000001001000000000000001100000010000000100000000001000000000100000000010000010001010000001000000000001111000000001000000000000
0010101100110000000000010001000010000000000001000000000011000110000000000100000000000000000000000001001000000000000000010100000100110010001000000000110000000110010000000100100000000000000000000001011000000001000101100000000000001000011000000000100101
0000001010000000000000000010001001000110101010000101100000110000000100010000000000010010000011000000000000101000001110000001000000010000001000000100010000000011110000101001000011000000100000110010001000010000000000001000000000100000001000000000010001
0100000000001010001000000010100100000000000100000001011000000000010000010000000000000000001000000000001000110000000010100001000000100001000000000110000010110100000111100001001000000001000110000010000000000000000000000000000000000000000110101000001100
0100000000100000100000000000000001100100000000010000000010000000000000010000000000000011000000000000100001001001000001000000001000000000101000000000100100000100000000000000000010000000000000000000001000100000010000000000000010000000100100000000000000
0101000000000000000000000010100000000001000000000000001000010000000000000000000000000000000000000000000000000000000000000001000000000000000000001000001001000100000000000101000000001000000111000000011000000000000001000001000100000000010000010000100011
0000100010000010000101101010100010010000100000001000000100000000101001000000010000000000000010000000000100000010010010101000100100100000000100000100000000000000000010000001001000001000000000100000000000101100000100010000000000000000001000001101100000
0000010000000000010110001000100001010111000000001001010101000000000000000000000000000010010000000110010010000000000000011000100000000000000010000100010000000000010001000010001100010000000100001001011000001000110000001000000000000000001000000010010010
0100000100000000010100100000010000000001000000000000000001001100000001000000000000100100100100100000010100000000001000000000001000100010000000000000000000011000000001000000001001100100000100000000000011010100000100001011100100100000000010000010000000
0001010011000001001000000000010001000000000100010000101101100000000000000000101000000000000001000000001000110100100010000000000010000000000110000100000000011000000010000010010001000000000100000011000001100010000001100010001000100000000000001000000000
0011000000000000000000000000010000011000000000100100000000000000000110000100000000010001000000100000000111101000001000000000000000000001010000000000000010001000000000011000101001000000100110100000000000000000100001010010000010100000001000000000100000
0000100000010000000000100000000000001101000000000001000000000001000100000010000101100010001100001010000111000010000000000001000000100001000000000000100000000000000010101000001100000000000000001100001001000000000011000000100000001010010011000000100000
0001100100000000000010100000000000000001000011101000000000010000000000000000000000000010001001010000000000001100000010000000001000000000100000000000000010000010000001000000001000001110100100000100000001100001010000000000000000100000000000000100100000
0000001100100000110000100000000000000011000000000000110001001100000001001000000000000001100010000100000000110000000000010100100001110001000010000000010000000001000000000000000010000000001000001000000000000001000011000100001010000001000100001000000010
0010000000000000000000000000000000000001100010000010000001000001000000000000011100000000000000000001000000110000000011001000000000000000000000000000000000000100000000011100000000010000000000000100000000000000000000000010001010001010000100000001001010
0000000000101000000000010000000001000000000000001000000001000000000000000000100000001000000011010010000000101110110100000000000100100000000000000000000000000111100000000000000010100000001110000110000101001000000000000000000000011100000000000100000010
0000000000100010010001010001000000000000010010000010000000100010010000100000000001000000000000000000000000000000100000000000000001000000000000000000000001000000000010000100010000000000000001000010010000000000100000101000100100001010000000000001000001
0000010001001000010000101000000000000000001001000000010000000000000000101001000010001000000001010000000000000000010110000000000001000011000100001000000000000000001000000000000100000000000000001001011010100000000001000001010000001000001000000100000000
0100001000010010101000000010000000000001000000001100000000100010100000000000000000100110000001110010001000001000000100010000000000100000010000100101000000000101000000100001000010000000000000111100010010100000000000000000001100000000001000000000011001
0000000000001000000000010000001001000000110110011101001001000000001000000000000000000000100011000000111000010000010110011000000000000000010011000001000000000000010000011001010000000000000000001001000000000001101000000000000001000000000100001100000010
1000101100001100000010100000000000000010100100010001000000000100100100001100000000000000111110010001000001001000010000000001000001110000000000101001000000000000000000101000000001000000000000000000000000100000010000000000000101000001000101100000000001
0000000000000001100000000000000000101000000000000000000000100010010001101000010000000110001000000100000000010100000010000000000000000000110000000100000000000000000001001000000000000000100000001100000000010000000001000000110100000100000000000000000010
0000000000010000000000000001100010000000010100000000111001000000000101101000000000100000011000000000000100000001000011000000100000000000001000100001000000110000000000010001000000000001001000010000000100000100000000010000000001100001010000000000001000
0000100000000000100010000100000100000000001000000000101110001000010001000000110000110100000100010010000000010000000000000000100000100100010010001100000000000000000100100000100100000000010000000110000000000110000001000000110000000000000010000011000100
0001010100000011000001000011000000000000000100001000000000000000101100000000000000000011000010000010000100000000000000000000000000000001011000111100100000000001110000110000000000000100000000000001000100010000001000010100000000000000010000001010000000
0000100000000000100000000000000000000100000000100010100000000010000000001100000011000000100000010010000011000000000010000001001010100001010110000010000100000000000000010000000000111000100010001000000001010000000000000000000000100000000010110101100000
0000101001000000000000000000000000000000000000000000000010001000000000000011010000000000000000100000000100001100010000001000000001000001000000000000001001000010010100001000001100010100011000000000000000100010000010000000010000000000001100101001000000
0010000000000000000100000000010000011100010000000000000000000000000000000000010000001110000000001010000101000000000000000000001000000000001000000000000100000000000000000001100000100101001000000000001000000000100000000100001000001010000000011000001000
0000000000001100000000000100100000001001000011010011000001011000000100001000101000000100010010111110100100010000000001000000001110000000000000000000000100100000000000000100010000101100001010001000000000000000100010000100010001100010100000001000000010
0101110000001000001000000010010000000000100000000000000000000001000000000000001000000010000000000000000000010000100000001010100110011100000000000100000000010000000111000000000000010000100000000000000100001001000000000000000011010000000000000101000001
0000101100000000101000100000000110101110000000001000001000000000000001000001101000000000010100000000001100000000000000001000000000000001000000000110001100010000010000000000001000100100000000100000000000100010000100010001100001000000000000010000100000
0001000000000000001010000000000010100100000000000010000001001000000000001000100000000000000000000000000000000100001001100000100000001000001000000000000100000101000100000000010100000000110000001000000110000000000000000000000000000000000000000100000010
0000010000000000101010100110010000010000101000001100010000000000010001100101000001000000000100000000000000000100000000000000110001100000100010000010101100100000000100001000000100001000100000010100101000010000000010000000000000000010010000000000000000
1000000000000100001000010001001101000000101000000100000000000000000010000000110000001000010010000000100100100000000000000000000000000001000001101010101000000000010000000000100011000010000000000000000000000010000000000000101001000000000000000000010000
0000000101000000001010010000000100000000000000000000000000100000010100100000011000010000000000101001001000000000101000000100000000000000000100001010000000000100000000110000010010000101000000000011000000110000000100000000000100010010100000000000000000
0000000000000010010010100000000000000000000110001000100000000001000100100000000010110000000000001010010000000010000000000000100000000000000000000000010001000000000000000000100000001010001000110000000000001001000000000100000000000000000010000100000000
0000001101100001100000000000100001000010000100000100000010000011100100010000000000001000100100000000010000000000000010100000000001000000000000010001000000001000000001000000100000000011000000000000100000100000000000000000010000000000010000000000011000
0000101000100101000100000000001100000000000000100000000000000000000000000001010000001000011000001000010000000000000101000011000000000110000000000000000000000001000000000001000000011000100001000010010000000001000100000001000001001000000000001010000110
0011000000001000000011000000000000010001010110110001000100100000010011101000000000000000000000010000010000000110101011000000000010010000000000000000000100000100000000010010000000010000000000010001000000000010010010000110000000000000011000000000001111
0000100000110101000000001100000010010100011000000000100010000010000010000000100001100010100111000001000000000010000000000010010000000000010000001000001100000000010000000000000101000011000100000100000010000000000000001000001010000000011000000000000000
0010100000000010001000000000000000100000000000101000001011100000000000000011101000110000010011000000000000000000000010001000000010010000000000000110000001000100010000000001000000000000000000001000000100000011010000000100000000000000000000010001100000
0010000101000000000000000000000000000000000111100000000001000011101000100010000000001101000000000000000000011010000110000000000000000011001010000000000000010000000000000000011101000101011010000000000000100000000000000000000000000000000100011011000001
0000000000000000000000010000010001000000110000101100000000101010000000000100111000000000000001100000001000000000100000000000000000100101010100000000000000100000001000000000000010010100000000001000001100001100010011000010010100000000010010000110000000
0000100101000000110011000010100000000100000111000000001101001000101000101000000000001100101000000000000000000000010000000000001010000000000000100001100000000100100000000000000000000000000000000000000000000000000000001000010000000000000000000000100100
1000000000000000011000000000010100000010000000000011101001000001000000000100000000000010000000010000000110001001001111101010000000000001000000000000000000000001100000100000000110000001000010100010100000100000000001000010000100000000000010000000001000
0001000100000010000000000000000001100000001100100000000000000100010001000010010000100100000000000000000000100000000000011110000100000000000000000000000011100000000000000000000000000010000000010100000010001000000000000000001000010000010100000000000010
0000000110000000000000011010000000000000100000001000000000000000001000100000000010011000000000000010000010100010000100000000000100000000010001111000000110000001000100100010000010000000100000010000000010000000001010010000010010000000001000100101000000
0100000000000000100100000001000011001010010000000011010110000010000000100000000110010000000000000000000000000000000000000001000010000010100000001010000000000000010010000000100001000000000000010000000000110000000000000011010000100000000001010000000000
0100100000000001000000000000000000000000100000000110000000010000100000001001000000000000001000000000000100110000100000000000000000101000000011000100000101010000000100000100000100000000100001000000000100000110100000000000001000010000100010010010100000
0000000011010000000000000000010000011000000000000000000000000010000100000000000000010001001000000000000000000000000000100010000100000001101100100000000000010000000001001000001001000000010001000001000000000000010000000000100000000000000000000011000110
0000000001010000000000000000000000000100000010000000000010010000001101110110000000001001001000000001000000000000000000010000000001000000010000001100100100001001000000000000000010010000110000001000000001000001000000000000110000001000000000011000000000
0100001010000000000001101010100001000000000000000100000000000000001000000011000100100000100000000010000000001101000010010001100000100000001000110000010000010000000001000000000001000000000000000000000000000010000000101000000000100001001000000000000000
0000000000000000000100000100100000010011000101000100000000001000101001010100000000000000011100010001000000000000000000000000010010000010010000000110100110000100010000010000000000000000000000100000010001000010100000000010000110000000001000110000000000
0000000000000000000000010000000000000000100000000100000000000001001000000000001100000001000101100111100000000101000000000000001001010100000011000011000001000010100100100100000000000000000000000000110000000100000000000000101000000000000100000000001101
0000010000000000000000000010000000000000000001000011010000000000001000001000000000010000101100000100000010000001000010100000101000000100000010000000010000000100000000000000000000010000011001010000000001000000000001000000000011000000110000110001010010
0000000001000000100000010000000000000100000000000000010100000110000000100000001110010100000001100000001000000000010000100001101101000000000000000000010100000000000100001000000000000000001011000000000000000010000000001000100001000000010100000000000100
0010000000000100000000010000000010100100000000001100100010000000000000000010000000010000000000100001001000000000001100000010100000001001000100000000000000000000000100000100110110000000100000000000000100000000100000001000001000010100101000000000000100
0000000100001001100000000110001000011010100000010000000010000100100001100000000000100000001000001000000100001000001000010000000100000000010000000000010011110010000010000110000000000100011000010111101000000000010000000000100000000010001000000001001000
1000000000000000000000000000000000000001001110000000100000100000000010010000010000000110100000010000000000100001011000000001010000000000001000001000010001000011000101000001010100000000000000000001000000000001000000000001011100001000000110000000000000
0000000010100000000010000000001010000000100110010000100000100000001000101000010000001100110000000000011000000010000000000010100000000010001001000001000000000010100100000010101000100100000000000010100010100000000000010010001011000011010000110000001100
1000011000001001100000000010000000100100000010000000010111100000001000100000000101000000000101000001000000010000001000000001001000101010000000000100001000000000000110001010010001001000000100000000000000000001000000000000000000001000000110000100010000
0001001000001000000000011010000000000100000100000000000001010000000000010101100100000100010000000000100000010101001100011001100000000001000000000010000000000000100100010010001001000000010000000000010000000000011001000100000000000000101100000000010100
0110000000000000000101000000100000001000000100010000010000001000000001100000011000000000000000000000000100000000000000000000000000000000001000000000000001000000000000000100000000100100101000000001001110101000000000000000001001000000000100000100001111
0100000000101000001110000000000011000001010000000001000000010010100000000001110100000000000100000000000110000000001100001100000010100100000001100000000110000000000000100000000100010000100010001010000100000000000011000000001000000000000110000000101000
0001000000001000000010000100000000000010000000000001000000000100010000100000001000000011010101000010001000001000000010110000000001000000000001000001000000010000001000001000010000011010000001010000000000100000000011001001000000100010010000000100000000
0100010100000001010000100000100000100010000000100000000010000000001000000000000000000000100100000000101001000100000001010100000000000100010100010001001000000000010000000100000000000000000100000001000001001000000000010010100010000100000000000000000000
0000100000100000011000000000010000000010100100100000000000000010010010100100000001100000010100010000100000010000000000001100000000010001001010001001000000000000000000000000000100101101000001000000101010100000010000000000000000001001000000000000000000
0010010100000001000000100000100000100001010000000001010000000100000100000000011001000000010000101001010000101100000101101000000000010000000100010000000010101000000000000100010000001010000000000110000101000010110010100000000001000101000000100000000000
0000000100000000000010000100000010000000100001000000000000000000000100100010010000000000000000101100000000000001010001100000100010000000000000000000000000000000100000000011000010000010000000000010100001110100010000010001000010100000001000101100001000
0000000000100000000010001000000001000000000000000000100110101010001000000000001110010110000011000001000000001001000000000000000000000000000100000010010000000000010000000000000000100000010000000000000000000110010000000000010101010001000000100001101010
0001100101000000000000000000000010001000010000000000010010000010100000100000000001100000010000000010000001001000010000100000000100000101010000000000000001000100001000100000001000010000001010001001010010100000001000100011010000100100001000111000000000
1000001011101000000000110000000100000100100000000000101010001110000000001000100010000001000010000000010010000000000000000000100000010000000000000010000000010000011101000010000000100100000001000000000000010000010000000000010000100101100000000010001000
0000000000100100001001000100110001000001011000000001000000010000110000010010001011000000000000000100100000000000000001001010000000000000000100000000100000000000001011000100100000000000000010000010000000000010000000000000000011000001010001100000000000
0000010000000000000100101010000000101100100000001000001001000000000000010000000000001000100100100000000000000101001100010010000101000000100000000000000010100110000000000000000001000000000100000010001000100000000000000001100000010010000000000000000100
0000000000000110011000001000000000100100100001011000001000000010000000000100000000000100000000000000010100100010001010000100000000000000000010000000000100100000010010000011001000001100100100000001010000000101001000010000000001100101000000001100001000
0000101101101010000100000100010010010000000100000000000000000001101000001000000001000000000000100000000000010000000001000000000000001000000001100000100000000000000100000010000000000010100010001000000000000000000000000000100000000001111000000100101001
0010000000111100000000000000000000000000010000000001110000001000000010000000000000100000010000000000010001010000000000001010000000000001000100110000000100000000000100000000000000000000000010000000100000100100100000000001000000010000100011000010000000
0001100000001000000000000001010100000100000110000000000000010000000100000000000000000100000001000000000010001000000100001000100000100000010100010000101000001000000000001000000000100010000000001101101010000010000000000000000000100000000000100001000000
0000100001000000001000000000000000010001001011010001000001001000000001100000000001000000000000001000000000001001000010010010000000000000010000000000000000010000010000001000000100000111000011010010000001000010011001001000000000110000100100101000000100
0000010001101000000110011110000000100001000000001000001000000100000000000000000000000000001000000000000000000000000000000101100000100000001000000000110010000010000000000000000001001000001010010000010000001000010001011000101001011000000010001100000001
0000100100001000001001000000000010001000000001000000100100011000000010100001101010011100010010000001000000001010000010000101001000000000100000000010000000101000000000000001000000100011000000001000001000000001000000000000000000011101000000100000000010
0000000000000010000010001101000000000000011011100001100000011000000000010010000000000000110100000000000100011001000000000100000011110010000000101001001100000000000000010000000000011000000110010100000001100000010000000000000000000001000001000000000100
0010010001010000100000000000001000000000000000000000000000111100010000001000010000000001001100101000000010000000000010101100000000000101000000001010100000000101000000110000001100001000000000000111000000100100100000100011000000000101010010000110000101
0001010000010000000001100001010010000000000000000001000000101110100000000101000000000010000000000010010000010000100110100100000100001100000000000000010000000000000010000000000000001000001001110000000001000001010110000001000000000010000010100000000000
0001100010000010010100000000011000000000000010000000000000000000010000110000000000010000000100000000001000100000001000000000001001000000010000000000010000000000100100011000000010100101000000001000000000000000011100000110000000000110000100100000000000
0000001000000000100010000011000000000000000000010000000000000101000000010000000000000000100000011010000000000000000100000000000000000000000100010100000010000000000000000000010000001100010000010000000100000000100000000000010000000001000000010000000000
0000010000000101010000000000100000000001000000000100000010001000000000000001100000000000000000000110001000000000010000000001110100000000000110000100000001000000000000100000100000101000001000001000000000000100001000010000010100000000000000000000000010
1000011000000000000000000000000001000010100000000110100000101000000000000000110100001000000010000011001100010000010001001100010100000000000100000001000100000000000001010011000000010101010001000000001011100000010000000010000010000010000010000000000010
0110010000100100000100000101000010000100000010000000000000000001000000101100000000000001001011000000000000000000001000000000100000000000000001000101101000001000000000000000010001000001000000000010001001001010000101000001010001010101000100010100001000
0000000010100000011000000000000000000100010000000010000000000100000010000100100000110000010100000100110000000000010000000000010000000000100001100000000001010000000000000100100000010100100000100000100001000101010000000100000000001001000010000000000000
0000000101100000000000100000101000000101000111010000010100010000101000001000100101010000010001000000100000000010000100011000000000100010000100000010000001000000000000010000011100000000011001001000100000000000001100000001000000000000000000100010110000
1101000001011100010001000000010000001000001000001001011000001000000000101000100101011000010000110000001000000000000101000010000010000001001000000000000000000001000010000000000000000000000000000001001010001000010001000011101000100010000000000000100000
0011000000000001000000010000000000000000000000000110000000001100100000110000000000000000000000100001011000101000001001000001001000000001100000000000101010100000000010001000010010010001000000100000001000001010001010000100010110000010011100010000000101
1001011001100000000000100000000000000000110000100000100000000010000001001001000011010000011011100000000001010000000010011000101000010000000000000000000001000010000000010000110000000000100000000010000000010000010000000100001000000000000000001000010010
0000000000000100000001000001110000000000000001000000100000000100100000000010001000000000000010000000000100001100001100000010000000000100000001100010000001000001010000010010000001100000000000001001000100010100000000000000000110000001000101000010000010
0001000001000000001000000000000000001000010101000101000100100000110000000001000000100000000110000100000000001010101010001010010011001010000100000000010000000010000001000000000111000000101000000000001001100001000011100000010010000001000000000000000000
1001010000000100010000001000000001000010100000011001000010010000000000000000100110000010000100000100001000001010000000000100000100011011000001000011000000100000000101000000000001000001110011000101000111010000001000110001010001100001000000100000000000
0000100000000000000000111000010110000011010000010000000000000000000000010000100000010001000011010010100000000010000100000010000000000000000000000000000100000000100010000000000000000000000000000000100001000000000000000010000000000000000000000000100101
0010100000000100000000000000110011001000001110110000000010000000000100000000000000000000010100000010010000000000000000000000000111000000001000000100000000010000100000010000000000110000000000010110001000100000000000100000000000000000000000010000000011
0001000001000000000000000000001000101100000000000010000000000010000010100000010010010000000101000100001000000000001000001000010100010000110000001001000010100000000010000000000000001000010100010010011010010000000000000000000001100001011000100000000101
0000000000011010000000100010100010001000010010001000100100000001001001000000011000000000000000110100010000000100000100000001000000000100000001000011000000000000001100000100000010110001000000001000000000000000000000100000000000000000001000000001001000
0000000000000000010010000001101000000001000000010000001000001000001000100000001000000000000000010001000001000000000100001000000000000001110000010000100100001111000010000000000000010100110000000000010000000011000110000000000000010000000000110001001000
1000101000000001000100000001000101000000000000000000110000000000001101000001000100000000000100001010000001000101000000000101000000000000001101000010001000000000101000000100000000001000000011000010000001000110000110000000100000000010000000100000000000
0000000000000000000001101100000000000001000000000000000000000000000001010100000000010000000000000000000001001000000010000100000010000000000000100000100000000001001000001010001010000000000000000100000000000100100100010100100000100000000000000000001010
0001001000100000000010010000000001000000000001001000000000101001100000000000000000001010010000010000100101010010000000000000000000010000000000000100000000000010000000000000000100101000000001100000001101100010000001100000000000000000010000000010000000
1000100000100000000000011101100010000000000101000000000000000000001110000000000000000000100000000001000000000000000010010000000000111010000000000100100000110000000111000100100000000000011000010000000000000100000000000000000000001000011000000001001011
1010000100010011100000011000001100000000000001000000000110100010000000010010000000010010000100100000000000000010000000001000000010000001000000001000100000000001000100001100100000000000000100100010000000000000010100001000000110000000111000000000001000
0101001001000100000000010000000000000000000000000000000110010001111000011000000000001100000000001000000000110111001000000011000000101000000000000000000110000000000010000001000010100100100000000000001000000010011010010100000000000010000100000000010010
0000000100000000110000000010000000000000001000100000000010010000010000001000000000001000000000000100010000000000100000100000000000000000000000011100100000000000000100001010100010000000000001000000010100100001100000001000010000001100110011100010000000
0000100000001000010000000000000101010001000000011100000000000000000001101000000000000101100001011000000010100001001000010000010000100001000110100000000000001000101001000010000000100010000000100000010000000000001000000100000100000001011000000000000000
0000001110000000100100010000000000011000000000000000100000000001010010010000100000110010000100001000000000001000000000000000000000000000000010000000000000000100000000100000100000000000110010000100000000010000000000100000000000000000000101010000000000
1000000001000000000000100010100001000010011000000001000000101100010001000000001000000000000011000000010000000000000010000000000000101000001000001010000001011000100000001001000100010100000000000000000000000000100000000010101101000000100000000100100000
0000000000000001000000000101100000000000100000000000010010000010000000001000000000000001000000000000000010000000010100010000000000000000110000110000010000100000010000001110000100001000010000101100001010000000000000000001000010000001000000000000000010
0000000000000000000000001000000000000001000000001100000000001000010010001000100001010000010100000001100000001000001000010010000011000000000000000000000010000000000001010000000000010000100011000101000000000110000010100000000000000010000001000000010010
0100000100100100000000010000000000000100100000000000011010000000010000101000000010000010000000000000000000000000100000000010000110000111100101000000100000000000001000000101001000000000100000000110000000000010100000000100100000000001000001000000000000
0101000001000001001000000000000000001000001000000011000011000000101101010000000000000001000000000001000000000010000000100000000010010011000000110010000100001110000010100100011100010000000001001001100110000000010000000110000000000000010000010000000000
0011010000010000001000100000000001010000000000000000100110000000000000000100010000010100000000000101010001100010110101000000000010001010000000000001100001000000001000000100000000110000101000100000000000011000000000000000101000000000000000000000010000
0010000000000001100100010001000100000000000000100000010000000000000000011001001000100000001000010000000000000000000010001010001001000000001000000100000100001000000100100000100000000000001001000100000100100000010000000000000000000001000000100000010010
0000000100000001000100000100010001010010000000100000000001000010000001000000001100000000001000000001000001000000000000000111000010000100000100100000000000000000001000010000000000010011001000000000010000000000100000001001000000100001000001001000010011
0000001000001000000000101000000000001001100100111001000100100010111000010000000000000010000000110000011000000000000100100001000100010100000000000110000000010000010000000000000001000101000010100000111000000110000000000000001000000000000000010001001100
0000000101001000001000000010010010001100001000100100000000100000000001101000100010000010000100001000010110000001100000000010000000010000000010101000001100000000000000000100000100010011000000101000000000000000000100000010001000000000010001010100001000
0000000000000010001000001100000001000101000000001010000000000100010000000001000100000000000001000000000001000010100000000010000001000100000000001001000010000000000000000010011100100001000000101010000000000000011000000100000000000000100101000000000101
0010000000000000000010000100001000001011000010000100000010000000000000110011000000000000110000000000000000000000010001010010000000000110100001000000000010000000000000110010000000100000000001000000000000000000010000001000000000110000010000010011000100
0001000100100000100000000110011000000100000001100000000000000001001000001000000000001001110001000000000000000010000001000000000000000000000001000010000001000000001010000011001010000000000010000001001000001010000100001100000010001001101000000110000000
0000000001000000000000010000000000010000101000000001001001000000000101000010000001001100100000000100011000000010000000000000000000101011000000001000010101000000101110101000010000001000010001000000100000000100100000001011100001000000000100010000101111
0000000000001000001100000100100101001100000000000000011000001000001100000000000000000010001000000000000010000000100001100000000000000000001001000100000001010100100000000000010001000010000001100000001000110000000000000000000000000100000001011100000000
0010000000010100000010100000100100000000000110000010000011000100000010100110000000000000010100001000000001000101010001000000100010001000010001000000000000000000000000000000100000011000100000100000000010000000001100000010000000000110000000000000000000
0000000010000000010001001000000000000010000001001000000100000000010100001010000010010000000000000010000000000111000000000000000100100000000110000000111000000000000000001000000000000000000010000010100000101010001000110000000000001000000000000000000010
0100000000001000000000100001100100000000000100001100000000000000000000000000001000000000100100000000000010001000010001001000000000000000100001000000001000000000111010100010000000000010000101001001010000101010000001100100000010000100000000000001000111
0101000000000010000100000000000010000000001001000000000000000000000000000000000000000100110000000000000000010000001000101001010001000010000000010000000100000010000000000000010011010000110001000000000000100000010100000000000000000001000100100011000100
0000000000000000001000000000100010010010000010000101000000000000000000110010100000000000000000000100000000000000000000000000001000000010000000000000011000010000000000000100010100100000001000000000000000010000010000000010000000000001001010000000000000
0000000001101100100000001000010000000000000000000000101000000001000000010000001000000000000001001000000000000001010100000000001000010101000000000000000000000000001010000000010000000110000000000000010000100100000000001000000001000001001000100000011000
0100100000000010001000010000000000010000000001100000000010100000110000001000000000001000001010010000000000000000000100000000010000000000001001101000110000000110000000000000000001001100110000001011110000000000000010000100000010100000000000001001010000
0001010000000000010001100000110000001010000000000010100000101000100000000000000001000010000001000001000010000010000100000000100111000000101000000100000000100110000100000000110100000000011110000000000000000000010000000000001100000000000000010000000011
0010000000100010000000000000000010100000100100010000000000000000001001000010100000101000010000000000011001000100000000000010000100100000010100100001000001000110000010000001101000000000100000010000000000000000000010000000010000101000001100000000000100
0101000001000101000001000010000000000000010010001000100000000010010001101001100010000010010010001000001000001100001100010000000010101011000110000101000000000000001100000000000101000000000000100010010100000010001000010000000100010100001101000100101011
0000000100000000000000100000100000000000010000000010000000010010000000000000000000011001000010100001000000000001000000100000001000000000010000000100000110000110000000000000000000000011000000010001000000100001001000000000000010010010000000101010001001
0001000111000000000000000001000010100000000001000000100000000000000000000000000000000000000100000100010000010000001000011000000001000000101100000000000000000100000000100001010010000000000000000000011101011100000000010000010010010000100100000010010110
0001000000000001100000000100101000000000101000000100000010001100000000000000000000010000100000000000100000000000001100010001000000000000000000100001000000000000000010100000100010000001100100000010100010000000000000001000001000000010000000100010000000
0000000110000000100000110000000100000110000000100000000000010000001101011100001011010000010001000100010000000000100000110000000100001100000110000010100010101100000100010001010000000110010001000000000000000000100000000001001010000000000001000000001000
0000001000010000110000010010000100000001000100000000000000001100000000000000000000000000000000111000010000100000000000000000000001000000000010100010000000000110000000111010000010000101000001000000000010010000000000000000001000000000100010100100010100
0000000000000101001000000001100010010000110100000010001000001000000000000100000011000010000000000000000000000011000000000010000100101000100000000000000000000000000000000100000001010000000000000100000101101000000010001000000000000000000000000000001000
0001000001000001000000101000000010100010100010001000100000110100000010010000000101100000100000100000000010100000010001100001100000000000000001001110000010100000001001000001000000101010000000101000000000000000010000001000000000000100110010010000000000
0000000010010001001001011000000100010100010000000000000110011110100000101001000000000111000100000000000000010100001001000100100001000100000000100001010000000000000000000010010000000000000000101000000000000000000000000000000100000000110000000000000000
0000010001000001000000001000001000000110001001011100000110000000001000000000010000100110000000000100000000000000000000000100000000000000010010001000000010000000001010000000000000000000000000000100010100100000000100000000000000000001000000001001000100
0000001000000010001000100010000100010001001000100010000000000100000000000010000000000000000000110000000110000000000000000001000001000000000010100110000000000000100000000000000000000000000100000000001000000000000010001000000001110000001000000001000110
0000100000100000010000001000000000100010001000000010100001000000001000000000000010000100001001001000001000001000000000000010100000000000001000000010100100101000000000010001100001000001000000000000000100000010000100100000000000010000000000100010000000
0000000100000000010000000000000000100000101000101010000000000000010000001000000000010100010001000010001000000000000000000000000100100010010000010000000000000001110000110001000000000000110000000100000000000000000000000000010000000001000010000000000000
0100010000001100001000000010000000010000000000000001001000100001001001110010100000000000000100100000000000010000010010100000000000001000000010000000000001000000010000000001000111000000100000000001000000000100110000010000000000100000010001010000111100
0011100100000101010001000000000000000000000001000000010010000000101010000000100000000100000000101000000100010000000000100101001000000000000000000000000001000100000110100101000001100000000000001010000000000000000000000010001000000001000000000000000100
0000100000001010000000000000000001000000100100001000001000100000010000010100000000110100100100001000001000000001100000000011000000000000000000100000011000000101100000000000010001000100000110000000000000010000100000000000000000000101000011000000001110
0000000101010000100000000011000000011000100000000000101010000000100000000000100000000011000000101010000000000010000000000000001000100000100101000000000000000000000000100000001010000000100000001100100001000001001010000010011000100101010001000000000000
0000001000000100000000100000100010010010001000010000001000000000000000000000000000000000000000000010000000000110001000011011000000000001100001000001000000000000000001110000000000000001000000000010000100010000000000000000000000010010000011000000010100
0001000000000100010000010100010000100011000000000000000000010100100001000000000010110100000110000010000000100000000000000000000010010000000001010110000000000000000000100000100000000001000000000010000000000000100000001000000000000000000000000010001010
1000000000000010010000000001011000000010000000110001001000010000000000110000000000010000010000010000010100000100001000010000000001000000000001010110000010100100000011100100000001110010000000000100001000000000000000100000000010000001100000000000000000
0000000000000100000001001100000010000000000000000100110110010000100001000000000100000000010000000001000001011000000000001010010001000010010001000000010000001000010000000101000010110000100000001010000000000010010000000001000000000011000000000100010101
0101010110100001000000000001001110000000100001001010000000100001000110100000000010000000100000000011000000000000000001000000000000000000000010000000000011100000000010000010000100000010000010010010000100000110110001000110000010001100010111000000000000
0001100000010000110000001000011000000000000000001000000100000000100000010001001011110110010000000000000100000000001000000000000000000000000000100000011000000000001101000001001000000010000101000000001000100010000000010000000000000001000000000000011000
1000000010000000001000000000000000000000000001000000010000000000000001100101000000000001000000000100001000100000000010001001001000100100110001010100000000000010000000000000000000000000100000000100000000100001000111010101000000010000000000100000000000
0000000001000000000000000000001010010000010000000000001000001000000010000000101000000000011100000000000101100000000000001000000000000000000010000000001100000010000000010000010001000000000000100010001000000000000000100001000010000001100000000000010001
0011000000000000000010000000000100000000010000000000000001000100000000010000000000000000100000010000000000100100000000000000000001000000000000010000000100011000100000100000000000000000001000010011100000000000001000000100100100011101000001001000000110
0100100000000000100100010000000000000000001000100000000010000100000000001010000001000001010000000000000000000000000000000010000000000001000100010100101000000000000100000000000000000000000100000100011000000000000000000010001000000001000000001000001100
1001100001000100100000101000100000000000000000000000100000010000110000100000100011101001010001000000000000010000000000000110000000000001001000000110000100001100000001111000100000000000010110000101000000100000000000000000000000000000101001000011000101
0001000001011010000000000000010000000001010011000001001000001000000100001000010000000000000000000001001000000000000000010001101000000001000000000000000000001100000000000000100000001000001000000001001101010100000010000000100000000010000010000000000010
0000000100000000000010000000001000000001000100100100000001000100000001000000100001001010100000100100000000000000000010101000000100001001000000000010000010000001000000011000000000000100001100010000001010000000000000100010100000000100000001000000000010
0000100000100000000000100000001000010000000001011000000000001000000000010010000001111100000001000000100110011001010000000100100101000011000001010000000000010000010000000000000000010001011000000000011100101000000000000000000000010000010000001010000110
0000000000010010010000001000110010000000000100100000000000000000010001000010101000000001100100111000000000000100000100000000000000100000000000000000000000011100000000000000010000000001000001100000010100000000000000000000001000101001000010001010000001
0010100100000100000000000100101000000010000100001000000000100000100000001100001100000100000000000010010001010000000000000000001001010100000001001000000010100000100000001010000001000001000000011010000010000000000000000000010000000000100001000000000010
1000000001000000100000000100000010000000010000010100100101000000000001000010000001000000000000000000100001000000000000100000101000000100010001000001000000100001000000100000000000000010000000000000000010000100000000010000000100100100001000010000001000
0010101000000000001100000000000000011000000000110001111000000001010000000000000000010000000100000000100000000010000000000000000000000000000000000100010000000000000000000000000000000000010000000000010000000010010000000000000010010010100001000000000000
0000000000100100000000000000000000000100000000001000100100000000000001000100001001000000000100001010100000000000010010000000000011000000000000000000110000100000000100000001000000000000000000000000011010001000000001001000000000000000000001101100000101
0000010100000001001000000000000000000100000100100000100010010100000001000000001000001100000000111000110001000000000101011001110100011000000000001000000010001001001000000000000010100000010000000000000000000000000000000000000000011000000000100000001001
0001100010100100001000000101000000000000000000001000000000000010000000100000000001100000001010010100000100000000100000000001000000100000010000000101000000000100001000000011100000010110001010000000000100000010000011000000000100000100001000000000101100
0000110001100000001000010000010000000000000000000000000000000000000000010100100000000000001001010000000010001010000011000110100100000100011000001100001000000000000010001100000000000100010000000000101010001000101000000010010000001000100000000100000001
0000000000000100001000000000001000000010000010100000000010010101100000010000000010000010010001000000001010000000000000000000000000000101000000000000000001001000100010010000000100100000000100110000001000011100100000001000000100010000000011000100000001
0000000100000000000000100001010000000000000000000000000000010000000000001000100100100100000100000100010001000000000100001000011001100000000000000110100000010000100000000100001001000000100010000000100011010001100000110010000000000000010100000010010011
0000111000100001010100001101000100000000000000000100110000000000000011001100101000001000001110000000010000000000000000000001011001000000101000000000101000000000001000000010000000000100000000000000000000000000010011001000000000000000001000000110000000
0000000100000000010000010000000110001010000000001000001000000000001001000100011010000011000100100000000000000001000000000001001010000000000000000000000001000100000000100010000110001000001010000111000000000011000000000001000000000000100000000000100011
0100100000000001000000000000000000000000000001000000010100100000110000011000000000011000000000100000000010000000000001000001001010001001001000000000000001010000001000000010000000000010001000000001000000000000001000000000000000001000010100010000000000
1010100000011000000000000010100011000000000111001010100000000000100011100001011000000001000000001000110000000000000100000000001000001000000000000010000000001000000000000000010010000001000000000000000101010000000000000000000010001000000000100100000000
1000000000001000110011000000100000001001110010000101100010001010001101010000000000000001110000000000000000000010000001000000000000000000000000101100001000000000100000000000010000100010010000100110000001000000000000000000000100101000000000000000000000
0001001000000000000000000100110100000100010000000000001000001010000000000100000010100001000001000000001000010000010011000001000000000000000100100000001000000000000000100000001010101000000000010001000000010000000000011110000000000011000100110100000000
0010000111000000001000100000000000100000001000000010001000000001001000000000010000010100001000000000000010100000001000000000000001000100000000001000000010010000000000000000110101000000010001000000001010011010000000010000000000000001000001000000000000
0000000000000000000000100000000000000000001010100000000000000001100010000000000000000001000000000000000000001100010001000101000010000000100000000000001000000000000001110110011000010000001000000000100000001100000000110010001000000000000110000001000100
0010000100000000001000100011000000101010101000000000100010010001100010000010000000000100100000100000100110101000001000000001000000100000000000000010010000000000000100100100000100010001000000101000001100000011100000000000000000000010000100001000000000
0000001001010000000000000000000000000000011000000000000000000000000011010000000001100100001010000000100010000000100000000001010001000001000000000000000001010000001010000110100000000000000000000000000000000000000000000001000000000000000000000000001000
0000000100000100000001000000000000000000100000010000100000000000000000000000001000001000001010000000001000000011000001001000111000000000000000100100001001100000000000010000001100100010100000000000000000100110000100000000000000000100000101000010010100
0000000001010100000000100011000000000000000010101100010000000000000000000000000000000001010100000000010000000110000000001001000000000100000000000000001100000100000011000000010011100000000101000000000011001000000100000001000000000000001000010000000100
0011011110000000000000000100001000000111100010000010110000000010001000000010000010001000000000000110001000000000000010000100001000001100010000000010010001000000100010100000000000000000100000100010000000000000000000011010001000000000000000010100000000
0000000000001010110101000000000010011110000000000011000100110000100000000001000000000000000000010000000010000000000011001000000100000001000010000000000000000100000000010001100001000101001000010000100000000010001001100010000001000100000000000000000000
0000000000000100010010000010000000000001000100000100000001000000010000010001011011000100100100001011000000100011000000000000000000000000000000000000010000100001000000100000000001001000000010100000000010000000000100001000100001000000100000000001000001
0000000010000000010001000000001000001000000011001100000000000000000010000000001000010100100000010000100010000101000001100000100100000000100010100011101100100001000000001010000100000000000110000000000000000101100000100001010000010000001000000000111001
0000000011000000000100000010000110101101000011010001000110010000100001000001000000000000000000010000000000000000000000000100000100000100010100000000000001100000100110000000000000001000000010000000110000001000010000011000000100001011100000000001000000
1000000010010000010000010100010111000000000100000000100000000000100000000000100100000001001000000000010000000000100000000000000011000000000000000000010000100000000001100000000001000000100010100000101110000001000000101000000000000111010010000001000000
0101100010000111100000000000000000000001010000010000000000000001000000000000010000000001010000000010101000001000000000100001000010000110010101010001100000000011000000000000010010111100000010101010000010001010000100010010010000011000001000000000100000
0110000000100101000100100000000000000011000010001011100000000000000000000000010000100000000001001001000000010000000000000010010000000000000000100000000010001000000100011000101000000010010100000010000100000000100000001100000000000000000100000101011000
0010011000000001000000001000100000000000001001000000000001011000000100010011001000000001101000110000000000010000000000100000000001000010000000000000011000000001100000000010010010000000000000100000000101000000010010000000011000010000100000100001000000
0000000000000000010000010010010000100000000000100100000000000001000000000001100000000000100000100000000000000000000010000010000000010000010001001000100000000000000010101000000000001000000000000001000000011100000000100100100000000000000000000010000000
0000000000000000000010000010100001101100000100001000000000010001000101001111010010110000100001000000100100010000000000100100000101000000000000000010001100000000000000100100100000000010000000000010000100000000001010000000010000000000010100000000100000
0110100010000001010010001000100000000000000001000000000000000000000110000000000000000000000000000000100010101000000100000010100000010000001000100000000001010001010001100010110000000000000000000100001001000001000000100000000001000000000011000010100000
1100000000000001000000001000100000010100010010100000000000000000100000010000000000000000000000010000000001000010000011100001000001000000110000100000100000010100000011000100100000010000000010000001000010010000010000000010010000000000000000000000011000
0010000000010000001000000000100100000000000110000001000000000110100001000010000000000100000000000000000000000000010000100000000010110010000001101001011000000100000000000000000010000000000000000000100101000000000000000110001000000000000000001101010111
0010000011000000000000100000000000000000000000000010100010001001100000000000000001100100001000100000100000001000000010001000100001010100000000010011010000000000000000000000000001110000010100000000000000000001000000000000000100000010000000000000000000
0001100000000000000000000000001000000000100000001000000000000000000100100101100000000000010101000000000010000000100000101000000000001100000001100000000010001010001000001001000000000000110101010000000100000100000000010000000100000100000000000001100000
0010110000000000001001000010000000000100000000000100111000000000110000000001000000100000000100011010001000100000000000000000010100000000101000001100010101100000000001100000000000000110100000001000000100001000000010010000000000000010000000000000000001
0000000101001001000100100000000000100000000000110000001000000000000001101000101010010000010000000000000100000000000000000000011110100000100100000000100000000000100000101000010000100011001000000000000000000000000001000001000000010000000000000000001010
0000100000000000010000001011000100000000010001001101100000010000001001000000100000010010000001010010010000101000000000000000000000100000000000110001000100001000000000000100000000000000000100001010010001000000101001011000000001101000000011000000000000
0000000000100001000000010000000010100001001000000010000000000010100100100010100000000000001000010010000000010000000100010000000000000000000000000001000001000001000100100100100000011000000000000000000011000000000001010000010100000000000000000000000010
0000000010000110001100000010000000000000000000000101010000000000110110100010000001010000001000010000001010010000000100010001100000011000010000000000001100000101010000000000000000001100100011000010000000010000001100000000100000000000001010001000000000
1010100001010000000100010000100001101010000100000101101000000000000000000000000000110000000010010000001000000001010000000001100000000010000000001100000001001000010000100000000100010000000000000000000001000100001000011000100001000010100000001000001000
1000100000000000001000000010000010000000101010000000001000100000001000000110000000111000000010010000100010100000000010000000010000001000010100000010010000000010000000001000000000010000001000000101000110100000000000011000000000000011000000000000100000
0000000000100100000000101000100010000000110000000000000000100000100000000010100000100010000010100000000000000000010000000000000000000000011000000100000001000000100000001011100000000110100010010000010110000000000001000000100100100000000011000000000010
0010110000100100000000000100101001010000000000010000000001000000001000000000000000001000101000000000010000100000000001001000010010100010000000001000000000000001000001000000000100000000000000000000000001010000000000100010010010000000000001000000000000
0100010001011000000000000100000010000000000000001000001000000000000000010000100010000000000000001010000000000001101100100001100000100000001001001000000001100010000100010000010010100000000010000000000000000000000010010101010001100000000010001101000000
0001000000000000000010000100100100000000101000100000000000000000001100000001000011000000000000000000000000001000011000100000000001111100000000000000000000000001011011000000000000001010000000001000000000010000000000001000010000000100000001000000000100
0001101100000000000000000000100100100000100010100000010100001110000000000000011000000010000001100000000001000001000000010010000000001000000001000001110011100000001100000010000100000010100001000000000000010001000001011100010111010001000001100000100100
0000000100000000000001001000100000000001000000000010000001010000000000000100000000000000001100000110100001010100000110000000000000000000000000110010100001000000110010011101000000100000000010010010000000000110000000000000000000010000000001001000011011
157 181
188 164
