250 250
0000100100001010100000000000101010100010100000000000000000010000000010000000001010001000010011001000101100000000000100100100001000000010010000100000000010010100000010000000000010000000000000001000001000001001100000011010000000000011000000011000100000
0000000110010000100101100000000100000000000000000000010010000000001000001000001100000001100000000000000010010000010010100101100000010000100000000000000001010000101000000000000110010000011000000010001100000001010001100100000001000010000000110100000101
0000001100000000100010000101000001000001010010101000000010100000100000001000110010000000000000000000001101001000000000000001000000100000100000000100000000000000000001000000000000010000001000000001000000000000010000100000000000010000000011000000011000
1000000000010010010000010000000000001000000000000001000000000101100000000100000001000000000000100000000000000000010000100000000000000000000000000000001000010000000000000000000000001010100000100000001010000000000011000000000011001000000000101001100100
0011000010000000001001110000100100000000000000000000000000100000010010100010000001000101100000001000000000010100000000010000100000000000110000010000000010100000000110000001001010100001100000000000000100000000000000101000000000010000000000110011000010
1010000010000000010100000000000001100000010010000000000000000000000000000000100100000001100000000000101001000010100000000100000000000000000010000011000101000001000000000000110000000000010000100000000000010100000000100000000001000000001000000000000000
0010010000001111000110000010100010101000000000000001000000000001000000000000000000000000100000001000001000000001001000000100010110000000000000000000000000000000000000010111000000000000010000000000100001000000000000001000011000000100010001000000000000
0000000000010000000000000000001000000000000000000000000000000001000000100000100001100000100100000100001001000000000000000000001000000000000000000000000000001010000000001100100000010001010000000010001011000000000010010000000001000100000101000000001000
0011110000100000000100001000010000001000000010000000000000101000000000100111000000000000010000000000000011000000001001100000000000000001001000000000000000000000000000000000000000001000001100000010000110101000000000010000001000001001000000001000000000
0000000000101000100000100000000001000000010000000110001000000000011000000000000000000000100000000000001000100000000000100001011000000000000000000000000000001000000100000000100100001110000000000000000010000000000001000000010101101001000000110000000000
1000100000001000000100100000100000000010000000001010000000100000001000000000101011000000010000010000000100001000001000000000100000000100100000000000010000000101000010101001000000001000001000000000000010100000100000000100011001010100010000000000001001
1000000000010000000100010001000100000100000000000001100000110000010100001000011000000000001100001000010000100000101010101000001010100000001100000000001010001000010100100110001000101000010000100000001000000010000100000000000000000000000100000100000001
0000000000000001000010000000001000000000000101010000010000000100000000000101000000000100000000001010010100000001000011000100000010000010110001000100000000000000010000000000010000000000100100010100011000000000110000011000000010000000000000010000010101
0000010010000001000000000000000000000000000000000000100001010100010000000111100000000000000000100000000000010000010100100010101001000100010000000000011000000000010100000110001100000100000010100001000000000110001000010000000100000000010000001010000100
0000000000100000000000001010000010100000000010000010100010010000001100010000000001100000000001100110000101000001010000001000100001000000001001000001001000011110000100000000000001000001001100100000010000010100000000000001000000000001000000000000100000
1000000001011000000000010001000010000000001100000000100000000000001000001000000000000001010000000000100000000000100000110000000000000101000000000000010010010000000000000100000000000010010000001100001000000000000010100000010100000000000001000000000000
0000010100000010100100000000000000000000000000100000000000000000000001110000000000100011100011000010100000001000000000000000000001000000010010000000000001101000000000010100000010000000000010001000000100100001000000000000000000000010000010101000000100
0000100100001000000100110000010000001000000000100010010000010011000001010000010000100000000000010001000000001000000000000001000000000101000001000100000010010000000100000001000000000000000000100100000001000000000000000000101000001000001001000000010000
0000001001000010100000001010010000010000010000010001000001000001100100000001000010000000010000001000000001000000000000000010010000000000000000101000011010100100000000100000000001001101110000010100000000000000000011000101001101000000000010100000010010
1000000100000000000010000000000000000000000000000000000100000000010100011000000000100000010000000010000100011010100001100000000000100000000000110000000011000110001000000100000000000010011001000010000000000000000000001001000000000000000011010010000000
0000000100001010000000000101100000100000001100001000000000001100000001100000011000000000000000000010000000001000010001000000000010000000001000000001000000000000000000000110000000001001000100001010010000100011000001001000100000000100000100010010000010
1000000010001101000000000001001000010000000000000000000000111000000000010000000001000000000000000000000000010000010100011000000000000010000001000010001010001101001100000011000001110000000010000100000000100000010100010001010010100000001000000000100100
0001100000000000000010111000001000000000001000000100000010100000001000000100000001000000010000001000000000000000000001000000100100000100000011010000000000000010000000011000000100100100000000010000100000000001010001000000000100000001000011000000000000
0010000000000011000000000000000000110101000001000000000011000010001000011101000000010010001000011000100000001100000000000000100001100000010101110000010000000000001010010000000000000000100100100001100000000010000000110000000000010000000100000000000101
0000000000001000010001001000010101000000001000000100100001100100101000000000000000000000001000001000000000100000100000000100000000001000000100001000010010100000000011000001000001001000100001010000000010000000000000000100000000101000101000000010000000
0100000000000000110000000000000010010000011011000010101000100000000000000001010000000000000010001010000001000010000100000000000000000010000000010000000000001010000100000000000000100010000000000000000001000001010100000001000000000000001101000000101000
0000000010000001010010000001000001000101101000010100001010001010111000100000000100000011000110010000100000100100001000001000010010000000100100000000000001000000000001100100100000000101010100000000000000001000000000101000000000000001000000000000010110
0000000000000000000000001000001000000000101000000000001000000000001000100001010000010000000000001001000000000000000000010000110001000000000000000000100000000000000000000000000000000000000000100010000000100000000100010000100010000000000100000000010000
0000010000101000000010101000000001010000010000000010100110010000000000101000000110000010000000000010010011101000001000010011000000000110000010001000000001000000101101000000001000000001010000001010011000001110000000000100000000000000000000000000000001
0000001000001000000101000000000000000011101001000010011000100110100000001001011011010000011000000000000010100000000000000100000010000011100001100000000001010000000000000011000000000001000000111000000000001011000000000000010000010000000000000000100000
1100010100000000000000001000000001000100001101001001000000001000000010000100000010000010000000001000000000001000000000000000000010010000001011000000000001001000010000100000000011101000010000110010100000110000110000110000000010010000000100000000000000
0000000010100000000000011101000001001110000001110000001110000000010000011000100101100000000001000001000101010100100000100000001010000100001000100000001000000000000000101100100010100011000000000000001000000100000001100010001011100010000000011000010000
1000000010000000000000001011000000010000000000001000011000000000000001000010000100010010000000001000000000010000010110000000000010000011000000000000000100000000000000000000000000011101000000000010000100000100000100000100000000000010000000100011001000
0000010000000000010100000000000000001000001000010000000000001000001000011000000110000000010000000100000000100000000000100000000000000000000000000000010000001000100000000000001000110100100000010000000000000100001000000000000000011000100001000000100010
0000100000001000000100100000101100000010000100010010000000000010001010100001000000000010000011100000010000001001001100001010000100100000100000001000000001000001000000000001000000100100000000010000001001000000000000000100000000000000000000000000110000
1111010010000010000000000000001010010000000100010000111000000000000000000000100010010000000110000000100000101000100000011101100101000010010011100000100000000000100100000000010001100000010010000011010000000000100001100000001001010000000000100000000010
0000001101000000000100100100010000000000000000000000000000000000000000000000010000001000010010000000000001000011000000001000100000000000000000001100000000000000000010100000011100000001100010000000000000000000010000000100100000100000100000000010000100
0000000000000000101000000001010001000010000010000000000000000000011000001000100000000000000001110000010000110000110000010000100001000011000001011001000010000000000000000001011010000001000000000000100000000000001000000000000010100000000010000000100000
0010000000000101000000000100000000000000100100100000000000000000001000011000000010100001000001001010001100001001011000001000100000010000001100000000001100001000011010100000000010010000000000010000000000000010010000001000000101000000100111001000000100
0110000000110100000001100000000000010001001001010011000101000001000010010001000000000000000000000101010000000000000001000000000100010000000100001100000100000000100000000000000100000000101000000010001000100000001000011000000000000110000000001000000000
0010100000000000001000001101010001000000010000001100000000001010000001000010001000000000100000000000000000000000010001001000001000001100000000001000000000011001001100000000000000000000011000000100000000010010000000000100100000010001000000000100000100
0000000000000100000000100010000001010010010100000000000000000000000000000000000010000000001000000100000100000000001110000100110001000001001001000011000000000000001100000110100001000110000000000000110000001001100000000001000000010000000110000000011010
1001000100110011101000000000101110010100000000000000000100000110000100100010000100000000001101000100000000100000001110000000000010001001000000000001000001000000010000001000100100100100100000000000000000011000000000000000000001001000000010001001000010
0000010000001000001011000001000000110000010000110000000000000000000000010101000000100100000000000000000000011001000000000000001000000100001000001000001000000010001000110000000000000001000100000100001011001000001000110000000000100000000001000000000000
0000000000010000100000000010100000000000000001000000100001000001000001100001000000101010010110010001000000100010000010101001100000011000000000100000101000001000000001000000100000100100000000000011000000000000000000000110000010000000000110000001000001
0000010010000000100110010010100000000000000000000011000001000001010001000000001011000000101001010000000000000000000000000101010000110000000000000100000000000010000000000000000000100000110000000001000000000010000100110000000100000010000000011011000101
0100001000100000010100000010000000100000100010000000001000010000000000000001000000100000110110000001101000100000000110010000000000110000001110000100000010000001000000000000000000000000000000000001000101101100000010000001000100000000010011000000000001
0000000000000000000000000010010000000000000000100011000000010000000000000010010000010000001011000010000000001110000000000000000010000000000000000100001000000011000100000110000001010000000000110000010000000000000100000000000001000000000100000100010000
1000000100000001000000100101111000010000000000100011000000010001000100001010000000000110000100010110010001000100000000000001100000011000000000000000010010000000000000010000000000000001000000000000000001000111000010000001100000000000010001000000101010
1000000000010000000001100100010000000000011000000010110000000001000001000001000000010000001000000000000000110000000100000000000000000000100010000000000010000000000001001000000000000000001000101000000010000000100001000000001101000110000000100010001000
0000000000010000000100000000000000001001000001100000100000001000000000000010000000010000001000000000000010100100000100000000100000000101100000000001100000100100100000010101001000000000000000100000000001000000000000100010100000000001010001000000000000
1000000010000010000111000000000001000000000000000000000000100000000000000000000000000000000000000000000000000000000000110001000000000100100000001000000000000000000000000000000000001100000001001100001000000000000000001000000000000101000000010000000000
0000000100000101000000000000101000100001010000000000000000000000000001100011000000000010110000100000100010100000001000000011000111000110000000000000010110000000000101000100001000000000001010001011000010000001011100100000100000000001101000010000000000
1010000100011000101000000010011000000000011011010000001010001000010000110000000011000000011000010001000001000000000000000101000000001000000000100000010000000000000100100000000001000000010110100110000001010001000000001000001011000000000000000000000000
1000100000000000001011000000010000010100000100000100000000000001100000000000000100011001100000010000000010000010000000000000000000000100100100010000000000000000100100000011000000000000000000100010011000000000000000000000011100100000000000010000000010
1000000010000000000000000100000010000000000000000000000000100000000010000010100000000000000000100001000010010001010000000010001000000000001101100110100000100000000000000000000000010100000000001001010000000000000010000000010101000100000100000000000101
1000000010000101000000010010010001000000000010100000100000000100110000000000000000001000001000000000110001010000000000000000000000001000000000010001000000000000000110001010001011000111000100010010011100000010110000001010000000000000011011100110100000
0001100000010100011001000001000100000010001100100000001000000010000000001001000000000010000010010110000000000100000010010000010110101001110000010001000011010000000010000000010000000000100000010010100100011000000000000001000010001100000010100000000010
0001010000100010010000100000001000000001010010000110000000110001000001000001010000000010000000000000000000000000001010010100000000000001001000000010101100100011010011000000100010000101000001010100000001000001001000000000000000010000001100001000000000
0000010000000000000010010000000000000010010000000100000000000100000000001100000100001000000000001000100001100100000001001000000010000010000000000000100001001001000100000000000001000100000000000110001000000000000100010000000000010001000000000000000010
0000000000000000000000000000000000100001000000010000000101000000101100100000000000001000000100000100000000000000001010100010000000000010000001010000010110001000001000000000000000001000001000001000001011100100001000000101000000000010010001000000100010
1000000000000101000000000010100000000110001000000100000000000100000000011000100000000000010010000000000110000000000000001000000000000000000000100000000001000100001000000001110011000100010100000000001000000000000011000001001000000000000100110100000100
0001000010000000000000001000000000000001000000000000000100100011000000000000000010001001000110000100000000000011001001100000000000001000001100001000001110000000000000001000010000000101100000100000000010000000000001000000100000000101000100000100000000
0000101000001100001001010000000010000000001000000000000100001000000000100000000000000000001100110000000000000000000001010000000000000000000000000100000100001000100010000000000001000000100000000100101100000000110001100000000000000011110000000001100110
1001001101001000000001000010000000100000000001010000110010000000000100000000100000000000000000000000000100000010000010100010000100000000111010010101000010100101000000100000100000010011000011110001000010001000100000000010010010000000101100000100000001
0000000000000001000000011001010000000000101000000000100000100000001000010001010100000000000101000001000000110001000000100001000000010000100000000110010001000101001100000100000001100000000000000000000000011100010000000000000000000001100100001001000011
0001000000000000000000010000010000000000000000000000000100001111000100110100010000000000111100000101010000100000000001000000100000000111010000000000001000100000110000000010000000000110000000000000001100000001001100000101100011011000000000000000010000
0000000000000000000100001100011001010001101100010000000000001000010000000000000000000000100000000010000000000000000000000000100000000000000000000000001000000010000001000000000000001000000000000000100000000000100100000011000101100000010000000000000000
0000000100000000001000000010000100000000001000000000000000000100100000000001000101110001011000000101101000100000011000100100100000000001000000100000000000100010000100100000100000000000000010010001000000100000010010000000000000000000000000110100100001
0000010001110000100010100000000100010000000000001001000001000000000001000110000000000001110010000111000000100010001000001000000100000000000000010001000000001100000001000000000000011100000000000000000100000001000110000000000000000010110000000100000000
1011000001000000000000101100100101000101100001000011100000100010000000010100000100101000011000000000000000010010000000000000011111110000000100010000001100000000010000000110010100000000001110000000000000010001000010001000000001001100000000000100011010
1100001100100000100100100010000000000000001100100000000001000010001010000001000000111000000000100000000000000000000000001001001000000000110000000000000000110001000000000001010000001010100000001010000100100000000000000101000001001110100000000000001000
0010000111000000000000000000010011000000011100101000000000000000000001000000000000010010010100001000000000000000010000001000001010000000000000010000000000111000000000000000100100000000110000000000010000000000000000000000000000100001000000000000001110
0000000000100010000010000001011001000000000000101100000000100100010000100000010000001010010100000000010001000000000100010001000000000000000010100010000000000001000000001010000000000000000000000000110000000010000000000000000000100000001001100000000011
0100000000000100000100000000000000001000001100000000000100010000001000000000000000001101000010000000000100000100100010000101000000100000000100100000010000000000010000000000000000000000010000100000100000010100000000000001110100000100000010001000000000
0000010000000010000000001000000001000000010000001001000100000000011000000000001100000001010110001000000000010010100011000100010100110000010010001100010000000000000001010000001010001000000000000110000000010001000000000000000000000010000000101000001100
0000000000000001001011100100011100011000001010100001000000000001000000100010110000000100000000000000000000000000000110010000000100000000001000000000001000000000000110000000000000000001010000010110001000000000000000010000100110000000000100000001000100
0000000000000100100010100001000000000000100001100000010000000000001000000000010000001000000100000101010100100000001100000001000001010001001010010000000000000000001100000001000010100000000010000000000100100000000000010010010000000000000000000101000000
0010100000011010000000000010000000010110101000100110010000000100010000000000010000000011010110010110001000000000000000000000010100000000011000010100001000010010101110000000110000000000001000000101000000001000000000100100000000100010010001000000000000
0000010011010000000000000000011100000000011010000011001010000000000110010000000100100100000000000000010001000000100010000000010010010000001001010000000000000000001000001100000100110000000000000001010000000000000000000010000000001010000100000010000101
0000000000000101010000000111100011100000000010000000100010000000001000000000000000001110000000010000100010000000000100100000010010010000000000010010000000000000000011001100000000000001000010100000000000000100000000100000000011000100000000000101011000
0010000010011000000000000000100010001011000011000001000000000000001000000000100010000100000000010000000000100000001000000010000010000000000010000101000000000000100000000001000010000001000100000000101000000000100000000100000000000000000010011000010100
0000010000000011001010100100000000010000010000100000100000000000001000000000000100001000010000100000100000000100000100000000100010100000000001001000010000101101000000000000000100000000100010000001000000011000000000010010001000101000100011000000110000
0001000011010000000010010000000000011001000000000000000000000000001000000011010000000000000000001000000011000000110100000110000100100001000000001100000000001000000000000000000000100000010000100100101000100010010000010000110000000100000100000100001000
1000110000000000000000000000001000110100001000001000001000000000000001110000000000010000001001010010010000000001000000001001000000101000000001000000100100001101000000000100000100000000100010000000000000000100001000000001010010000010100000000000000000
0001000000000000100000000010000000000001100010010000100100000100000100010100000100010000010000000000000100100000000001000000000000000000000010000110000000000011000011001001001100000010000000010101000000000000000010000000000001000000001010100100000000
0000000100000000011000000000000100000000000001001000000000000010010000010000000100000010000010001000000000000000110100110000001110010000000000010110001000010000001000001001000101000011001001000000010000000000000100000000000010000000000000000000100100
1000101010000111000000000000001010001100101000000010100001100001000011000000010110001001000000111000100000100000000001000001000000000010000000010010100000000001010000000011001000000000101000010000000000000000110000000100000100000001000000000100000100
0000000000000010000100000000000010000000000100110000000000000000100000010000100000101000000100100000100000000100010000000000100001010000000010000000101001010011001000010000001001000000011010000000100000000001101100000111000000000100001100000010000000
0100100000001000100000011000000000100010000000000000000000000000000000000000000011001000001110010000100000000101000000000010010000000000000100000100010011010100110000000000010000000000000000000010000010001000010000000000000000000010000010000001000110
0011010000000000000000100110000000000000000000000000010000000000000000011000001100001000010100000000001001010010000100010000000000001000000000000010000000001110000000000000000000000000000000010000000001001000110000000001100010000000001100110000000010
1000000000000001001000101010000000000011000000010010000000010100001010010010000000000000110000000110010010010000010000000000001100100100000000100000000000001000000001000000011000001001000001000011000000001000000000000000000000010000000000100001000000
0000000000000000010000100000000001000000010010000000000001010000000000000000000000000100000111100001000001000000100000101000000000000010000000000101000000000011000100001100010011000000000000000100010000000000000100000001010000011000001000000000000000
0001000000010000000110000000000000100000100000010001101000000000010100000000001000000000001100000000000000001000000001011000000010000000000000011000000000000100001001000000100000000000001111000010110100001000110010000100100000100100010001001000000000
0000000000000000000011011000000000000000100000010000000100001000011000000101001000000001000100000000000000011100000100100011101000000000100000000000000011000000000101000011001010000000000000101010001000000011001100000000000001000100100000000011100100
0000000000010000000000110000010000100000000010000000101000000001000010000001000000000000001001001110100000000001000001000000100000000000100000011000011010001010100001100000001010100000110001000001000000000001010001000000000101000000000000000100000000
0100010001000000101000001001000000001001010010001001001000000000000000100000000000100110010000000000000001110000100000001000010001000010110000011000100000101000000000010011000010001000000000100000001100000000001000000000000110010000000100001001000000
0101110000000001100101000000000000000000000010000000001000001000100000100000001010010100000000000000000000000000000000000010001010110010000000100000000000001000001111000000100010001000000001011000000000000000000000100000000000000000000001000000000100
0010000010000100010000001000010000000001100000100000000010000000000000100000000001000000010000000000000001000000000010011110000000000011000111001000001000000100001000000010010000000000000100000000001000100000110001110001000100010000110001011000010000
0100011000000000001000001100100000010000000100000000000010000010000001000000000010000001000000001110100100000111100001000010000001001001000000000000000000001000000101001000000001100001010100100000000001000001000000000100000000001000011000000001100000
0000000000000110000100000000000000000101001000001100000001000000010100001000000110001000000010000000010000010000000000101000100000000000000011000011001000000000100001110001000010000010000001001001010000000000001000000000000001000000000000000001100000
0000000100000000000100011000000001000010000000100000000000000000000010010000000000000000000111000001000000010000110000010000010000010000000010001000000000010000000100000100101000010100000000111000000000011000000000000000001000001000000000100000100100
0000100000000000000000000000000010001000000000000000110000000100000000000101000010000001001001100001000000100000000110000000000100001100001000001001001000101000000001000000000100000000001110000011001000100010000000000100010101000000010000010000000000
0000100010000010110010000000010000100000000100000101010000000001010100010001011001000100000100000011000100010000000000000000000000000000000010000001000000000000000000100000000010001001010100000001001000001100000100000100000000010000000000001000000000
0000011000001000000100000001000010001110000100010000100100000000000100001000000000000000000000000000000100101000100000000010110000000000100000000000000000000000000000000000010000000000000000001000001000000000011000100010100001001000000001000101000000
0100000100000000101000000000000101000000010000110000000100001000001000000000000000000000000100000000000001000010000000010000100001000100000000000010001000011101000000101000101000000010000011000000000010000001000010000001100010000000100000000100100100
1000000000000000000000000000000000010100000000000001100000010000010110101000000000010000000000000100010000001010000000100000000010010000001000100110000000001000010001000010000000000100000000000001100000000100000000000000000000001000010011000000000001
0010000001100000010100000000000001000000010000100001000001000000010011000100010000000000001010000010000110000000000000000010000000001100010000000000100000100010010000110001000100000000100000001010011000011000000001000000101000000000000010100000000000
0000000001000000000000000000001000001110000000001000100000000000001010000001000000000100000010000000100100000000000010000000000000000100000100000000010000001001100000100101000000000101010000000100000000000001000101000010000000000000000000010000000000
0001000000100100000000010010000000000010000000001110001000000000010000000010000001010101000010001000000000000000110100100000001001000000001000000000001100000000011100110000000000000001000010010000000100000000000000000000000000000000000000100100001000
0100001000000000000000110000000001000000000100001000010000110000000001000000001110011000010100000010000000000110000110010000100000001000010000001000000101000010011010000110000000010000000010011010000000000001001000000000010000000000000010100000100000
0000100001000000000010011000000000010000101010000100010011000010000000010011010010000000000100000000010000010000001000000000001110101000100100010010000001000000100000000000001010101011000001100000000000100000100011000000000000000000011100000100100001
0010000000000000000010000000000100000000000000000000010001000000000010000011110000100000000010100001000001000100010010001000010100101010111000000000000000000010001100000100000000000100000000100001101000100101100000010000000000100000000000100100000010
0000001001000010000000000011010000000011000001000000000000000001001000000010000000000000100001100000000010000010100000000001000010100010000000000000000000000010000000010100000000100000001000000000100000000100000000000010010100000001000010100100000010
0000000000100010000000000000100000010000100000010000110100101001000001000011000001000011000000000000000010000000000100001000000000000010010000010011000000100000011000000001000001000010000100000001000000000000100000001010001000000000001100001000001000
0010001000010000011000000100000010010000000001010001111101100100000001001000000000000000001000001100000101000100000000000001000010110000000000001000000000000010000000000000001100010001000001000001000000011000001000000001000000000010010001100000000000
0000010001010001000000101000011000000000101000000001000001010000000100010001101000000000000000000101000010101011001000000000010100001000001000010000000001000000010001000000100000000000000000000100000000010010000100000110010010000000000000100000100000
0000111000001010010011100000010001000011000000000000001000001000000101101000000000100001000000100000000001000000010000000000000000000000000010110001000000000000010000100100000000000101000000000000000000010010000000000000000001000011000110000010100000
0001010000001000001010000100001011000001001000000000110000000000100010000011010000000000100000001000001010000100000000000000010101000000000000010000010000000100000100001100010001100100000001000000001000100010000100000101000101010001101000001001000001
0000100000000001000101000000000000010010100010010000001000000000010010000001000000010000000000000101000101000100000100000000000101000000100110010000010100000000000000000010000000000000000001000000000110000001010000000000000000100000001000000001000000
0010000001010100100000000000000000000000101010101000000001000100000010100001100001001000100000000001000011100000010000000000000100000000000010100001000000011000011100000000001000000000000000000000000000011000000001000100000000000000000001000001000110
0000000100000000110100000000000000100000010000000000011101000000000100000101000001010000001000000010000000000001001000100000000000000100000000000000000000000000010000000000000000000000000100000111001000101000010001000000000000110100000000100000000001
0000100001000000100000000000000100101011100000001010110000000100000000000000100000100000000000000100000000000010000010100000001100000001000100100000000000100000000000001000000000000000100010100001000000000010100001000000000100001000001101110000110000
0110100001100100000011101000001000000010000000000011010000010001000001000010100000000010000000010100011101000000100000100000000000000000000010000000101000010000000000000000010000000010000010010110000010000110000000000000001010000000000000110000100010
0000000000010000000101000010000010000001000000000000100000000000000000100100000000000000000000001000000000100010000000000000000000010001000010000000000001010000001001000000000000000010010000000000100010110000000000000000000110001000000000000000010001
0001000000101000100000001000000101000000000000100000010010000100000001000100000001100000000010110000000001000000000000000000010000010001000001100000100000010000101001100010000000000000000100000000001001010000000100010001001101000000010000000000000000
1010000101000000000000010000000000010101000000000000000111101010100000000000100110000000000000010000000000100100000000000000001000000000100000000000000000001000100000000000110100100110000110001001000001000000110100010010000000000000011100000010100010
0000000001000000101000000000000000101000100000000000010001000000000000001100000000000100000001000000000001000001000000000000000100000000000000000001000000000000000000010000010011100001001010100000000000010010000000000000000000000000100000010010010010
0100000000110001000000010000001010000010000100010100000010010000101001001001000000000100000000001000000000000000000000100000100101000000011000000000000001100100000010000010101010000001001000000000000000000001011000000100010100000000000100100000000010
0000000000010000000000000100000101000000000000100010000010110000010100000000000000000110000000001000100001000000010000000010101010000100001000010000000011000000100000000001001000100000000100000110111000000000010010100100000011010010000000000001000100
0000000000000000100000100000101001001000000100000000000000110100000011000100000100000010010000000000100000000000000000000101000001000000000000000000001100000000001100100000000000010101000000000000000000010000000100001000001000100000001000000111101001
0000001000000000000000001001000011000101000000010000101001000000100000000000010010010000110000000011011000000000100000010001001000100010000000000101100000000100000100000010111000100000110001000000000000010000000101010100000010000000000000000000110010
0100000000000100000000000101010000100000000000110000000000000100000010000100010000100101110100101000000000000000000001000101000000000111100000010000010010000001000000000000000000010000000100000000000100111000000000000010000010000000000001001001000000
0000100000000000000000100000100001000000010010000110000010010000001000000000000010000000000100001000001110000000000010000000000000000100001000000001000100100000011011000000010001100000001001110000000000000000000010001110100100000001100001000000000100
0011100000001000001010000000000000000000000100000000000100000000010100100000100000000000000000100100001110010000000001000000000001000001011000000000100000110000000000000010100000000100011000010010001000001000000000110000001000000100100000100100000000
1001010000000000101010000100001001000000000001010100001010000001000000100001010000010110010000001000010000000101000100010010000000000100000100000010010000001000110100000001000000000001000000001000000000010000000000000000000001000000001000000000100000
0100000000010000000000011000000001001001100000000101000000000000010000000001001100100000000001000001110000000000000010011010010000100000010000100000000000000000000010000100010100010000000000001000100010000100000000000000001110000001000100000000000100
0000001000000000000010001100000000000000001000000000000010001000100000100000100101100100000100000000000100000001000000010000000100001010110100100110100000000110000000000000100000000000001001100000000100000101000001000001000000000000100000001000010000
0100000000000001010000000000000001000000001010000000000010010000000000000100000000000010000000000001000000000001000100000001110100001100000010000110001010001000010010011001000000000000010010000000100000001100100000000011000100001000000000000000110100
0100010000000000010010000000000110000100001000011000010100010000000000000000000000000000100000000001000100001000000000000000000001101000001100010000000010000000000000000100010000000000000000000000000010000000000100001001001001000000000100101000000000
0000000000000001000010000000000001000000010100000000000000000000011000101100001000010000000100000000000000000000101000010001000001010000000000000100000010000000000000010000000010010000000000000000000000000000000000000100000010000000000000000000100000
0001010000000000000000000000100100011000000000000010000000001001001000000000001001000000010000101100000000100000000000010000100000001000100100010100010000100000010000000101000000000000000100100000101000000001100001000100000000010001000011000111011101
0001000000011000011000000000000011100010000001010100000010100000010000000010000000000000000000000010010000100010000000001000000000100000010000000000000000000000001010000010000000000010000000000000000001100000010000001000000000000100000000000000000100
0000000000000000110000000000001010110010000000000000001010000000001000000000000000000000000100000000000000000011010110100000100000010100000000000000010100000000000000000000001000000010000000000000000000000010000100000000000000000000100000000000101000
0010000000000000011100000001000001011000000010100000000000000001000010000101000000000000000100001010000000010000000110000001000100001100001000000000000000000000000010000110001000000000110010100000010000000100000100001000000110000001000010000000100000
0100010100101001010000100100001000000100000000100000000000010000000000000010000001001000000001001000010011010001000000100001000000000000000000010001010000000000000000001000000000100100100010000000001010000000010000111010110000000110000011000111000100
0011000001001000100001000100001010010000000000001001000000000001000000011110010000000000000000000100000010100000010000100000000000000000000010010000000000000110100000100000101001000000000010000000000101000000100100000000000001001010000001000000000111
0001100000100010000000100000000001000000000001000000100000000000100000000000110010000001000010000110000000010000000100000000100001100000010010100000000000001000010110010000000000000000000010000000000000000000000001000101000000000000001000000000001000
0001000000000000000000000000100000000000100000010000100011000001000000000000001010100101000001001000000000100000000000001110011000000000000001000100010000100000000000010000000000000010000000001010001000001001000000000001000010000001000000000010000110
0100001000000000010101001010000000000000000001000000000000000000000001000100000001000001100000000000000011001001000000000000000100000110001000010001010000001000000000000000000001000000000100000001000110000000010000000000100010000101000000000000011000
0010000000000010100100010000110010010100110000000000000000000000000010110000000000001010100100100010100110000010000100101000000000000110100100000000001000011100000000000000000010000000100011000001000000000010000000001000010010000000010000000000011010
0011000001000100000000110000000000010010000000100111100001001010000000000000110001110000101111000100000100000000000000000100000100000100000000011001000000000000000010011000100000000100000000000000001100000010100001000100000000001001100000010000100000
0000000010001000000011000100000011000110000001100101101011010000001000000000000000000000000000000100100000010000000000001000000010000000001100011000000100000000000010010010000000001000000000000100000001000011000000000000000000000100000000110010010000
0000010000100001000001000000110000010000000100000001000000010100001000001010000000000100000000000000000011000001010000010100010001001000000010001000110010000111100010100000000010000001000000000011000000100010000000100000000000000000000000010010010000
0000000001000001010000011000001110100000000000000010000000000111000010000000010000000000001001000100010100000000000001000000000000011010000010000010000000000000000001000000010101000000000100001000000000010000000011001011000010010010000000010000100000
0000000000100110100000000000000000000100010000000010001000010010000010000000001010100100000000000001000001010000001000000000000000000000100000001010000000000000011001100000001001010000000000000100010010001100111000000000010010000000100000001101000000
0000100000000010000000000000000001000000100000000100100000001100000000011000000000000010000000000000000001000000100000000000010100100101000000000000000001000000100000010000000000010000000000000100000010000001100000000010000000000000000000000000001000
0000101001100000111010000010000001100000100000001000110000000000001001000000000000101000100010101000000000000100100001100101100000000000100101000000000100000011000001001000000011000100000010010111000000000000000011000000101001000000000000010000000000
0000100000000000000100000000101100000100000010010000010000000000000000000010010000000001000000000000001000000000001100000000001001000000000000000000000000000001000000000010100010000000010100010110000000000001000010010100000000000000001100010000000000
0000000010100000010001010001000011010000001000000100000000000000101000001001000000100000000000000000010000000000000000000000000000100000001000000000000010000010000000000000000010011000000000010000000111010000110000000000000001000001001010000000000100
0000000000100010100110000010000000000000001000000010000100000000000000000001000000001000101100001010000101000000010000000000000010001000000001000010000000010000000100000000000000000000001000000001000000000001000100010000000000000000001111001000000000
0000000000000001000000000000100010011000000110000000000000000000000000000100000101000010001000001110011000010100000001000000001000100010100011000000000000000001010100000000000000001110000000000010001000000000000001000011000000000100000000000010000000
1001010000010000000001000100010000001000001000000000000000000000000000000000000000000000100001000000000110000000001010000000010101001000101100000000101000010001000000000000000110000010100000000000000001000100000001010000110010110000000000000010000000
0000000000000010100100000000000001001001000000100100000000000000000010100100000000010000000101000100000000001000001000100100100010000101000100000001000000100100000000000100010000100001000101000000100000000011100001011011000000000000000000001010001010
1000000010000000000000000000000000000000001000000000000000000100010000110010010000000000000000000010000000000000100000101000000010000100010100101000000000000000000001000001000100000000000000010100001101000010000000010100001000011110000100100000000000
0000000000000011000000000000000000001000000000000000000000000010100000010001010100000001000001000010000000011000010001000110000000000110000000000000000000111010001101000000100000001000010100000010000000110100000000000001101001100000000000000001000001
0010010000000000010000000100000000000010000000000001000010000000000100000010000000101000100100000000000000000000000000010000001000010000100111000001011000000000000000000000000100100000000000100010000010000100000000000000000010000011011000010000001001
1000000000000001000000001010000000000111000000000100010100000100000000010000100100000000100011000100100000100000100000010001001000010000010001100000000000100010000000010000010000000000100010001010000000000000011100000001010000100000000101000000000000
0000001100000000000000000000000000000000011100000001001001000001100000001000000000010000000000010100101000010100100000011001000011010001000000000100000001000010000000000000010000100001000000100010000000100000101000000100010000000000000000000000000001
0101000010010010111001000100111100001100000010000000010001001000100000000000000001001000101000010000000000100100001000000000000100100000000000100000000000000000000000000000100000000100000001001000001000000000000000000001000000000000000011000010001010
0000000000000010000000000010000000000000000010100000000000000000100000000100000000000100010000010000001010000000000000101001000000001001000100100001000010000000000001010001000000010000000000100000000000000010000000000000100000000111100000010000011010
0100010001001100000000000000000000101000000010100001001000000000000000000100100110101000000000000001000001000101000000010001000010001000000000001100000000001000000000100001100000000000100010000001010000010000001000000000000010000000000000000000000000
1000000100010000000100000000010000010000100000000000010110000000000000000000000000010000000001100000100000110000100010000000000001010000100000000000010010000101100000001000000000000001000000000001001000000000010000000000000000000000001001000000000100
0110000000100110010001100000000011100000100000000000000000000000001001000000000100000000001001100000000000000100000100100000000000100011000000000000000000000000000100100000000100001000000000000000001000001000101000100001000000010000101000000000001100
0001110000000100000101000000010000000010000001100110001000010000000000001000000010000000000101000000000000000001000001000000000000010000000000001010000000010000000000110000111000000001000000100110000001001000000000100000000010001010000000010000011000
0101001000010000000000000100000000000000000000100000000100000000000001000000001100010110000000100001010000000011000000001000000010000000000110010001000010000100000100000000001010000000010000100010000001000000000001000000000000101000100000000000010110
0100000000001000000000000010100010000100100000000000000010000000000000000100000001000010000100010000000000001000000000010010010000000001000010000000000100010000000111100000100000010001000000000001000100000010000111010000001000000000000001000010001000
0000000100111000000000011000000100000000001101000000011000000000000000000100000000000000000100100000000000000100000000000000000000000000000000000000000000000000010000000010010000000000100000000110000100001001011100010000000010000000001010000000000000
0010000110000000000000000001001001000000010001000001000010000100000100000000001000000010010000000000000001000000000001110101000001000001010100100010000000100100000000000000010000100100000000110100100000000001011000000000010000000000000000001001000000
1010100101100000000000000000000001100000000000000000010000001100000101010000010000011010001000000000010000000000000100001000000000000000100000100000000000000100000100000101000001000000000000000000000000100101000000000001000000001001000010010000000001
0001100001000010100000000000010000000001000001000000000000000010010010000110000000000110000000000000101000110000000000010001001000000001100011000010100010001000000000000000000010010010000100001000000000110011000000000101000000001000000000000100000001
0011000110000000001010100000000100000000000000010000000001001000000000001010000000000010000000010010101100000000000000000000010000001000100000000011000000110100010000100001100101000011000000001000000000100010000100000001000001001101000000110000100010
0000000000000100000000100000000000000000100000000001010000000100000000000000000000000100010000000000001000110100000100001000000000100000100000000000000000010010000100001001000000000011001000100100000000010101000000100000101000010000000000000000010000
0000000100000000000001000000000000000000000000000000000110000000010000001100000000000001100000001001010010000001010001000110010000000010001000010001010100000000000000000000100100000100100000001000000000010000000000010100000000100101000000001000100011
0000101000000110000000000000010010000000000000000000000000000001000000001100000010001000010000000001000110011000010001000000000000100000000000000001110000000100110000000000010001000001000000000000000000000000100100000000000001001000000000000000010001
0000000000000001010101000010000001000001100000000000000001010010000000001000000000010100000000001001000100100001100000000000001000000001000000010000111000000001000000100000000001000000000000001000001000100000000100000000010000000010000000000100100000
0000001000010000000101000000000110000000010100100100011000000000000000100000000000000000010000001010101100011010000000000000000010000000100000000010001000000000000000000000000111000100000000000000000000000000010000010000000000000000001000000010001010
1000000100000000100010000000000010001000000000000110000001100111001100000010000010000000000010000000100001000000000100110001000000101100000000000000000000000000000110000000100010010000000000101010000001100011000000000001000100000000000010001100010100
1010010000000000000000000000000000000000101000000100000001001101110000001100001000000000001100000000001100110000110000001100001000100101010000010000000000000000000000100000010010010000011000000000001000101100001000010000000000010000000110000000000000
0000010000100000000000101000000000000000000010100100001000000000100000001111000000111001000001100100000000000000000000000000110100010110100101010000000000000000010100000000000010010000010000000000100000000001001000100000010100000001001000000001000000
0000000000001000010000001011110111100000001000100000001100110100000000000000000000001000100000000110000000100100000000110000001000000000000000100010100001110000100000010010010001000100000000010100000000010000000100000000000000101111010000100000000000
0000000000001010000000000000010000000100000000000101000000010000000000000100011000000000000000000100000001000000100001101010111000000000000000010000000000001110000000001101000000001000010000001000010100000110000000100011000101100010000010000000001100
0000000000000000010000000100100000010001111001100001010000001000000000000000000100101000000000000000000000000000000000110001000000000000000000000000000001010000010001100001000000000000000010100001010000100011100000000000010000100000000000000000101001
0010010000000000000110010000001000000111100100010000001001001000101000001010000000100000000100000100000000100100000001000000100000001100000000010011000010100000001000000000001110000010011000000100000101010001000000001000100000000000001000000000001000
0000000001001001100000110100000000000000000000101000110010000000100001000000100000000000000000010001000001001000000100000001010101100000000000001000000000000000100111001011100001000000000100000000100000010010000000101001000000001000010010011000000001
0100010000111010000101100000000000000000000000001000000101000000000010000000010000000000100000100100000000010001100001000000100000000000000100101000110100100001000000001010100000000000000001000000000000000100000000001000010000100001000000000000010000
0110010000000000011001000000001110000000000000000000000000000001000110000010010000010100010000110000000000000101100001000000000000100000001000110000000100100000000001000000000101001000000000000000000100000000000010010011000000101000000010100000100000
0000000000000000000100101001000001100100000001100000010000101000000101010000101010001000000000000010000010000000000010010100000000000000001010000001000011000100000000000000010000010100100000001010000000000000000000010101100000000100011001100000010100
0000100000001001100101000000000000001100000000100000000010000010001000100000000000000010010000010000000100000000001010100000000000010000000000000100110000000001000000000000000000000000000000000110000110000000100000000000000000001000000010010100100001
0000011010010000000010010001000011000000000000000000001101000000011000000000000000000000011000000000000000000100001100000000010000000000001010100000000000110000101000100000100000010000000000101100000000000000001010010100000000100101101000001000000110
1011000001000000100011000100010010000001000001000000100000010000100000000000101010000000100000000000000101010100000000000101000001000000000001100000000100010001100000100110000000000100000000000100001001010000100000010000000000000010000000100000010000
0000000000100000000000000101001000000000001000000010000000000000000001000000000000000000001000011000000100000010000110001100000000000000010001000000100010000000010001010001010001110000000000001101000000011010000000100101000000001001000000000100010100
0100000100000100000000010000000100000000000110000010000000000000000010000000100001000000000000000000000100011110000000000000011010000010001000000000000010001100010100010000101001000110000001000000100011000010011000000000000001000001100000000000100000
0000100100001010000000010101001100000010000000000000000100000000001000001000100001001000110000100000000000000000100000001000000000000000000011100010000000001011000110000000010000000000000000100010000001000000000000100000100000000000000110000000000000
1000100000100000001001000000000010100000000100010000000000000000000100000000001000000000000000000100100000000000010000001100001000000010100110010010110100100000000100010100000011000000000010000010010100000000100000000000100010011000001000101000000001
0000000010100001000000000100010010001110100010010000101000000000010000110010001001000000000000000000000010000000010000010100001001010011000000000100000000000001000101000010000001000000010001010000000000000010001001000100000000001000001000000100000000
0100011000100000100000000010000000000010010000000001000100000010100111000000011001010000000000000010000000000000000010000000000101000100000000110101000000101001011011000000100000000000001010000000011001000000000000000000000000000000001010100000000000
0100000000001000000000000001101010000000000000000000000011000000010010100000000100110000000000100010000000010010000000000100001000000000000101010010000100010100100000000010000000100000000010001000000000000000100100010010000010000000110000001000001010
0101001001000000010000000001001000000000000001000000100100010110001000010000000000000000110000000000000001000000000000100001100000100100000000000001000000010000001000000000010001000100000000110000000001100000100000000000000001100000010000001000000000
0000000000010001000000001000000000000000100000000000100011000000000000000010000111010000000000000000000010000000001000000101110001000000000100000000000000000100001000000000000000010000000001000000000010000000010000010000100000100000000001000111000100
1000000000001000000001100110000010001100000110000001000010001001000101000000000001000000011100000000100000000000100000000001000000000000000001000010000000001000000000011010000000100110110010000101001100100001010000100011001000100001000000100000010010
0010001010001000000000100000100100011000010000000000010011000010011001000000000000000001010000000000000000000001000000000110001000010010010100000000010001000000000000000100000000000100000010000000000000000001000000000100100000000000000010000000000110
0000010000000001000000000000000000100111000000010000100010000000110000000101000000000001000000000000010010010100100000001000100000110000000000100100000000010000011001000000010000000001000000000000000000010100010000010100010100110000000000000000000000
0001001000100010000010001110000000100000001010001100100110000010100100000000000111000001000010000000110000000001000000001000000000000110000000100001000010000110000000000001000010000010000000001010100011000001000000010000000010010000000000001000001000
0000010100000000000010000000000000000000000000010001100000100000000000000000000000100110000010000010010100001010000000000000010000000000100000000100000100010000000100100000010100000000000000000010000000000100010000001011010011000000011000100001000000
0010100000000100010000001010000001000010000000000010000100001010010001011100100101000000000010001000000001000000000000000000000000000110000000000110010000000000000000000000010000000000010010100100000010000000000000000000100101100000000000000000000000
0000000000100000000000001000010000001000000010011000000000000100010001000001100100000000000010000000011010010010000011100001000010010000000010001000000000000010000000010010001000001000000101010010001000000000000000100000001010000000000000000000001000
0000000100001010000001000000101000000000000000100000000000000000001000100000000000001001100000000000001001001000000000000110000000000011000100000010000010001000000000000100000010110000010010000100000010100000000000000001000000000100000000010001100000
1000000100000000000000000001010010001110000110000100000001010000000000000000101000000000000000000000000000000000000000000000010010001000100000100001000000000010000000000100000100000000010000000011100000101001000000001100000000000001001000000000000000
0100000000100010100000001000000000100000010000000000010001000000000000100001100001100010001000000010001001000000000000000010100000001000000000000001000000101000000100000000000000000010100000000000000000000001100000100000000000000000000000000000000100
0100010001000000100010000000000000110000000000010100000000000000010001001000000000000000000000000101100000010000000000000100000000010000000000000000100001000010001100100000000000011110110100000001000100010000000000001000100100010100000100010000000000
0000000000011000000000000100010000001000000000000000000010010011100010000001000000010000000000000000001110011000000100100000010000000000000100000000000000110100000110010000000000000000011000000000100010000110001101000000000000000000000100100000000011
0000000001000000000000100000011000000000000000001000001100100000000000000000001001000001010000011000100000000001100000000000000010000000000100101000000100100001001010000000000000000010000001000100000000100000000010000010000000010010000100100000000000
1000010000011010000001000000100000000110011001000001000100000000000000000001000001010000010000100000001000011000000100000000010000000010000000000010000100000100000010000000010000001000000100011000010000000000000000000000100001000000010010000000001100
0000000000000010100000000000000011000000000100001000000011000110000010101100100000000000001000000000000000100001000000001000000000001001000000000010010000000000000100010000010000000001000100000010000000000000000010000010010000101000000010000001000100
0010001000000000000000000110000010000000000010010001100010011000001100000000000000000001100000100000000000000000001000000000001011000010010000000000000001001010001000000000000000100000010000000000001000000000000100100000000000100000000000010101000000
0100000010000111000000000100000000100000000000000001000000011000000000000000000001001000000011010001000001110000101000000000000000010100101000000100000110010010100100101000000110000000001000011000000000000011000000000000000010000000110000000000010000
0000000101001000100001010001000000001000000100000000000100001000000000001110000000100000000000001000110000100100101010000000000100000000000001100010000001000000000011100000001100000000000000000100101110100011100001100000000100000100000000010000000000
0000010000000010000000000110000000011010001010000010100000010010001000001000010000001000000010000000000001000100110000000111000000000000000000000010000000000000101100010001001001011001001000000000000001001000010010000001110001001000100000010000100010
0000000000100000100000100001000000000000000000000000000000100101001100000100110000000001001000100000000001011000000100000000011100000000101000000001000100000010010100000000000000000010000000000000010001000000000011000001001001010010000000010000001000
0000100000000100000000000000001000010010000101100000000000110100001100000010100010000000010001000000000000000010000000000000000100001000000100000000000000000001001001000100000000000101111000000000000000010000000110000000110100001010000000000000000100
0000000100100010000000000000000000100000000000000000100001010010000010000000000000000000000000000100000000000010000001000000000000000010000000000010010010100000010001010001000000000010010001000000000001101000000010000010000000000010100100010000000001
0000001001000010000110000000001010000000000000000110000000000011000010100000001010000000100000000000000000000010000100000000000100011001000000000000011010000001000000000000100010000000000000000110000001010110000010010100100100000000000100100100000000
0000000100100000000000010000010010000110001000000001000000010000000000000100000110000000000100000000000001000000000000000000000000100000100000000100000000000000000000000010000001010000000000100000100100000000001000001000000000000001100100000000000010
0000000001010000000010001001010000000000001000000110000100000000000100100000000001000000001000000010000000000000000010000110000110000010000001000000010000000000000000000000101000000000010000000000000010001000100100000000000000001000001000001000101000
0000001000100000100000000011000000000000000000000100001010000010000001101000100000000000000010000000010000000000100001010001000000100000000010000000010010001000011100000000110000000000101000100000000000000010001100000000000100000001010000101000000101
0110001011000001000000101000000000000000100100000001100001001010000110000110000000010100101000000100000000000000001001010000000000000000000010001000000000000000000000011000000010000100001000111010100001000010000000001010001000000000001000000000000000
0000000000100000000000100001000001000000110101000100000100000001000011000000000010000000001000000000000100000000000000010110001000010011100000000000001000000010001000010000000000000001000000000000000100010001000010000001000000000000010000000001000001
1110000000100000000000010000000010000000000010000100100111000001000010000000010000000001010000100100000000000000101100000000001001000001000000000000000000000000000000000100000110100000111000000011000000000100000010001000001011000000110000101000110000
0000000000001001001110001000100000000000000000000000000010000000001101000000010000000010010001000101000010010000000001010000000100000000000000100000001000001001000000000000000000000000100101101000010000000000000000000000110000010000000000001001000001
0000100000000001001001110000000000000000000000000000000011001000000000100001000000000000000000000100000100101010000100100100000001000100000100101000000000101001000000010000000110000001101001000000000010010101000000000000000000000000001000000000000001
0100100010000000001000100000000000010000010010000100000000000000000001010100000000001100000001000000101000000000100000100010000000011000000100000010000111000100010000000000010000000000010000000000000000010000100000100000001000010000000000010100000000
1000010000000010101000000000010000010100100000000000000000000000010001100000000000010001000001000001000101000000001000000001001011001010000000000000000100000000001000000010010000000110110000000010010000000000001010000000010011001100000000000000000000
0000000001000000100100000100010010000100000010011000001000110000000001010000000000000000000100000001001100000001001000001000001000000000000000010000000100001000000100000001000000000000010010000010000000010000100010000000000001001110000010000000100010
0000000000001000000001000001000001101000000000000000000000001000000000000000000000000000000100000001110000100000000000000100000100000000001000100000000111000001000000000000000000001000010000000100000011000010010000001010000000000000010000100000010000
0010000000100000000000000010000010000000000000001001010010001000110010000100100011000000000010010000100001000010000000101000011010000000000000000000000000010000100000100100000000000000000010000110000100100010000000000000100001000000000000011000010000
0000000100001000100000000001010000000000000100000000001000000000000000000010000000000010100000000000010010000000000100100000010010000100001010000100000000010001010000000000000001000000100111000000000000000000000100000000000000000000010100100000000000
0000000000000000000010010000001000100111100000000000000000101000000000100010000010000001100000000000000000000000000110000000000100010000000000001100001100100010010000000101000100000000000100000100010101000010011000000000000001000000000000100000100000
1000000000000000000010000000000011100100000100000000100000101100001000000011000111000110001100000000001010010000100010000010010000101000000000000000000000000100000010000000000000010000000000000000001110001010000000000101010000000000000000000100000001
1000000100000100001000000000000000000000000110011000000000000000000000000100000000100000000000001101100000000000000100000000000000000000010000000000100010000010011001000000000011000000000010011000001000011000001000000000000100001000000000000011110000
7 18
125 190
