250 250
0001001000001000000001100010001000000111001010011000001010000100001000000000100000010100000000000010000110100000000000000000000010000001000000000001001001000000000000110000000000000000100000000000000000100001100001100010000010000110000100000100010011
0000000001001100010000000000000010010101000010011100000100001000000000001001010000101001000000001000000000000100000010000010000000000000000000000010010000000000000000000001001000000110000011000000000100010101010000000001100000000010000000000000001010
0110000000000010000000010110000001100100001101000001001010000000101000000000110000001000000000010001110000001000000100000001110000010101000000000000010001001000100000000110100000001000000100000000000010001001100000000000001000000000000010000000101000
0001000010101000000000000000000011000010010010100000000000100001000000000000100001001010100001000000000000000000000010000010000001000100000100000000000011000100010000100000000000000100101000001000100001000100000000010000000000001100010000001000000000
0000000000000000000000100101000010100000000001000000100100000000000010100100000000000000010000100000000000100001001000000010000000000001100000000110010010000000000011000100010000100001100000011010000011100000000010000000000001001000000000000000010000
0000000001000001000010000000010110100000110001011000010000000001000000010100001101000001000010000110000011001000100100110000110001000000000000001000000001000000000001000000000010000000001011000000001000000000000000100000000000000010100000010000000000
0000000011000000000000001000000000000000000000000010000000000000010000100000000000010000000001000000000000000001000101000000000001100000000001000000010000100000110000011000000000010000000100000010001000000000000010100110000000000000000100001111000000
1100000101100010000000010000000001100000001000000000000000100000100000001000000000101010010110000010001000000000000000010000000010000001001000000000100000001000000000100100101000000010100000000010000100000000000010000010001001000000000000101011100000
0000000000010000100100000000100001000001000000000000010101000000000100000010000100100111001011000000000001010000000000011100011100001000000001000000100010000000110011100000011000001000000100100101000010111000000000000100010000110001110000000100001110
0100000000010010000000000101000100010001000011000000000001000000000010001000000001000000000000000000001000100001001001000100000000001000010000000000110100001001010100000000000000111000100100110000000000000000000000001010101000010000000000000100110000
1000000010000001000101100000000000000100000000000000000000100001010000000000000010000000100000001001100001011000000100000000000111110000000001000110000000000001000100000000100000000000000000000001000000000100000000000000000000110100000000000000000000
0010000001010100010000010000000010000000000000000000000100100000000011010000000010000001000000000000000110100000000101000000111000000000000001111001000000111011101000001000000001101110000000000100000000000000001010000000000010101000000001101100001100
0100010000000001001110110000010101000000000000001010000010000010110010010100000000000100000001000000000000000000100001000000000000011000000001001100100000000100100000100010000010000001000000100010000100000000010000000010000001000000001000000000001000
0000000100000000110001000000000000101001010010000000000001000001011001100010100010000000000000000001010000011000100000001000000001000000000000000001000000010010000100100000010000001010101000000001000000000010101000001001000001000000001010010000000000
0100001000000011000000000001000011110000000100001100000000000010000000000000000000000000000000000010100010010000110100000000100011000000000010001000001000001000100000011000000010000000000110000011000100000100010000010000010000000000000001000010000100
1010100000010000000000000001000000101011010010010000010000000010100010001000000001000101000000000000000000000000100010000010000000000110000011000000000000100000000000001000100000000000010011000000000100001010010010100000000000100000000000000110011101
1000000000001000000010000000000000000010001010000000000000000000000100000000000000001000000000101000100000001010000000000000000000000100000000010000000000001001101000000100000000010000000000000000000100010100000000000001000110000000000110100011000000
0001000000001010000010001001001000001000001010000000000110100001100000100110000011010000010000110100000000001000000100000001000000010000100000000000000100001010000000000000000000000000010110100110001010000000000000001000000100010000000000000010000000
0000000100010011000100100110000010000000000000010010000001010100010000010010000010010000000001000010100000000010100000001000000000000000000000100000000000000000000100100101000101011011000001010000010001000000010000000000100100010001101010110000100010
0000000000000101000000000000000100011000000100000111000000000001000001010000000000000000011000010000000101011000000100000100010000100000000100000000001100010000100010000000000000000010000010000000000010001100000000000101001100000000110000000010000001
1000000000010101100001000000000000011000000000000000010000000010100010000000100000000000000010011000000000000000000000100010100101010000000100000000001000000011000010000010100000000000000010000100001000000011011000000000000000010001000000000010000000
0000000000000100010000001111000000000000011110000000001000000011001001000010100000001000010110100001000010010000000100000000100001010000000010100101000010001010001001100000001100000000000000000001010000000010000011000000000000000000001000000000000000
0000000000000000000100000100100100010000010100000000000011000000001000001000101001100100100010110000010001000000010000100100010100010000000010000000000000010000000000000001000000000001000000000000000000010000000010001000001000000100000001110000000000
1000000010000100100000000000000000001000001000000000100000010000000000001000000110000010000010010100001001100000000000010001010100000000001100010010000000000000001001101100100010000000000011000100110000010000000000000000000000001000010000000111000000
0001000000001000000110000110000000000000111000001100000001000000000101001100000000000000010110001000010000011001000010000000000001000000000100001001001001100100000010100000000101111100000001000000000110100001000100000000000100001010001000000110001001
1001000000000000001000101000000000000100001000010101000100000000001000000001110000000001000100100001000000010010000000001001000100000110000000001000000010000000001001000000000000000000000100000001000001011000110000000010001000000000000000100000000000
0001000000000000110000000001000001100000001010000001000000001000001001001000001000000000010000000000000000000000000100000000000001100000000100000001000001000000000000100000111100010000000101000100000010010010000000000000000000000000010000000100000010
0011001000000000011000000000000000000000000001000010000000000000100000000000010000010000000000010000000000000101001001000100000010010100000000000010000000000000001000100000100000000100000000000000010000011000000000000000001000001000000101000010000010
1000000000000000101000000000000000001000100100010000000000000000000011000001000000000010010001000000010000000000000000010000000000011000100000010000101000010010001000000000000010000000100000000011100000100010101000000000001000010001010000000000010000
0000000000000000100110001000000000000000010010010000000000001000010100100000010001000000001001110000010100000000100100000010001000000000100000000010100000000000100000000000000000010000100000001000000010100100000000001000000100100001000000000000000010
1000000000010000000001000000000000001010000000000000000001100000000000000000100001000010010000000010001000000010000010000100000000000000001000000110110000010001000000000000011001010010000000000010010000000000000000000111000000000001000001000000000000
0010000000010001110000000000000000000101000010000000000011000000000010100011010010000010001010000001010000000000100010000001000000100000000101000010000000000000000000000000000001000010000000000010000000000000000001000000000100000100000001000000000000
0000000100000000000101000001000001010010100100000000001000000000010000000000000001000000000010000101000000100100000010110000110000100101000011000000000010000000000000000000100000010001000000000000000000001000000000000000000000000001000000001000000110
0000011001100000000000000100110000000110001010010100010000000000000100000000100000000101000000001000000000000100110000010101000000000000000101000000000100010000000001010000000000101000000100000000000010000000100100000100100000010000000000100010000000
0100010010000010101100000000010010000000000010000110000000000110001000000010000000000000000000000011001010100000000000000000100000000001000010000010101010000000000000000001000000010011100001001000000000000010000001000100001010000011000000000100000000
0000000000100001000000110100001001000010000100000010100000000000000001000000010001001100001000001000010000110000100100100100010001111001010000000000010010001000000000101010000000010000001000000000101001000000000000000000000000000010110001000000000011
0000000000010000000000000000001000000000000100111010000100000100000000000000000000000000000000000110000010010000000001100000011000000000000100000000010100000010010000001000001110000000000000000000000011000011000000010001000001011000000001000001010000
0000010001001000100010001000000000000000000000100000001010000001100011100001000000000100001100000000000100000000000010000000000001101000010000010000000000000000000100000000000000000011000000100000010000000000000000000000000000010010010000000001000000
0000000000000010000000000100000100100000000000100000110000000010000010000010000100100000000000010000001000000000000000010000000000100100100000010000101000000000100100000010001000000000000000000000110000000001000100010100000000100000000000000100000000
0000000000000000000100000100000000000100111000100001000000000000000000000000000000000000000000000000100000100001000000001001100000010001010010100000010000001011000000001000110100000001000000000010000000000000000000000000000011000001010110100100010000
1101010010000000100000000010110000001100000000000010000000000000001000000110001000000000000100100000010010000110000010000000010000000100010000000001000000000001100000000000000101000010110100101000000000010010101000010000000000000000010000000000000100
1000000000000000000001000000000000100000100000010010110100000001000100010000000100000000000000000000000000010000000000000100000000000010100100110101101000000000000000100000000100001011100000000110000010000000000000000001000000100000000000000011000000
0100010100000000000000000000010100111000000001000111001000000000000000000100100001000000100000000001011000000100000110000110000000000000001000000001000001001000000000000000000000000000000000001000000000000000100110000010000000010100000001100001001000
0100000000100100000000010000100000001000000000000000000110000001000010100000000000000000000000000000000101011100000000101001001000000000000000000000000100000011000001000010010000001000100000000000100000000000011000000000001000000000000001000001010100
0010000100000000111010100100000000000100000010000000000000000000001000000010000010011001010000010100001100001000000000100000010000000000000000000000000001010001010001000110000000001000000000000000001010000000100000001000010000000100100001100000101100
1000100000000000000000000101000010001000000100100100000100000000000000000000100000000000000010000001000100000000100100110000000010000000100000000000000000000000000000101000000000000000001100001110001000010100000000010001000000100001000000000000000000
0101100000000100100000000011000000000010000000000000000100000000000010100010000000010100010010000010011010000000010000000000000000000000000001000000000001011000000010010000000000010000001100000000000100000000110000000000000011010000001000000000000000
0000001000000000000010000000001000000000000000100010000000101000000001000100000000000000000100000100100000000001000000000010011000000000100001010000000000000001001100000000100001101000110000101000100001010000100000000001000001000000000000000000000000
0001001000010000000001000000000000000000100100100010001000100000100000000000100100001010000010100000000000000000100000000000110000000100000000000000000000000001001000100000000000101000000001011000000000001000110101101011000000100010000000000001000000
0010100000000000000000000000000001000000001000000011000000010010010000000000001000000101110010000000100010000000000000100000100101000000010000000000000000000000000000110000001000000001010000000001000000000000001000000010100000000000000000000000011000
0000000000010101000000000000000000000100000000000100000000001000001000000000000100010100000110010000010011010100001000000000000100101000100000110000000000000111000000000100000000000001000100000001001000000010001000000001000000010000000100000000000000
0000000000001001000000000000000000000000000000000000000011001100000000010000000000000000001000001001000000001000010000000000000000011000100010010001100000000000000000000010100001000001001010010010010011000000000001010111100100010000001100010100100000
0000000000010010001000000011000010000000100100001100001000000110100000001010100001001000100010101000011000000001000000010000000001000000001001000000000000001000000100010000000100000000010000000000000100011010101000001100100011001000000010000100000100
0000000000100100001000001000010001100001000000001000000000100110100001000100011100011100000010000000000000000001000000000010001000000100100100000000000010110100100010001000000000001000101000000010001000000001000101110001000100000010010000100000000000
0000000000000000000110100000010000000000000000000000001000100000000000000000101000000000000000000011010100010101000101001001000000000000000000000000001100010000000000000001101000000000000000000000100100100100010000000000000000000000000000000000000000
0000111010000000001100001000000000000000011000010000001000001000000000101000110100000000000000000000110010000100001000001000000101011000000100000001000010000000001000000100001000010001000001010000110000100101100001000000110000110010000000000001001000
1100001100000011101000010000101010101000000010000001001010000000000001011110000000001000100011000000001000000000001010110000000100000001000100001100010001011000001000000000000100000001000000000100000110001100000000000000000000000000000000001000001010
0000100101100000000000000010001000001001000000000000000001000000000000110000000000000001100110000000010101010001000110000001010000000000010001000000000000101110001000000000000000000000101101010000000100000100000001001000000001010100000000000000000010
0000000101000001000001100111000000001001000110001000000010001000010000000110000000001010100000100000000100010110100000000000000000000000000000000000000011000000010010000000100010001010000010000000010100010101000000000000001001000000101100000000100010
0001001100000000000000000001100000000001001001100000010000000011001000000000101000000100000000000000011001001000000001000001000000100001000011000010111000001000000000100000000010000001000000000010000001000000010010000001000000000000000000110000000101
0000000001000000100000000010000101001000000000100000110000000100000001000000001101111000000011111000000100000000000000010000010000000000100111000000101001000000000000001000000000000000000000010000110000000001000100000010000100000000100000100010000010
0000000000010000000001001000100001010100100000000000010000100100001011000000000000100100010000100000000000100000000010000000000000010000000010000001000000000000000000000010000010000000000000001000001100000001100010010100001000000000100011000000101000
0100000000000000101000000000000101000000010000000000100100000000001000001100001000000100100000000011100100000000100000010000001001000110000011010001100000010010100001000000000000000000101000000000001000000001000001000000000110000000000010001000000100
0010001001000000000100100000000010000000000000100000001100000000000000000000000000000000000110001000000010100001000010000000100001000100000000011110100011000001000000000000000000000000000001100000000000100000100010110001011000000100010001000000000000
0000000001000000000000000000000010010000010000000100000100100000000000011000110000010001001000000000100000000101000000000000000000101000000000000001000100001000000100100010001000010000010000100000011100000010000010000000001100000010000010000000100000
0010100010000000000000000100100000001000000000000000000000000000000000000000000000000000000000000000011000000001000010001010000000110100000000100100000000100000011000001001000000000000110100000010000001000000110001001000000111000000100000000100000000
0010000000010000000000001100000010000000000000000000000000001001000001100010001000000000110000000100000000010100000101000000000000000000010000100001011000000010001000000000010100000000010100001010100000001001000000000011000111100001000000000000000001
0000010000000000100000000100001000001000000000001100000010000000000000000000000100010000010000000100000011000010100001011100000000110100000001000000000010100000010000010001010000010000100001000000001000110101000000000000000000000001000010000000000000
1001000100110010010000000010100000010010000001100010000000000000000000010011000001000010000000000001010000000000000000001100001000110110000001010011010010000100000000010000101101000100100001010101110000000000000110000001000010100000011000100000000000
0000100001000000000000000000010000000000000000000000100000000000100000000000010010001000100001000000000000000011010000000010000000010000010010000010001001000000000001000001000001000010000000000001000000100100000000000001000000100100000010000010000000
0000000000000100000010000000000110001000000110000000000001000101000000000000000000000000010000100000000101000010100000000000010100000000100000000000000010001010000000010000010000000000000001000000000101000001000000000000000000000000001000010000100001
0000000000000000000000001000000100000000100001000001010001000000000000010000100010000001010000000100000001000000000001001000111110000000011000010101010000001000000010000010000001000000010000000000000000000000000010000000110100000001000100000001101101
0100000000001000010000000000000000000010000110010000000100000000100000011001000000000000000000010001000000101000010000000000101000010000000001010000000000000000000000001010000010110100100001000100000001010001000000011000000000000000000010101000000000
1000010001000010000000100000000000000000000000000100001000010100000000010000000100000000001000100001010100000000001100100001000010000000001000110100100010000000000010000000001000000100000000000000010100110010000100010001100000010000000001100010000001
0000000000000111010000000000001001100000100000000000000000000001000000100101001100000100000000000000001000101011000010000000000110000100100000110010000010000000000010001000000000000000000110010000100000000000100010000000000100100000000111001000001001
0010100000000000000000001000000001001000100000000000000000000000001000001000010000000010001001000000000000100010000000100000001000000000000001000001000100000000001000000010000000000100000000100000010000000100000001000000100000000000000010010000000000
0000100000000000000011000000000010000100001010000000000000000000001001000011000010001000000000001000000100000000010010000001001001001100101000000011000100000000100000010000000000010011000001000000000000000000000000000000001000000000010000000000000000
0000000000000110000100001001000000101000000000011000001001000010000010000010000000000000010100000000000000100001000100001000000101000000011000010100000010100000010001000101010000000010000000000001000000000010001000000000000001000000010010000000000001
0000000000000000000000000010000010000000000000000000000001110000000010000000000100001001100000000000000010100011011010000100001001100001000000001000000000101000000100000010000001000000000000001000100000100000000000010000101001000000000101110100000001
1000000100000000110000011000010000010000000000000000100000000000010000001000110001000101000100010000000000100000000000000100000000000100001110101100110100000001000000000100000110000000000000000000000000000001000000000010000000000000001100000010000010
0000000010011000000000100001000000000001000010000000000010000000001000000100100010010010010000000100000010010000000000001000000000000001000010010000100000000000000001010000000100000010000010001000010000001100000000000010000100100000000000000010000000
0000010000000010000001000010000000011000000100000000010000001100000000010000000000100000100010000001001010000100000000000001010001000000100000000000011000000000000001000010001000110000100000000010000100000001000000000100111000100000000010000000000100
0000000000001011000000000111100000000000010000110000000100000010010000000000100000000000000000100000000000010000010100001001000001001000000100000000001010001000000011000000000100000011010000000100001000010000000000000000000000111000010000110100000000
0010110000000000000001010010000000000001001100000000101000010000000000000000001001100000001000000000000000100100001100000000100001000000100000010000100000000100000001000000001010000000000101000110000000000000010010000000100000011000110000100000000000
0000010001001010100010000110000000000000100000100000000000000000100000001111001000100000000000000000000000010000000000000100000000000000000010000000000001101100001001000000100000000000000000000100001000000000001000000000100100101001010000000000110000
0000100100000000000010100000001001010000000110000000001000010000000000010000010000001000000000100000100100001000001000100000000010000010101000010011001001000000110110000000001001000000000001000001100000010010010000000000000010001000000000000000001110
0000000000000000001010000000101000000000100010100000000000000000000100000000000000000010000000000001000000101000000000010000000000001000000010000000000000000010001000000010000101000010000010000000100000000000000011000100000100100000000000000101101000
0010010000000010100000000000000001000000001001100011110000000000100000000000010000000000000000000000000000000001000000000001000000000110100000001000100000010010100100001010001000000000010100010010000010000000000000100000000000000001000001000000011011
0000000000101000000100010100000001010000000000000100000100000000000000000000000000000000010100000000101000000001001000000000010010000000000000000000001000011010100100000000001010100001000000000000010000001001000000000000010100000000000001000000000000
0000000001000010000000000001000000010000000010000101000000010000010101000000010000000000000100000011000000001001000000001010001000100000000001000000000000000000000000100000100000000000010010100000000000001000000000001100011100000000000010000001000000
1000000010001000000010100100011100000000000000100101000001000011010011000011001010000000000101000000011000011000000000000010000010001000000000001000000000000110000000100001011000100000000000000000000101010011000001001000100000000110010001100000000000
0010000110010001010100000000000000000000010100000000000000000000000000000100000000100101000000000000000100000000000000100010100000010100010010000010000000000000110000010000000000010000000000000001100000000011000000000000000010001011001000001000000001
0100000001001001000111000000000001010000001001000100000000101000100100000000000100010000000000001100000000001000100000010000000000000000010100100000001000001100000000000001000000001000100000010000001010000000000001001010000000100001000000000000010100
0000010001100100010000000000000000000000000000000000000000100000000000110000100011000000000100000000010000110000000100000000010000000001001001000000000000101000010000010010000100001000010000010000001000001010000000000000000000000000000110000010000100
1000110000000000000000110000000101000100000110100000000000011010110111100000100010000000001000010001000010001000000101010000100000000101001010000000001000000000000000100100000110000000000001000100000100001000001000001000011000001000101000100000000000
0000000000000000000010000000000001000001000000000000000100010010000001000000000000100101001000000000000000010000001000000000000101001000000010010000110000000100000100100000000000000010010000000000110000010000100000000000001000100000001100000000010000
0100010000001001000100000100010101011000010010001000000110000010000000001000001001000000000010101000000000100000011010000000000000000000001100000001000100000000000000001100001000100000000100110100101000000000100010000001000100001000000000000000010000
0001000000001011111111000000001000000000011000000000100010000000010100100000000100000100000000000000010010000001000010011000000011000101000000000000101000000000000001000000111011001010000001000100000000000110000001000000100000000000100010000001000100
0000000100100000000000001000001000000010000000000010000000000000001100000000000001000000000000001010000000010000000000000001000011001001000000000000000100100100000000000010001100000000000000000000101000100000000110100000110010000000000000000000000010
0010000010101000000001000110000000000110000001000000011000000000000000010110010100000000100001010010010000011100101001000000010000000000010000100000000010000110010000000000001000001000100000000000001001100000000000100000000000110100000010100000000000
0010000010000000000101000000100011000001000100010000000000000100000000000000100000001100000100001010000010000000000110010011100000100010000000000010000100010000000000000100010010000000000001100000100000010000001001000000100000011000000010000000000100
0001000001000110001010100010000100000000000000000000101000000000100000000000000000000110000000000000000101010010000011001000000010001000010100001000001000100101000000010000000000101000000000000000100100000011101000000000000010010000010100010000110000
0000000000000000000100100100000000000000100011000001001000000010000000101000010010010110000010101000000000000000000100000000000000100110000000100000001001000000000100000000001000010000000100000010010011100010000000000000000001000000000000000000100010
1000000011000000001000010000000000010101000000000100000000101100100100000000101010000010000000000000000000000100001000011001000000000000100100100000001000000001010001000100100000000100101000001000000000000011000010100000000000000000000000000000000000
1000000001010000000000000000010001001010000100000000000000000000001000010001000000001001010000000010000000000001010010000000000000010000100010000001100100001110000000000000000100000000100100000001000001010001000001000000001000000000010000001000000000
0000100000010000010000000001000001001010000100000000110000000000000000000000000011000100100000000000001000000001001000000000001000010000000100010000000000010011000110000000001000100000000000010000100001000001000010000000010000010000000001011000000011
0001001000000001101010001000000010000000000100001000000010001001000000000000000000000010100001000000101000000000100000000000100000000000001000010000000000000000000000000000011010000010000001000000000001000000000001000000011100000001000010000000011000
0010001010000000000000000000100000000000001000000011000000101000010000000000011010101000000000000000000000100100100110100000000000010010100000101001001000000000000000011011010000010100110000100001000001001000010000001000000000000010001010000000001100
0011100000100101000100100011000000001111010000010000000111100000000000000100000100000000001001000100000100100000000000011100001001000000011000010100100100001000000000000000000000000000010001010001000100100010100000010000000000000100000100000000010100
0000000000000100001000100000010000000001000011000000000010010010000000100000010100000000000001000000000001001001000000000100100100000000000000001110100100000000000000000100000000000110000000100000000001000000001000100000000000000000001000010000000101
1001000000010100100100010010100000000000000001000000000000010000010001000000100000000000000000010000010000000000100000100011010010010000000000000100000000010000101000000000010000001000000000100010000000001000000001000000000101000000001000000001000000
0000110001100000000000001110000110100000000000000000011100000000000001001000010000000000011000000000000000000001000000001001000101100000000100000000100000000000000000001100000000100000010110100100000001000000100000001000010000000001010000000101001000
0100010000010010001000010000001000000000010001001100000000010100001101000001000000000000000000000000000000000001010010000000001000111000010000000000001010001000000000000010000001000000001000000001000110100000000100000110001000010000001000000000000000
0001000000101100000000100000100000000000100000000011100000001000100000100000001110100101001100100000100000000000100000000001000010100000000011000001000000100001010000000000000010000001100001001000000010000110000001000100000010000010000001000010000000
0000000000000000001000000000010000000000000000000110000000000011000000000000000000000000101100000001000010001000010000000000010000000101000000000000010000000101010001001001000100001000000000100000000000100100001000000100000000001010100000100111000000
0000001000010000001000000000001010101000000100010010000010010001000001001000000000100000000000000000000000000001000000000000000100110000000000000001100010100000010000010000000001000000100000000000000000100000100000000100000011000110101000001000001000
0100000100000010000010000000001000000000010001110000001000000000000000000101000001000000000000010000110000100000000100000100011101000010011000000000000000000010010000000010010000000001000100000000000001100000100000000000010000000000000110000001000000
0000000000000001110010011000000100000000100010000000000001000000000101000100010001010000000010011100100000000000010001000000001000000000000100000000000001000000000000000100100000001000100000000000000010100000000000000110010000000000000000000000010000
1000000000101000000000000010000001000101000100000000110001010100100100000100000000001000000000001000000000010100100000100000001000000000000000000000000000000001000000000000010000000000010000001000110000000011000000000000100010000000000010000000001000
0000000100001010000000000000100001001100000001000000001000000000000000001000000100000000011010010000010000000000000000110000000000000001000001100000000001000100010011001000000000000000000000000000000000000000001000000000000000000001100100000001010000
0000001000000000000011101010110100010010110000000000001000010000000010000101001100101000000100010001010000000100000100000000000000000000000000000100000000000000100000000000000111010000000000000010000000001000000000010000000010000000010000100010000100
0000000000000001000100100000110100000000000001001010000000000000000000001101001000000100011001001000000000001001000000010010110000100000000000000000001001000000000000000000011000000010000000000010000000101000100001010000000000000000000000100000000000
0000101000100001000010000000010000000000000000000100000000000001000010001101000000000000000000000001000000000101101001000001110000000101001001000110000000000110000000010000001111000000100000100001100000000010000100000001000000000000010000100010000000
0000000000000100000000010000010100000000000000000001000100000001000010000000000001010010000010010100001011000000000000101100000100000000000001000001000000001100010000100100001011000001000000100000001000000000000000000001000000000010000000100100010100
0000010000000100000100000000100000000000010001000100000001000000101100100110101000000000011001001000000000000100011000000100100000000001000000100010000100100000000000001100000000000000100100000000001000000000000000000000000000000000000001001010000000
0001000000001000101010100000100011000000000000010100000100001000100001000000000100101000000000000010001100100100100001000010001000000110110111001011000010000000000000100000001000000100110000110001000011000011101000001000001100000000000010101000000000
0100100010000000001000010001000000000000000101100000010000011000100100000000000000000000010010000000001000000001100000100001100010010010001000011000000001001010001010110000000010001100100010000000000000000010010000001000000000000000100000001000000000
0110000000001000110100010000101100100000000000000000000000000000000000000000000000011010100000000110010010000000100000010000100000000010000000000000010000101000000000010010000000000010000010100000010000000000000000000000010000000000010100001100000000
0000000000010100101000010000100000100000001100011001010000011000010000001100001110000000000000000000100000011000000000100010010000000110000000000100001000000000001000000000001010001000000010000001000010001001000110001001000010010000001000110100010000
0000000000000000100000000000000100010000000000010000000001010000000000110000000100100000000001101000100100000001000000000000001001110000100010010000100000001010010011001000000011000000001000000000000010001000010000010010100000000010011000010000010010
0001100000000110000001000000000000010100000000010010000000000000001010000000000100000000010010100000000010000011000001010110000100010001010000011001000100001010010000000000000000100001100000000100000010000100001000000000000000000000100000000011000010
1000110000000010110010001100001000100000000000001000101000110000100000000000000001100010000000100100000010000000010000100000000000101011000001000100000000000101000000000000000000001000000100000010000000010001000000000000000011001000011001000000010000
0000011100000101000000010100101000000000100000000000000100000000000000000000010100100100000000001000010000000100100000001000000000001010000100000111000011000000001000000000000110000000000000000000010001101000000001000010010010011000000000000000000001
0000001000100010100000000000000001000010001000000000000000100001000000000000100000000001000000100010010000000100000000000010000000010000010000001101100100000000001000000000010001001000111000000000000001001000000011001001011000100000100100000000000001
0000000100001100000000000000000000100010001000000100010100010000010101100000010010000000101010100100000110001010000000010000001000000000000000000010100100000000000001000111110001001010000000000001000100000100000000100001100110001000110001100000010000
0000000000000101000000011110000000101000010010000100000000000000000000110000000001010010010000000000000000010100100001000000000000011000000100000101100000000000010010000010100101010001010100000000000000000111000100001000100001000000100010000000000000
0000000100000001100000000110011000000000000100000000000000010011000001000100010000000000001000000000011000000001000100000000000000100010000010011011000001000001001100000000000100000001100010010000101001000100011010000001010000011000000000100000001000
0001100000000100000000001100100000000010100010000100100001000000010101000000000000000000000001100100100110001110100000000100000000100001000110000100000010010000000101000000011000000011000000000001000000011000000000100000000000000000000000001010000000
0000001000100000001000100100000000001000000000000101000001010000000000010000001000000100000000001000000000000000000000000001000001000000000000000000100000000000000000000000010100000000000000000110000000011000000000000011010001000000010000001110000000
0000000000001010010000001000000010000010010000000001100000000000000000000000010000000000010100001100000000010001000000100000000000000000000010000101000000001000100000000000000001010001001000011000000000000000000100000010001000101100000000000000000000
0010100000000010000000000010001000100010100000000000000001000000100100100000000100000000100000001000010110000000000000000110000100010000001000000010110000000100000110000000010000000000000100000000000000000100000000000000000000001100000001000001010000
0010000100100001001100000001011000000001000010101000000000000000011100000000100000000000011011011100000000000000000000000010000001001000001011010100000000001000000000000000000001010001000000010010000001010000000100000100000000010000000100010100000000
0100000000000000000010000000100010100000000000000110000100000000000000110000011000000000101000000000000000001100000000000000000000100010000000000000000100010100000000000100010001000000000000010100001100000000100010000010100110000000000000011100001001
0000000001001000000000000000001000000001100000000011010000000000000100000000001000000100000000100000000100000000000011000000101000110000000010000000010001000010001001001000010000001000100000000010000000000010000101000010000010100000000101111000010100
0001000100001000100001000100100100010000000010000001000000001000001000000000100000010000101000000010110001011010000000000000100000100000010000000000010000000000001010000000011000000000000000000010010000000000000000000000000000100000110000001001000000
0100010000000110000000001100010000000001100000100000000101000000001001000000100010111000000100000000010000000000100000010010000001010000100110010000100100000000000010010000000010000000000100000001000010000110000001000000001100100010000100000000000001
0000000010001100010000101000000000000000100000000011010000110010000000000000000000000000011000000000000010100001000000100100100100000000000100100000000000001000000000100011000100100011100000000001100000110001000100000000000100000010000000110010010100
0000000000000000001001001000000000000000010000100010000010000000000001000000010001010000100100001000000000000000001010000001000000000000011001001000000000000000000000000001001110100000000000100000000100000000001000010000000001010000000011010000000000
0000000001100000100000010011000000000000000010000010000001001000001010000100000000100010001000001101010100001000000000000101100000000000000000010101001000000101000000000000010000000000000000001100000001101000001011000000000000000010000000110000001001
0000100001000000000000000000001010100000001000010000010000000000000001100000000000100000000110000100101010010100001010100000000000000000000010100000000000000000000010000001000000000001000010000000001010000000000000010000000000000000000000000011001000
0000000001111000000010000000000000000000010000010001010000000110000001100000000101000000000000100000000100000000010000001000000001010100101000000000000000000100100000100000001001110000000000000001000001000000000000001101100000000110000000000000000001
0000010100100010101001000000000101000000000000000110000010000000000000000000100100000000000000011000000001000000000000000100000010010000010011100000010000000101000000000000001100000001100100010010000000000000000000110000001100000010100000010000000000
0000000000000100000100000000000000001000000000000000000000000010000100000100000000100000000000000000000010000100010000010010010000010000000000010000000000010100000001000000000000000000000000110100000000010000000010000001000001000101000000000100000000
0000001000000000000000000100110011000000000000000000001000001100000010000000000100000001000011001001000000000000000000101001000001000001000000100010001100000000000010010000001000000000000000000000110100010010000000000000001000000010000001100000010011
0001101111000000010000000100100000000000011000000000000000001000000001000000000110100000000100000000000010000000100000001000000000000001000000000000100000001000000100000000000010000101010000100000010000011000000110110000100000000000000010001010001010
0000001001100100010001101110110000000000000010000000000000010000001000000000100100010100000000000001000000100111100000111000100000100000000000000000001100001000000001000100010001011000011000000110000010000000001010000000001001110000001000000000000000
0000000000000001000101100001010010001000000010000000100010000100010000000100000000100000100000000000110000000010001100000010000011000000100110101010000000000100000000100000011001000010000010100100000100000000001000100100001000100011010000000100000000
0010000000000000000110100010000000000010100100000001000001000101000000000000000100000000100100011000000000000000000000000000000001000000000001010001000000000001110010001000100000100001000000000000010000110001000000100010000001001000000000001000001000
1000000000000000000001100000000001000000010000000000100000000000100000110010000110000010000000011100000110000000100000000000000000000000000000100000111100000000110000000000000000000000001101001000000000000001000000000001000010001000100000001000010000
1001001000010010000100000000000000001001110000000001100000000110010001000000111000101000000100000110000000000000000000000000100000100000000000000000000011000010000101100000000000001000100001000010001110000010100000001000000100000001000000001110000000
0000000000001000100000000000000010000000000000000000000000000100000001000000011000100110000001000000100000000001010000000001010010000010000010000010000010001000000000000000000000000110000000001000000100001000001001100000000000010000001101000110000110
0000011000110000100001000000100011000000000000100000010000001000010000000000000010000010000000001001001000010000000000000000000000000011000000000000000000010000000001000000000000001001000001000100100000010001001000001001000000000000000000100000100000
0001001100000000011000000000001010001000100000000100000000000000000100000000100100100100001000000100010001101001001000010000010000100001010000000000010000000000010000011001100100010011001010000110000000000000000000001101010000110000001110000010010000
0000000000000000000000010000000000000000000000001001000000000000000000000000010000011000000000010101000000000000000100000000000010001000000100000000000000000010000000000000000000000000110000001010100000000001110000110011000111000100000000000100000000
0000000010000000100100010100100000000000100001001000010100000111000000010100000000000000000100010000100001000100000000010001000001001110000000000100000000100000001000000010000000010000000000101000000000000000001100000001000101000000000000010000110000
0000000001100100000000010010000010000001001010000000010001000000000001000000011000010000000010100001000100001011010000000000000010000000100000000000000001100100001011000000100001010000000010000000000101000000010000100000000000000100100000000010000100
1000000000000000000010000101001000000000000000001000000000000000000000000010010000001000011100100000001000000000000100100100110000000000000000000100000000000000000000000000000010110001000001000100001000010000100000000000000000001010000000000010100010
0010000000000100000000000000000001000100000110101110000000101000101101010000000000000000010100001010001000000001100000010001011010000000001000000010000000001000001000100000001101000000100100010000111100110001010010001100000000000000000100000010000000
0000000000000000000001001000000000100100000010000001001000000000000000010100000100000000000110000000010001000010010001100000000100010001000000100001000110000000000000000100000000000100000010000001001000101000000000000000001000100000001000000000000000
0000000001001000000010100000000000000100100000010000001000100010000000000000010100001000000000000000000000000100000010000000000000000010000000000000000000000000000001000000000001010110000000000100000100000000001000100000000000000000000000010000010001
0000100000000011000000000000100010101110010000000001010001000010100000111100101000000000000000000000001000000000000000000000000000000000000000000100000000110000000001100100000000000000000000000100000001000000000100000100000000000000010001000000000001
0000000110000000000000100001101000001000001000000000000000000000000000000010010000000000001001000100001100100100000010000010000011100000100000000001000010001000000010010001000100000000010010000001000010110000001001000000000000000010100000000000000000
0000000010100000001010000100001000001100000000010000010010010000000001000000000000000000100100000000010000011000100001000001000000000000001001000000000001000000011000010000010000000000000001000000010000100010110100000000011000001010000010000000000100
0010000000110010000010010001000000000000101000000000010001000000000000000000000000000100100010010000000000000000010000000000001000000000000000000000000001000001100010000000100000000000001000100000100000000001000000000000100100000000000000000000100000
0000000000000001000000001000000000000000000100010000000000000000000000011100000000000000010001100100000010100000010000100010000010000000100010001000000000000000010000000010010100000000000010001000000000000001001000001010001000000000000100100010001000
0000100001000000110000000000000001000000000000011000100000100000000000110100110100010000000010000010000000000101100000000000001100100000100000000000000001101011101000000000110001000000001010010100000100010100010000000010000010000000100000110000001000
0001000011000100100000000000010000000110000000001010000000000000000000100000110001100011000000001101000000000000000110010000000000001101001000000000000000000000000000000000000001000000000000100000010001000000000000000010000001100011100100000000001010
0000000011000100100000010000000000110001100000000000000000000000000000001010000000000000000001000000000000000010100001000010000010001000000101000100110000000010000011101000001010000010100000000001001110000000000000000100000001000000000000000000000010
0000000000000000001100000000010000000001000000000000010010001000000000000100000000000010010001000000000000001010000000000000000100000010000000000000000110000010001010110001000000000000000000101111000100000000000000101000111010001000010010000001000100
0001000010000000000000000000000010100010000001100000000000001000100100000100101010000000000000001100000000000000000001000000000000000000010010000000000110100000000100100000011000000111000100001011010000000000100000000000100000100010110000000000000000
0000100000000110000000000000000000000010010000000000101000100000000000001010011000000101000000100000001000000000000000100000010000000000000000001000000000000000110000000010000000000000010000100000010000010000000000000000001101100100000000000000000000
0000011001000100100000110000000000001000001000101000000000000110000010000001000000100000001000100110000001000001000010000000000000000000000010001000000000000000010000100000000000000000000000000100001000110100010000010000110001100000000000000000000100
0010000000100000000100000000000000000000000000000010000000000000000000001000000000100000010000100000100000011000100000000010000010000000000000000010000000001000001000000000011000000001000000000000000010001000001000001000000100000001000001000000000000
1010100010000000000000010000000000010000000001000000000000000010101000000000000000000000000101000000011000100010000000000001001100101010000000000000000000001000000110001101000001000000001000110010001000100000000010000000000000100100001000000010100000
0000001010000000000000011001110000000101100001000000001000000000101001000001010100000000000000000000000000001000000010001000000100000001000000110000000000000000000010000000000000000000010000010000000110000000100000100001000010000001000000000000000000
0000000100000000000000010010000000100000100000001000000100000101100000000001000000000000000001011100001000100101011000000000001010000000100000000000000000001000000000000000000000000100000001000000000000010000100100000010000000000001010010011000010011
0000000101000001000000000000000100010000000000101000101010100000000000011001000101000000000010001100001000100000000000000001000010010000011100100000001000010000000010000000010000000000000000000010001000000101000000100000000000000100000000000000000000
0010000001001000010000000100100000001100000010010000000000000010000001000100000010000000000011000000000011000000000100000000100000000000010000000000011000111100000000000100001100010000010000000000000000000000010001000100000000000000010000000001100000
0100000000000000000000001100010000100001000001010000000000000010100000000000101001000000011000000000011000000000000000100000001100000000000100000011100001000000000000000001000000000001000000000010000001000000000000000010000001000000000100000000000100
1001000000000000011000000000000000101000000110000001110000000011100000101000000101010000000000010001000000000101001100001000000000001000001000000000000000100100001001000000000000010100110100010000000000000000100000000010000000000001000000000000000100
1010001000000100000010000000000001000001001000100101001100001001001001000000000000000000001000000011101100001101100000000000010000000010111000100000010000101000100000010000000000000001100001000000000000000000000100000100010010000000000110000000100001
0000000000010010010000000000000000000000000001000001101010100000000000100010100100000000000000010000000000000000000000000000000010000000000110000100001001001000010100001000011000000101000101010000000000000000000000000101000000001000001000000001001000
0000000000010001000000001001100000000000000000101100001000000000000010000001000100101001000000100000000000000000000000010000001000000001000001000000100010000000000000000100110000000110000000000000010000000000000011100001000101000000010000000010000000
0000010101000000000000000000100010000011001010110100000000100000100001000001010000010000000000100000000000000000000010000000001000001010001000010010110000000000000000000000001100000000100000010000000010001000011110000000111000000000010000000001000000
1000000100011001000010100000000100011000000001000000000000000010010000011001010001000100100100100000100100101101101000010100000001101000100100010000000000000000000000000000001100100000001010000000010000000101000000000010000000010000100100110011000000
1000101000000010010100010000001000000000011000000010100010000000001000010000000000000000001001111010100000000000010000100000000000011000110100000001111100000000000010000000010000000001001000001001100010101000000000001000000001001000000000001001000100
0101000000010100000000001000000010000000000111000000000001000000110010100010000000000000100010000000000000000101000010000100000110101000000000100000011000000100000100000000101000000000001000010010001010000010110010000110000000100000000000010000001010
0000101110010000101010100000100000000000101011000000100000011100001000010000001010000100000111000000000000001000000000000001000000000000011000000000000000000010000001010010001010011101000000010100000000001000010000000000010000000001000000001000000001
0000101110000001000000001000000101000000000000011000000001101000000100001000000100010101010001000000000100000000010000000000000000000000000000000000000000000000000100000000000000000000000000010000000001010000000010100001001001000000010000000000010000
0000110000101000011000000000000000000001000100100000000001001100000100001000000010000000100000000000010000000100000010000000001010000000000000100000010000000000001000000100100000100000000000100000001000100001000000010101100001010000001000000100010100
0000000000000000000011010000000000000000010000001000100000000000001001000000000010011000010100110000100000000010100000000001010010000000000000000001000100000000001000110011000010000100000000100000000100000001000000000000000000100000101000100000000001
1100000010000010010000100100010000000001000100010000010010101001000011000010001000000100000010000001000000000110000010010010100001010001000010100000011000100100010000000000000000001000010011000100100000000000000010000000110001000000100010100000000000
1100000010000100000000000000100001000000000000000001000000100010000000000000000100000100100001000000000000100001101000001000100000100000000100000000000010000000000000000000000000000011000000001000000100000000000111110001101010000000000000000000000000
0000001000000000000110000010010100010001000000010000100100010101000000000100001010010001000100000010000010000101000000011000001000000000000000001000000000000000010100001000100000000001000001000000000001000000100001001010100100000100000000111010000000
1010110000100010101000001000001010000011000000000000100010000110000000000100000000001000100010010000000000001010010000000000000001000000000001000001000110100000000001001001000000010001011001000000000000000010001000000000000000001100000100010001000000
0010000100000000001000000100000110000010001000000000100000000100001110000111001000000010000101000000000001100000100000100000000011101101000100010000010001010100000001000110011010000000000000000000010000000010100010000010100000000110000000000000001000
0000000000100000000010000010000000000001010000000000010000000010001011000100000000100010000000001001001000000000100100100010000001010000000000000000010000000001010000000010100001000000001000011000000010000010000000000110000000101000000001000011010100
0100000010000000100001001000000100011000000010000001000010100000100000100000100110010000000000011000000100001010000010000000001000101000000001000000000000010010010010100100000111100010010000000000000001100010000100000000010000001100010001100110000011
0000100000000000000000000001100100001100000000000000100000000000100010100000000001000100000000110010001010000000000000000000011000000100000000000000010011010000000100000110000101000000000000001000011000010000001010000000000100000001000001000000010001
0000010000000010000000001001010010001000000000000100000000010000000101000000000000000000000101000000000001010001000011000000000000100000111000010000000000000000100001000001000110000000100000000000000000000000000001000000001000000000001111000000000000
1000000000000000010000000000010001000000010010111000000001100000000000000000000000000010001000000100100000000000001000010010000000001000011000001000011001100001000010000000100000010001000000100100010000000010001001000000000010000101010010000001001000
1110001000100010010000000000000100001110001000000010000000001010010000000000000110000000000000000000110000000000010001000000000000000001000000000010000000100000001001000001000000010110101000000010101001001100000000010000000001000000110000000000000000
0000010001000000000001000001000000000100100000000000010001000000000110000110000100010000001000000000010100100000000100000000010000010000000000000000000100001000001010000000000000010010000000000000000100010001000100000000111000000011011001001000010000
0010001000000000001000000101001001000000000000000000100111001010000010000000000000000000100000100001010000010000000000000011000000000001000000010001110100000000011000000101001000010001100000010010000000000001110000100000000000100101000000010011011100
0000100100000000000000000000001001000000001000100010000000110000010000000010100000001000000000000100000101010010000001010000000001001001001000010101000000100000001010000100000000010011000000100000000000100100010010000100100000000000000000000000000010
0000000000101000000010101000000011000000000100000000010100100000000000100101001000001011011000000000000000011000100010000000000000001000000000000100000000000001001101000100000000000000001000000000000010100000010000000000000000000000000000000001111010
0010110000100000101000000000000000000000000000000001000000000100000000100110000000000100001010000100010000000100111001000000001000000100000010100000100000000010001000000001010001001000010000000010010000000000000000010000000000010000000000000010001100
1000000000000000100101000000000000010000000000010000000000000000100100000100000001010011011000101000000000000010001000100010000000000001000000000001100000001001000000000001001000000100110000000100010000000100010001000010000000000000000010010000100000
0000001000000001000110011000000000010000100000100000001000001100000000001010010010001000000000001000000000000000000001000000000000000001000100010000001000000000000000001000000001000000000010000000000100100001000010001000001000000000000100100000000001
0000000000110001010000000000000000001111000000000000001000000010000000000000000000000000010000000001000011000000110000110000100000010000011000000000000001000000000000100100000000000000100001000001101000000000011000000001100000100000001011000100000001
0000000101000100000000010101000100010001001000010001000000000100000000000000000000010000000001001110000100000010000000001100000000000000101000100001000110000010000010000100000000100100100000000001000000000000000110000001011000000000000001001110000100
0100000000000000111010000100000000100010000011001010001000100110000000000100000000110100000000000010001000100010000010000000000111011110010000000100001010000000010100000000000001000000000000000000000010000000000000010000010000000000100100000000000000
0000000000010000000100001000000000000000000000000000011100000101000000000000000001000010000000000000000001111000010000100000000000000010000000000000001110000001000000100000001000100000000100000000101000111100001000000000000010011000000000000100010000
0000000000010001010100000000001010000000000000000010000100000000000000001110000001000010010001000000000011001000000010000010000000010010010100010000000010010000000010010010000000010000000001101000100010010001000001100101000010100110000000001000000001
0000000000000000100001010000000000101000000000000000010000000000011000000100101100011010100000110000000001000100000000000000000000000000000000000001100100000000000010000000000000100011100000000000000100001010000000000000000000001100001100000000000101
0010000000000000010010001001101101000101010010000000010010000100000100001100000000100000000000101010000000000111000000010011000100010000000010001100000000000010000000000000000010010100000000000000010001000000010000011100100000000100000000000101110010
0000001000000000000000100000000100000010001010001000000011110010000000010100110000010000011000000010101000000000000010110010000010011100000000000001000000000000110110010000000000000000000100001010000110010100000010000010000000000010000010000000000001
1100100000000100001100000001000000000000000100000010011100000000000000100000100001000000001100000000001000001010000010000100000010101100011000000000000000001000100000001100000100000100100000000001100000000101000001010100010110100010100100000001011001
0000000000001000000000000001000100000000000100100100001001000000100101001000010000000000000000000001000001100000001010000000100000000000000000000000000001000000000000000000000010100100100100000000000001000000000100000000000010100100001010000010100100
0110100000100000010000000000000000000100001010000000000010000001010000100000000000100000100000000000100000111000100000000001010000010000001000010000000000101000000001010000000001010000000000001010000110000000000001100000000000001000011001000010000000
0110010000000001010001010000000000000000000000001100000000100110000000000100110000000000100110000000010101010101001000100001100000000000110001000001000000011000001010000000000100010000000001000000010000000010001000000000110000000011010010110000000001
0001000001000000000001000001000010100000010000100000000010001000110010001100010000100000000100000000001100000000010010000000010100000110000100011100100000010001000000000010000000101010000001000000000001001000000100001010000101010100000100000101000011
0000010001000010000000001000010000000000001100000000011100000001000000101000000010000100000100000001000000011000001000000000001000001000000000000101100000000001000000000000000001000100100000000000000000000000000000000000010000000000000000000000000000
0000000010000001110000000000000001000001100000001000000000000000000001000000000000001101000000000000100000001100001000001011000110100000010101000000000001000000000000000000100100000000000000001100000010010000000000011100001000000000000100100000000100
0000000000000000010000000001010001001000000000000100000001000000011001000000100010000000100000000100000001100000000000000001001100010000001000100000000000000000001000000000100000000000000000000000000010000000000011000000000000000000000010001000010110
0101010010000000000000000000000000000100001001000010000000000010000000000100000000000000000000000110000011110000010100000000001101000000010101000000100000100010000000000001100000100000000001000000000000000010011000000010000100000001000100000001000001
0000000000001100000000000000010000000010000000000000000000110000010101001000001000000000000010001000100001000000010000000010000000000000000101000001010001000000100010011010100010000000000001000000000000000001010010000001000000010000000101000000000001
0000001010101100000000100000000000000001000100000000000000011000001001100000000000111000101100000000000010000000001100100000000000100000100000000100000000000000000000000010000000001010001010100100000011000000000001000011000001101000000001010000000000
0100000100110110000001000000000010000000000000000100100010001000000010000000000101000000000001000010001100000100100000000000000101000000000000000100000000000000000000000000100000000001000101000000001000000000110000000000010001101100100000000000000001
0000000000000100000000010000110000000000000000000000000000000000100000000100000100010000000101000000010001001000010000000000000001001000000000000010001000000100001000001100000000001000000100000000010001001000001000100010000000000101000001000010000000
0000000010101000000000000000011000100000000000100000100010100000000110000000001100000010100000000101101000001000000000000000100000000000000000100001000000001000001000000100100000000010100000001100000110000000100010000000000000010010000000011000000000
1000000000000000000100000000000000011010000110000000101000001000001000000000011000001100100000010010000000000001000000110000001000000100000011000100000000000100110110000000010010000100000000100100000100000001000000000110000000000010100000000000000010
0100000000000000001001001000010000001000000000000010000000000000000110100010010000000000001010010100000100000001000001011000011000000000000011100110000000010000000000100000010000000000100000000000000010010001000000000000000000000000000010100000010000
0010001001000000000001011000000011000000000100000000000000001000010000100001000000000000100000010010000000010001000000000011000011001001100011010111000000000100000100000000100000000000101100000001000100000001101010100000100000011000010101001010010100
1101000000000000000000000010010000011000011001000000000000001000000100010000100100000000001000000000001100001011000000000000000001011100010000010000010000100000000000000010100000001000001000000010000000100001000000001000000000001000001110010101000000
0000000000100000000100000000000000000000000000000000000000000000010000100011000000001010000000000000000000100010101010000000000000100000010001000001000100000000000000100010100000101000000000001000000100000000000100001010000000000000000000011000110000
0100000000000000000000010000100000000000000000010101000000000010000000000000000000000011000100000000000000010000001000001000000000000000100110010000000100000001000000110000001000001001000000000000010000000011100010100100001000000001000000000000000000
0000000000001000000000000011001000000000000001000001000000000001100001000011000000000000110011001010100000000000001000001100000010000010100001001001000000010000000000000100010000101000000000100000000000000001100000000000010000000110010100100000001000
0001000000000000000000001000000000000000010000011000011000000000110000000100000100010000000000010100000110010000000000001000101000000000100011000000100000000000110000000000000000001000000000000000100000000001000000000001100001001000000000000000011001
1000000100000000000010110100010101001001100001110000000000000010100000000100000000000000000000000000000010000100000010000000000000000000100000000000010101000000100000011011100100001000000001000010100000000000101000000010100000000000010000001000010100
156 11
87 28
