250 250
1100101000000000000000001000000000010000001000110100001000001000000000010000001000001000000100000100100000001000010000001000000010000000010010000000000000000001000000000000000001000000100000000100000000000000011011010000000011000000000000100000000000
1000000000000001010000000000000100000000000000000000001000100101001010000000000001000000010010010001000000000000001000010000100001100010000100000100100000100100000001000010000000000000100000111000000110001000010010000000010100010010000001000110100000
0000001001000000101000100010000001000000000010100010000000000000010000010011100000000000000100000010000000010000000000000100100000100000000000000000001000000100001001000000000000010001001000101000000110011000000000000000001000100000000010001000001000
1100000000001000000000001000000001010101001001001010100000000010000000000000010001000000000010100001000001000000000000010000000100000100000000000001100001101001000011110100000000100000001000000000000000010000001001001000000000100000000010000101000101
0000000100000000100010000000001000000000000000000100000000001000001010000000000000000100011000000000000001000000101000000100000000000011100000000000000010010000100000001001000010000000000000000000010000000010000010000001000000001000100000000000010000
0110100001000100001101000000000010001001001000000000010110001001000100000000000000101010000000000001000000000001000000000000011100000000010000000101001000000000100000010000000000000000110001000000010100100100000100000000001000010001000000010010001010
0001001110001010100000000000000000001000011000000100000000000000001000001000000000010000000100001100000011001100000000001000000000000100000001000101000000000000000000100000000001101000000000000000010100000100000000000100001100000000000000000001000001
1000010000001001010000010000010000000000101000100000000000010001001000000000001000000000000000000011000110000001110100100001000010000000000000000001000011000011000001011100010100001001000000010000101100000110001110101000100010100000000000000000000000
1010000100000101000010000000101000001101000000000001100001000000000000000000001000001000000000001010000000000000000000011000000000000000010000001010000000101001000010000001000001010111000000000000000000000000000010001000000011000000000000000001000001
0011100010101000000101001000000000100000001000001001001010000001010100001010001000010000000000010000000001110000010001000001000100000000001000100000000000000100000001000000001100000000000000000000000000000000000000011010000000010000010000000000000000
0000001000000000000000110000001000000000000110000010000000000010000010000000100100001000000000000000101000001001010000000010100100001000000011000000000100000000100100110000000010000000000000000100010001000100100010010101000000100000010001001000000100
1000000100000100000000000000010000000000000100000000001000001010100000100000000100000000000010010000000000001001000000011000000000010000000111000100001010000100000100100100000010000001000010010001010000000000011000000000010000100011000100101101010101
0010000000000000000000000000100110000000100000011001000000000000000000000000010001000000000000010010000000010000100000000000000000000010100010010011010001000010000001010000001000000100000000000000000000001000000000101101000000000010010111011000101000
0010010010000000000000000000110000100100000001100010000000000000000000001100000000001000000000001010001100000000000000000000000000010100100000100000100001010000000001000000100000010010010000010010000000100000000100000011100001000000110000000001000010
0001001110100000001100000000001000110100000000001000000000000010011100010000000000000000000000000100100001010000100000010100001000000000000010000000010000110100110001100000000010100000000000000000000000100000000000000011000010000000010000000010000000
1000101000010000110000000000010000000000001000010000100000000000000011000100101000000000001000000000000001100000001000000100100000000000001001100010001000000000010000000100101000100000000001000000000101100100000010000100000000000000010010110010000100
0000000000000100000000110000010000010100000000000010010000000001001000000110000001001000000001000000000000000000101100100000100010000000000000000100000000000000001000000000000100100000100010000000101010000001001000100000000000000000000000000100000000
0001000100000010000010000001000000000000011000000000000000100000000000001100010000010010000000000101100000000000011000010100000000000001000000000000100100001001010010100000100000000000000011001010100000000000000001000000001001000000100010000100000001
1000100000000100000000100001000000100001010011011000000001000000001000100000000100000000000110010010001000000000010000000101010000100000000000001100100000000000000001010010001010000010000000000000100000100100001000000000000000000010000000101000000000
0000000000000000000100000000000000010000000111000100010000000000000001000000010000000010000100001101000100010000000010000001100000000010100000000001001010001000000000000000000000000100000000001000000000010101001000000010000000000001000010100010000000
0000000000000100000000001000000100000010110000000011010000010000000000100001010000001000010000001001100111000001000000000100001100000000000000000001010000000001000011000000110000000100000000000100000000000000100000000100000000001100000010000000000100
1100000010000000101000100000000000001001000000000001000100000001000000010000000001100000000001000000000010100000000000000000001010001010000000001001001000001011001001010000010101000100100000000000010010101001001000100000010000100000000001000000010110
1000000001001000000000010001001001100000100000000000000110000010000000000000000001000000001001000010000010001011000010100000000001000000001010000000100011001000100000000000000000000000000000000000000001100000010010000000011000000110101000000000000000
0100100000000000010000000000000001010000000100001100011000000000000001000000000000001010000010000000000000000000000000000000010100010000000100111000000100000000000101101000100000000000001001110010010000000100000000000000100000001001000001000000110000
0010000000000000000000000010000000010000000000000000000010000000000000000000000100100000000001100000000001000000100000110011000001010001010100000110000010000001000000100010000010000000001000010000000000000000000011000000000010010000000000000000010000
0000000000000000100010000000000000101011000100000100000000100000001100101101000000010010100010100000100100000101000000000000001010000000000001000000000000000001000000000100010000000010001010000010010100101000001000000000000000000011000000001100000000
0000100100100000000010101100000000000000000010101000000110101001000000010011000100010011000000001000011100100001001100000000000100010001010000000000100110001100000000001000010100000000011001000000000000000010000000000101000000000001000100000100000100
0001000001000010110100010010001100000000000111001100010100100000000000010000000001000000000000010100001000000000000000000010000010100001010010101000000001010000000000100000010000000000001000000000011000000000000110000000000010000100000100100000011000
0000110010001000010000010000000000100001000100000100100100001000001000100000101000001000001010000000000010000000001011000100000000000000010000000111000000000000000000010000000000101000000000000100000000000010110001000000000001000000000000101000010000
1000001000000010000001000000000010000001001011100000100100000000001100000000100010001000001000000010000000000100000000000000001000000001000100000000100000000100110000100000010000100000000000101000100011100010000110010000000000001000010000000000000000
1000000000000000010001001000001001100100001010000100000101000001100101000000001000001101000001000010001000000010000000101000010000001000000000010000010000000000000000001010000000000010000000000011001100010100000000000110001000000001010000100110000000
0011000000000000000001000011000001000000000000001000000000001000100000001000001000000100101100100000010000000101100000000000000101101111000001001000001000010100100000000000000000000000000000001100001001001010000000001010000000001100000000000000100000
0010000000000000001000000010010000010001000001010000010000010101000000001010101000000000000001100000001000000000000000000000000000000000000000000000100000000000000100000000001000000000010011000000000100000010000001000100000000001100000000000000101100
0000000000100001000001001010000100000000000010001100000000000100000010000000000000000000000000000111001000000000000000010010000000000010111010000100001010001000000000000110000110000000000000000010010000000100010011100011010100000001000010100011000010
0000000000010000010000001110000001000000000000000100001000000000000100001010100000000000000101101001000000000000000000000000000000000000010000000000000000000000001100100000000010100000000100000000000000010000000101000000010000000000100000000100000000
0001000000000100100000000011000000000000010010100010000000100000000000001100000000000000010010000000000000100001001000001000000001000000000000000100000000100000100101010000000010010111010000000101000000100000011010001010101001000000001100000100000100
0010000010000000000001000001100001100001001100000000000010000001000001000000010000010100001001000010001000000000000010100001000100000000011000010000000000000001010000000000000000000000000000110000000010000000001011000000100000000100001100100110100000
0000010000000001010001010000101100000001000000000000001000000000000101000000000100000000100000100010000000000000000000000101000011100101000010000010000000000001101000001010000100000001000000100100000000000111000010000011000010000000110001001000000000
0000000000000010000000000100000000000000000010001001000000011000000000001000000100100100001001000100000001000100001001111100100000000000100000100000000010000010001000000000100000000000100000000010000010010011000000001000100000000000010000000100000000
0001000000010001000000000000000010010000101000000110000000000001010000000000000000000000111000010010000000000001010000001001000100010110010000010101111010010000000000000000000000000000100000100000000001000001010001000010000000000001000000010000000100
1001000000100000000000000000000010000000000100000000000100000100000000000001000000001000100100100000001000000000110000100100000010000000010000000110001010001100000100010000000100000001100010001000000000100100000000000000100001000000000101011000000000
0000000000010000100010000001000010000111000000000100000000000001000010010010000000101000000100000000011000000001000010000000000000000001000000000001011011000010000110000000000000000010010001000001000000100000000000100001000001000000000110010010010100
0000000000000000000000100000100000110000000001000001001000000100100000001000000100100001001000000000000001000001000000000100000000000000000000100000100001000000000010100001000000000000001000000001000000100000000000000000000000100000010000010100001101
0000100000001000000100000000011000000101000000001100000010000100010000100000000001000000000100010000000001100000110000100011010000000100100010000001000000000000110000100000000000000000000000000111000000000000100000010000001001000100100000000100100100
0000100000100010011000000000110100001000000000000110000000011101010000000100001000010000100001000010010000000000000010100000100000010000000010000000001100010100000000100010001100000000000001000000000000000100001000100000100000000100010011000110100000
0000001000000000000000000001000000100001000010000000000000011000000100000000010011000000010000100100000000001000000000100000000000000011000000000110000000000000000100000001010001000000000000100000000000000000000000000111111000000000100010000010000100
1000000111010000100001010000101001001001000010001010000010000010000000000010000001001000011010010001010000000100000000010000000011000000000000000000000000001000001100010000000001010000001100100000000000000100000000010000000100000000001011000000100010
0100000100000000000010000010000100000010000000010010000000001000000100110000000100000000000010000000000100100000100000000000100100100000000001010000000000001000010000000001000001001000000010000000110000000000000000000000000000000000001000001000100100
0000000100000100001000011000000000010000000000000000000010000000010000000000000000011000010000000000000000000000000001000110110000000011000010010000000010000100001100000101001010001010000000001000100000010000000110001000001000010100000000001000000001
1010100000000000000000110100000000101001000001000010011100001010000100000000000001000000000110000100000000010000000001000000000100000001101001000010110000010000001100000100001000000100000000000001100010001000010000100000001000000000000000000000110001
0000100010000000000000000000000100000000000100001001000001000100000000010001011010010000000000000110000000110000000000000000000011100000010010100011100001000100110000000010000000000000000001010010000000100001000010000101000110011001010000000100000011
0001010000111010010010000000000101000000100100000001100000000000100000100000001000010010000000101000100000100010000000000000000010010000000000011001110000001000100010000000100000000010000000000101111000000000100001100010101000000000000000000000010011
0100000000001000000000000000000000000000000000000000010000000000000000001011000010100000011100000100000000100010001000100100010000000001001000100001010010010000010001000000000000000100000000000001000000101000100010000000001000010010000101100000001010
0000000100000000000100000010000101000000100100100100000000000000000010010100000000001000010101000000000000000000100000010000010100000010010000000000000000010011000001000000000000000001000000001000000100000000000011000000010000010000000100001000000100
0010000000000000000000000000000010000000000000000000100000110000001100000000001000101011000000000000100010000000010000000010100100100010000000000000000000000000010000100100001000000000010001010000000100000000100001010100000000010000100000000001000000
0000000000100000100010011001001100000100000000000001000000000000000100100001001000000000001000010000000000000000000100000000010000000001000001000000100001000000000000000000010000000000000100001000000000010100001100000110000010000000100001111000100000
0001000000000001100011000000000000000100100000000000000010000000110000000000010100000000001000001010000110000000001000000000001000001000001010000000000000000000000001000100000100000010010010001000000000000001001010000000100000100100110000101010000000
0101000100000000100001000001000000110100010000000000000111100000000000100000000000000101000000010010010000010001000000001001000000101000101010101000000000000100000100000001000010001000000001000000101000000100100000000011110000000101010000110100001000
0000000011001000110100000010100000000000000001000000001001000000001000000000100000000001000010000000100001001000000001000010000000000000101010000010000000000101000000000000000000010000100001000000000000000000100000000000000100100000000000010000000000
0000000000010000011000010000000000010001000001000000000010100101000000000010000100000000000100001000000010000000000001000000000010000000010000010000010000000000001011001100001010001000000000101000001010000000101000010100000010000010000000000100100000
0010001000000100001110000100000000000110010001000000000100000010010001000101000000000011000001100000001010000000001001000110000000000000000000000010010100100000000000000001000101001000000000011001100000001100000000000000100110000000010010000100000100
0000100000001000001000000001000000001010100000000000000000000000000000000100001001000000000010001100000010100001000100000000000000000000000000001000000001000010000100011100000010000001000110000000000001100000011010000000000000000000000011010000000000
0000000000000011000001000000100101000000000010000000100000000100000000010100000000000000110010001000000100100010000100011010000100000000000010010001001000010000000100000000001001000000100000100001110000000000100000011000100000000000000000100000011000
1001000010011100000111000100000000010000000000100000000000000010011010000000000001000000010000000000100000000010010000010100001100000010000100011000000000000000100001000010000010000000110010000010000000001000000001000100000000000001000000100000000000
0000101001000001000010100000110000000000000000000011000100000100010000000011000000000000100011000001000000010000101110010100000010000000000000000001000000001010000100000001010010000000100000001011000000000001000100010000000101000001000000000000001100
0100000100000101100000010000000000100000000000001000010000000000100000000010000001110000001100010101000110000000000000000110000000000010000100000010000000000000000000000010010000100000001000000000001000000110000000000000110000001001000000100000111100
0000001100001000100000111000000110000000011000010000100000100000001001000000000000001000000100110010000000010000011100000000010010001000101000000010000010000001000000000000100100000000010100101001000000010000010000000000010000000001000000100000101101
1000000000001111010001000000000000000000011001000000010101001000001000000000010000000000000100000000000001000000000001000000000000000010001100100000010000000000100000000000101100001000010000010000000000001000000001010001000000000000101000000100000011
0000000000010000011000100001100000010000000000000000100000000001001001000100000000010001000000000000000000001000010000000000000100001001010000000010000001000001100100000000010001000000000000000000000000000000000110000000000000011010000010001000000000
0000000100010100000010100100000000001000000001000000010000000000100000000000000000000100001010000000000100000110001000100001001000011100000000001100001000000100000000010000000000000000001001010000100000000101010010111100001000000000010000000000000000
1000000010000000010000000000000000000001000000000010000000010000001101000000000000000000000100100000000001100100000100000001000000000000110000000000101000011000011110000010101000001010000010000000000000000100111000000010000100010000000011000000000001
0110001010000101000000110000000000110100010010000000000001000001101000000000001010100001010100000000101000001001000000000010000000000110000001000011000001000000000000010010000000000000001000000101101010000000000110000001000100011000000111000000000001
0010001000011010000010000010010100010001010000000000001000000000000000000100000000000001110010000011000000000100100000000000000000000111000001000100000000010011000010100000001011101000000000000000010000000000001100000000000000010000010000001001010000
0000000000000110000000010000100100001000110001001100000000000000000000000000010000001001010000010100100000000000001001100100000100000000000000000000000010000001000010000101101000000100000000000110000100000000001000000000000000010000000000000100000000
0000000000001100000000101100000010000000001000001001000000010000100000010000000001000000101010000001000100010000000100001100000000000000000010100001000000010000000000000000000100000011100010000000010000000000000000000110000000000101000001000000000000
0000001000010000001100000110000010000001000000010000001000001001000100000000000010000000010000010000010010000000000000000000100100000000001000101010001010000001010000000000000000100100000000001000000000000000100100000100100000000100000000000000000010
0100000000100000010001000000000000000000100001000100100000000000000100000001010010000000001000100001010010000010000000001001100001000010000100000000000000000000000001000010000001100000010000000000000100000100010000000100101000000001010000010000000010
0001000000000000000010100000011000100000000000000010000000000100001100000000000001000010010111100000000000000010000000100000000100100000000010100000100010000000000001000000000100110001000001000000000000000000000000000010001000111000000001000000000000
0000110001010010000010000000111100000000000010000010001100000100000000000000001000001000000000100101000000001000001011000000100100000101000001000000000001000001000000010000010010000100000001000010000000000001000000000000000100000010000100100001010110
0110000101011000010000000100000001000100000001100000100001010100000000001001000000000100010000010000000100000000000000010000000000001001000100000000000010010000000000011100000000100000000000000000110010000000000001000000000000000001000000000000100001
1000000001100000010010001000010001000101000000001000000001010100000000000000000010000001001100001001000000000100000010000000000000000000101000000101000000100001000000000000001000000000000000000010000010100000000000000110000001110000010000110000000010
0000000000101000010101001000010010100010001110000000010000000001010100000000100000000000010000001001000000001000000000100000001001000000000000000100101000000000000010100000100000000010010000000000000100000001100001010000000101001001001001000000100100
0000000100000001100000000101000011000010000000000000000000001001000000000001100000111001000000000100001000000001001000100010000000010101000010001010000000110010000000001000000000010100001000000000000001000000001000000000000010000000000000110100011100
0000000010100100010000001010100011000000000000000001000000000000100000011000100000001000000000000001100001100000000000001000100000001000000000001100000010100000010100000100000001010100000000010001000010100000000000010000001000001000000100100001100000
0000000100000001000100000000100000000000101000010001100000001100010000110010000001000000000000010000000100000011010000000010000000000000000010000000100001000010000000010001110001000001100010000001000000001000000111000100000100000001000000000000000001
0000000000011110000000000000000000000100000001000000010000000100000000000000000000010100000000000000010000000000100111010000000001000000000010000000000000010000010110010010000000100000000000000000000001010000000000000101101000100001100000000001000000
1000000001101010100000000100000010010000010100000100010000111000000011100000000001000000000000000000010000011000000010000101000000010000010010000100000000000001000000000110000000100000010000000010000010000000000010000000000010000000001001000000000000
0000000000011101000100100000000001000011010011000000010000000000000110000001100000010000000000000001000000000001000010010010000000000000000000101010000000000101000000000100000000000000000010001000001000000000011111100100000000000010000000000111000000
0001001100000000000000000000000000010000010000000000000000000000001010000000001000000001010100001000001000001000010000001000000000010000000001000000000000001100000000000000000000110010000000000010010011000000100000000100000000000010000010000000011000
0010000000000010001000001111000000100000001000000001000001001000000000000000100000100000000000000000000000000000001000000000000000000000000000010110010000110010000110000000010000010100010000000011000000000100000000010100000010000000000000000000001000
0001000011000100000100010100000001000000100000000010000100001000100000000100100000001000000100000000100010001000000001000000000000000000001000010001001010100000101000000000001100000000000010000000000100000000000001001000100001001000000010010100000001
0001100001000010010010000000100010000100001000100000000000000000000100001000001000001010000000000100000010000001001000000001100011100100000010000000000101000000000000000000010010000000000000000110000100000110010000100010001101000000000001000000000000
0100000000000010010010001100000011100000000010010001001000000000000000000001001000000000001000110000100001000000000000000000000000000100000010010100000000001111100000010010001100000000000000000010100000010101000010000001000001100001010101000000000000
0011000100000000000000000000100000001101000000000000010010001000000010000001000000000000010101100000000000100000000000001001000000100000100000000010101000000000001000011101010100000001010000000000010000000000000010001000100001000000000000000000010100
0101000100000100111010001000000000000000000000000000000110000000010000100111101001000000010000010101000000010000000000000010000000001000000000000000010000000000000001000010000000000000000111001010000001000000110000000100000000101010000000001001001000
0000010000100000101010000000000001011000000000100000010000000000000000100000000100000000000000001100101001000010001000000111000000010100000001000000001000000000001000010001110000011001000101000000000000100000100010000000001000001110100001100010110010
0000100001000100000100000001010000000000100100001101010001010000101000000010000000000000000101100010000000010010000000001000000000001101001000100001000100001001100000000001001100001000010000010010000000011010000000001000001001100100000001010110100000
0100101000010000000010000000000010011001001000000010010000000010100000000010000001000000000000001100000001000100000000000001001000000100000000000000100000000001110000000101000000000001001100000011000001010000000101100000000000000010000001100000000000
1110000000010000010100000010100010000000001000000001000000001000000000000000000001000010010000100000100001001000000101010001010100000110010000001001000000001011010000000001010001010000000000000100000000001000000000000000100010011100000000010000000000
0101000000000000000000000000101000000000000001000010001000100000100000000100000000110000000000000000000000100000000000001001001000010100000000000000100000000001000000001000000110000101000001010010000101110000000001100000000100000000000100010100001100
0000001100100000100000000000000000001001001000100000000001000100000001000010100010100000000000001000000100000001000100000000000010000010001000000000000000000010001000001000010010000000000000000000000000000000000100100010010000010000100010010000010101
0000000010001000110000000000000000000100000000000001000010000000010011101100000000000000000000000100010000000000010001100100000000000000000001000010000010000000000100001100110010010010000100101010000000000000000010010110100100001000000010000000000000
0000010100001000000001001001000001000000001000000000000100001000010000000011000001000001001100100010000000011000100000000001000000010010000000111000000000011000000100100000001000100010000101000000000000010101000101001000010000100000000001000000001000
0000000000110010101010010000101010000000100100000001000000000000100100000000001000111100000000011000101010000000000101000000101110001000001000000000100001001000000000000000000100000000000000000101001000001000000010000001000000000010000000001000000000
1000000000000001000100000000001001010000010100110001000001000000000000001001010011000000100000100011000000100000000000001000000000000000100010000010110100011000000001101001101011100000100000000000000000010010000000000011011000000100000000000001000100
0000100000000000000001100100010010000100000000000000001011010000000100000100001010001000011000000000100000100101000010000000000101000101000001100101101000100000000000001000010000000000001001000000010000000000001010110000000000001000000010010010010000
1100000000000000000000001010011000100101001000000000000010000000100101010010000000100100000000000000000000011000001010000100010000010001000000001101001000000000000101000000000000000110000100010000000100000100000000001001000100010010000000110000100000
0000000010100000010010000000000010000000100000000111000000001000000011000100000000001000100000001000000000100000000000000001000000010110000010000000000010100001000011000010001000000000000010000000000010100010000000101000010000000000000000100001111000
0000001000010000000000000000010000000010000000000000000011000000000010000000010010000100001000000000000000001000100000101000010000000000000010100000100000011000000000000000110100000000100000000110001000000000000000100000010001000000000000001010010000
0010001000000001000000010000000111101000000110110000010001010000100000000000000000000010000100000010000100000001010000010001000000010000000000000100000100000100000000100010000000000100000000000001001001001000010110001000100010000000000000000000001000
0000011001010100010000000000000000000011000000001100000001010101001000000000000000000000010001010000110000010000000000010000001000011000001100001101000010001000010001100000010000000001000100000000000100000000000010010001000010110111100000010000000000
0110001000000010001000000000010100000000000000000001100110000010100000001000000110000000110010011000000010000000000000010000000000000010000000001001001100000100000000100000000001000010000000000000000000100100000000000001000000000001000000000100000000
0000000001000110000001000100000000000001000000000000000000000000000010000000010000000000100011000110001000000100000000000100010010000000000000010001000000110100010000000000010000000000001100000000000000000000001001000000000000000010101001000000100000
0000001000110100000001100000110000000000000001000000010001000000100001000000000000010000010000100000000000000001000000000000000000010000000110011000001001000000100000110001000000000100000000000000001000000100101000101000000001110010001010001001000011
0100100010010010010000000000100000000000000001000000000111000100000010000000100000010000100101000100011000101100000100011000100000001000001000100000100100000001100010100010000000000100010001101000010000100000000000000000011010100001011000100001000000
1000001000000100010000100000000010001000000000010100100101000010000001000011000100000000010100001000010010100000000100101100010001000000110000000001010001000011000010000100000001011000000001000100000101010000001011001000000100111010000000010000000000
1000000000000001000100000000000100001100000000000010100000010000100000001000010000010000000000000000100000000000000000000000000001010100000010000000000000000000000000100010000000000010000100001000000000000000000100000000000000000001000000000000000000
0010000000000000001001000010000001110000110010100000000000000001001000000000100000100010101000000010000001000000000010011000100100100000000000000001000000000001000000001010001000000000000010010001000001000000000001000000010100000100000001100100100000
1001000000000110000100000001010000000000000010110000100010100000000000001000010100000001000001001010000100000000000001000000010000000000001100000010000010010000000000010000000100000000101000000001000010100000000000000000100000011010100000000000000000
0000000110000000000000000010010010010000000100100010000000001001010000000001000100001000000110000100111100000011000000110000010000000000000000010000000000000001000001001000000100000000000000000101100000010001000000000001000000000100000100000010110110
1000001000000000010000000000010001000000000000100100000000000000010000000100000000000000010000000100000001000000100101000100101111001011000010100000000000000010000100011001000101011000001000101000000000000001000010000001000000001000000100001000000100
0000001000000100000000100100000000100001010000000000000000000100001101000000000000000000000000100000000000110000101000000001010001000000000110000000000010000000010011000001000010001000010000010010100000101000000000000010000000000100001000100100000000
0100001000000000001000000100111001000001000001100001000000000100001011000000000000010000000100010001010011000000000000100000000000000000000000000001100000000001101110000001000000000100000000011001001000000000000010100000000000001000000001100000010010
0100010100000110000001000001000000000000000010100000000100100100100000000010110000000001000001010100000010000001000100000000001000000000000000100000000000010000000000000000010000000000000111010010000010010011010000000000100010101000100010011000000110
0101001001010000000000000000001000000000000000000000100000010000000010000000000010011010000000000100100100011000010100000010000100000000100000110001000001000000000000000110001101000010000100000000000000110001000100000010010100000000000010010001011000
0000000000000001001000001000000000100010000000001010000100000100101000010001000000000010000000000010000100000001010000000000000001001110010010100001000001100000001000000000001100010000000000101000000000000100000000000000010100000000000100000100110000
1010000101000001100000010000010001000000000001000010000001100000000100010010000000000000001011001000001100001100000000000000001000101100000010000100000010110000000000001000010000001000000000000000000100010010100000010010000000000010001000100001000000
1000000010101010000110001000000000100000001000000000000001010000001101000100000111000000000001001010000010001000001000000000010100000010010000000000000000001000000000000111000000001000100000000000100000010000011010000100000000000110001000000000000001
0000000000000000010010010000011000100010000000110100000000000000001001010001010100000000010100001001100000000000001000110000100000010000000001000000110000000000000000001101100000000100000100000000100000000100000100011000000010100000001100000000000010
0000100010000000000010000010000101000010000000000001000000000001000000000010001000000100000000000000001101100000000000101010000010000010000000001000000001100001011010100001000010001000010010010000000000000001100000010101000000000101100000001000000110
1100000000001100010100000110000010000000000110000000001000000000001000000000000000000000000000010000001000010001010000100011001001000100000001000000000100000000000000000001100000000010000000001000111000000101001000000000001000000000110010000100011110
0000011000000000000010000000100001001000000000000000000000001000000000000101010000000010000000001000100000000010000000000000000000000001010001101100010000110000000010100000000010011010100000000000011100000000000000000100000000000000000000000000000000
0101000101000000001000011001000000000001100101000101010000000000000001010001000100000001100000010001000100010000000000000000001000000000100000001000011000001001000000000001000000001110000000000110010000000001000001010000000000010010001000001001000000
0010000010000001100000010001001000010000101100000000000000000000100000000111000010000000100000000010001001010000010000111000000010100000000010001010010001001000000010000000001000001001000000011000000000001000100011100100010000000011100001000001000000
0000010000001010100010100001001010010000001000000100100000000000101000100100010000000000000000010010000010101000001010000100100111001000000000000000000100000000100010001000010100001101000000000001100010000100000000000010100000110000010011000000000000
0100100000100000000000001001000000010000000000100000000000000000000100000000000000100110110101011000000000010000000001001001010111000011000010000000000000100001000010000000000001010000010000110000000001010000010010000000010100001100100000010000001100
0001000000000100010001010000000000000000000000000000000100001000001000001001101000100000010000000000000001000011000010000010100000001001010001000001000000010000000000000000000100100000000000010000001000110110000001101001000000000000000001000000100110
0000000100000001000010100000000000000000000000000011110010010010010000001000001000000000011100000000000100000000001000100000000000000000100100000000000000100000101001000010001000011110100010000001000000011000010100000010000000001001000000100100001100
0010001100000000011011000000001001000100000000001000000000000100011000010001000000101000100000100000000000001001000000000000001000000000000101001010000000000000100000000000000000001000000000000001110000000101000000000001000000000000000000001000000000
0100000010000000100000000111000000000001000001000000000000001000000100100000001000010000000000000001000000000000000000001000000100010100000000000001100010010000000000000101000010100000100000010000000001000110001001111001100010000000000000000000000000
0100000000000000000000000000100010000010101010000100100001010000000100000000000001001000000110001000000000100000000000000000000001000000000000000001110000000000000010000000000111000000000000001000001011010001011111100010000110100000001000000001000100
0000000010000000000100000000000001000000001000010110001000000001000000000100001001011100000001000000000000001010001100000000000000000100000000000000000000010000100001100000000000000000100000010000000000100000001000000000001000000100000100010000011000
0100000010010001000000000010001000001000000000110110001000010010100000001000000011000010100000000000000000100010000010000001010001000001001000100110000110000000000010000000010001010001001011000000100000010000000000100000000000000100100000000001000010
0000100010110000000100000000100000000000000010000000001000110001000100000010000000010111000001000100000001001001100010000111000000000001001000000000000001000100000000100000010000000000000000000010000000000100000000100000000001000000001000000000101000
0000001001000011000100001101010100000101000001001000100100000000000000010000000001010000000000010000000100001110000000000000001000001000000001000100000000000010101010101000100000000000000100000000010010011000000000000000100000010000000010001101000000
0000001010000000001000000110100000000001010000010000000010000010000011000100001000000100000001000001010000000100000100000100010000000010000000101010000000100000000000000000100100100010110000000000001100000000101000000000000000010000100000010000000000
0001010000010000000000100000100001000000000000000000110010010010100110000100100000000000000000000110000100000110100000000000010000001100010000100000001000010100000110001000001001000000000100000000000101000010000000010110100000010000000000000000000000
0000100100110000100001000010010000000011000010001000010000000011111100000010000000000001000000101000100000000000000000010000000000010000000001000000000000101000000000000010000000110001110010001000000000001010000000000000000000100000000011000001010000
0100000000000100000100000000000000010000100000000100000000100000000000000000101000001001000000000010010000000000011000000000000001100000000100010000000000000000100001000000110011001100000000110000010000000000000000000000000110000100000100100000010001
0000000100000000000000011100000001000100000000000001000001001000000000001000100111001010100000000000000010000000000000000000010000010000111000100010001000001010000010000000100000000000000001000000001000010001000000000000000100100000000000000010000000
0100010010100100010101001001000000010000000000100000000000001000000010001000000000000010000000000000000000000010010001000000110010000100001000100000001000000000100001010000000000000010000000000100000011000010000100001010000000000000000001110000100110
0000000100000100000000100000000000000001000000000000000000000111000000000001000100010000000000001110000100001000000001000010000000000011000100000010001010001100001000110001010100110000000000000111010000000000000000100001000100001001000000000000100010
0000000100000000000000001110010110011000010001000000000100000000110000000000010001000010000000000000010001000000000000100110000001000000000001001100001000010001000000000000000000000000000000100000000100000000001001000000000010000000010010100000000001
0000000100000000000000000010100000100010000000100000000000001000000000000000001010000001001000000000001100010000000000000100110100010000000000000001101000000000010010000010100001000000001000000101000110000100000100000000000001000001000010010001000100
0100000000000000000100100001000000100000000010000001000000000001100000000001010000010000100100000100010000000100001000000000010000000000001000000000110001010000000001000000000000000000100000101000000100000011000011010000000000110000000000000101000000
0000010000000010000000000000000100000000000000100010100000001000000000000000000000010000100000000000110000100010000010001000001000000000011000000000100100001000000000000100001000000010000001100000101000000000000000000000000010010000000000000010100001
0000000001000000000010000000000101010001011000000000000000010010000000001010000011000000001001001100000001000000000110000100000001000110010100001000000000000100011000000000000100101000000000000000001000000000001000000011001000000000000100011010000000
1100000000010000000000100000010101000000000100000000000000011000000000000100000000000000001000000000010000010000001100000010010000010100000000001000001000000001000001100010000110000000101000010000000011000000000010000011000010001100000110011011000000
1000000000000001000000000100000000000010000011001000000000000000010100000000000001000000000010000011000000000000000100000000100001000000000100100010000000000011000100010000000100000000000000100000000000000100100000010000000000000000101101010000000000
0010011000101100000000010001000100000100000000001000001000000100000000000010000000000000001011010000010010010000110000000100010000100000010001000000000000010001001100001010000110000000000010101010000000000000000000100000001000001000101000000000000010
1000010000100000000010100000010000000000000001001000000000000010010000101000000000010001010010100000101000000000000000000000000011100000101001000000000001000100000100000000011010000000000100000000001001000000000000000001000000110000000000000000100000
0100010100011001000100000101000000010100101000001010001010000100000000000001100001000001000000000000000010100100000000101000000010000001010000000000000000000000000000000110000001010001000000000100000000000100001001000110000000110101000000100001010010
0000100000100100010000000000000001100001000100000001000110100000011000000010001001000000000000000000000000100100000000000000001000001100000100001000100000010100101010000000000001010000010000000010010100000000010010000010000010000000001000100000000000
0001000000000000000000000000000000001000000010000000000000000110000100000010000000000010100000010010000011000100000010000010000000100000011100101100000000000000100101101001001100001001100000000001000100000010000100000000000000010100000100000000000000
0001000000000000000000000000000110000000000100000001010000010000000001000000100001000100010001100001001000000001001001000000100000101001000100100000001000000000101010000010000000000010010010010000101000000010000000100000101000000001000000000000000100
0000000000000000000010000000010000000100000000001000000000000000000100100000000010000001000100100000000000011000000100000000010000000010010010000110000100000000000000000000100001100000000010100000000000000100000000001000000001000000001110100000000010
0000001100001000100000000000000010000000010001000100000001001000010000100000000010010000100001000010010100101010100111100010000000000000000000000010001000000000000001001000001000000010000011000001000000000101000100000000000000000000010000000010001000
0010100001000000000000000000000011000100001000000010000000010000000000000000000000100001000000000000000101100100010000010000010011000100000000000000000010000000010110000000001010000010101001001111010001000100000000000001100000000000111000010000000010
1100000001000001001000000100000000010000001000000011100100100000001010100000000000000000010100001100000000100000000000000000000100001100000000001000010100000000000000101000000010000001100000000001000100000101001000010011010000000100000001000010010000
1000000001000101000011000110000010010100001100000001000000000000000000110100001101000001000000100000000000000100000000000100000011110000100000000000000000000000101000001000000100000000000001000010000010000000100000001100000001100001000000000000100000
0000000000000000101000000000000100000010001001010010000000000000000000001000000010111000001001000100100000010011100100000110000001000000100000000001110000000000100000001010100000000001100000000000010001000001011000000000000100000000000000000001000000
1000101101110100000000001000110001000000000000000000011001000000000010000000011000000100000000000000100000000000010000000011000010100000000010000101010000001100001010000000010011000000000000000000101000000100000000111100000100000100000100000000000100
0000000001100101000000000100100000000001000001000000010100000100100001000000000010000000100000010000000000000000000000010000001000000001000000000000010000000000100100000101010000010000000000000000000100000000000010100011101000000000000011000000010100
0000100000001000000110001000010100110000100000010001001001101000000100010001000100000000000100010101100000001101000101010000000000010111000010100001010000101000010001000000000000000001000000011000001000000000011100100010000000001110000000010000100100
1000000110001001011000100000100000000001000000000010101000000000000010001000000001000001000011000100000000001010000001100000000001001000000010001100001000000010110000000000010000001000000001001100000000001100000000000001000000001001000000000000000001
1000000000100000000101000010010000001000000000000000000011001000000010001010000000000000000110010010000000000000000100000000001000001000000000000000100000100010001000000000100000010101000000100000000000000000101101000000000010011000000000000010000001
0000110000000000001000000100000010000000000100000000000000100010101000000000001001000000000011111000000000110000000001010110010000100000000000000010000000000010000001000000010001000010000110101010000000100001010000100000100000100001000001101000100000
0000000001000000000100000001011010100000011000000100000100000000000010000000000000000000000000010000000000000111000010000000010100000000000000000011110000000010000001000100101000010000011000001010101001001001000000100000000000010000000000000000001010
0000000000100001111010100000100100010000000000100010010111000000100000000000001001001000010000000000001110000000000000000001000000010000000100010100001000000000110000000000011100010000000100001100000000001000000010010001010000010100100001010001000100
1000000001000010100010000011100010000000000000000000110100011010101001000011000110001010000000000000000100000010000000000000000001001000100010000010010000000100001100000001000100100100000000000000100001000000000100000000000000001000010001000000100010
1100000000000100000100000001100010000101000010000000000001000000010000010000000000011110000000011000000000000100010100000001000100100000000100110011000000000100000000001001001010000000010000001000000010000001000000000000000010000000001100110100001001
1000000001000000001000000010001000000000000100011000000000000001000010000100000000100110011110000111010100100000000100000000100100000001001001010001000001000000000110100000010110000000001000000000000001000000010101010011000010001000000100000000000010
0000000000000000100101000000000000000001010100000000000010110000010000000000000000000000000000000100001010100000001000000010000000101000000010000000000001100000010000000001000000000000000000000000100000001100001010001000000010000000000000100100000101
0010101110110000000000000111010010000000100010000001010000000000001000001000000000000000000000000000010000000011000000000001000000100010110000000000000000001000010100000000000000000000000000000000000000100000000000000000100000010000011000000000000000
0000010100000010001010100100000000000001000000000000010000000001000000000000100001000001000000101000011001010010100100100000001100000100000000001110001110000000000100010000010010111000000101000000000000010100000000000000000010001000110110100000000010
0101000000000000001000000100110001000000000000010000100100000000000000000000100100010110101000000000000000000000011000001000000000000000000000010000001000000011000010000100000101000000100000000001000000001001101000000001000010100010001000000101100000
0000000110100001000001000000000000000000010000000010000101000000000100000001100001000000001000000100001100100000000000000000000000010100000000010000100000000101100001000000010000000001000000010000000000100111000000000100010000010010000000100000000000
0000100000000001000100000101100010000000000001001001100000000000101100101010100000010001001000000111001110000000001000000100000000100010000000000100000000010000000000000000001000000000000100010100000001000000000100000010000000000010001000000000000000
0000000110000000100001000101001000001100000000100000000001000000010000000000000100000101000110100100000000000000000000000000000000101000000000000000000011000000000000000000000000001100100010000000000010011000001000000010000000100000000100000000000000
0000001100100100000001000000000000000000001000100001000100000100000010011000101100010000100000100000010010000000000000000000000010010101000000000000000000011001000000100000000000000100000001000000000000000000100000000010001000000100000000000000000100
0000000010001000001000000000000000001001110000000000010010011000001100000000000001110000100000100000000110000000001000000000000000001000001000000000000000000000001000000000001010101000000000000000000010100100000010000000100011000000000000001000000001
0011000100000000000000010000000000000010000000110100001000010010000011100010000000000000000001010001100000100000000000000000000100000000100110010000010000000000101000010000000000010010100000000010010010001000000000000000000000000100000110000000000000
0001000000100000000100000000000000000010000100000000000010000000100011000110000000000000000000000000100000000000000000001000000010100000000010001000101010000000000000000000000000000100000000010000000000000000010000000000100001000000001000000000000000
0000100110000000010100000000000000001100010000000000001111000000101010010001011100000000000000000000000001010000000010001000011101000010010000110000010001001000000000010000010000001000000000001101000001010100011000000000000000000010101100000000001000
0110001000000010000000000000000000000000001000100000000000010000000000001000001000000001010000100100000101000000000000000100010000000000001000001000100000000000010000000000000000000001000000000000000000000000000000100001001001000001000010000000000100
0000111100000000000001000100000000000000001000000011100010000010000000000000000000000000000010000000000000000000001100000110000010000101010001000000000001000000000000000000000000100001000100000000000000001110000000000000000000000000000000000000100010
0010000101101000010000000001000000000100000100000000100000101000000100000000010010110000100110000000000000000000000000000000000100000110011000000000000000010000001000000000110000000100000100010100001000010000001000000100000000000010000100000000000001
1010101000110010000100011010000101010000000000011010000011000000000010011100001000000000000000100010000000000000010001000000000001000000000000010000101000010001000000010000000000000010000000000000010000000000010100010001000010001000000000110110000001
0000001000011000101000000010000000001000010010000000000000001000000100000000000000010101000100010000000010000000010010001010100000000000010001000000000000100000001000000001001000000000001100010000000100000000000000010001010000001000000001101000100111
1100000100001000100000100000000100000000001000000000001000000000001000010011100000000000010000000000010010000000000010100010001000100000000110000000000000000000001000000000000000100000000001110001000000000000000000000001000001000000000001011001100000
0010100110000001000000000000100000000000000000000000101010000010011000010000000001110000000100000000010000000000000000000001000000000000000001000000000000001000000000110000000010000000010000010100010001000000000100000001000011000000000000100001000100
0100000001000000000000000100000100000010010000000010000000110010100000100000100100000000010000010011010000000000100010010000101000000000010001000110001110101010000100000000010000000000110100000110001010000000000011100001000100001100000000000010000000
0000000000000011000000000000001101000100000000010100000001100010000010000000011000001110000001101001000000010001000000000001000000010000010000010100000000010000100010000000100100000000000000001000000000110000000000010100000110000010001000110110010010
0001000001000000000000000000111000001100100000000000000000100001000000000100000000101001000000001010000000000001000100001000000000100000100000110101000000100000100000000000000010000001000000000100000100100000000000000000100010000011000000010000000000
0000000000010000100110011000011000000000010000001010001000000001000000100000001010000010000011010000011010110000000010100000010000000000001001000000001000000000000000000000000000010000000100010001000000010000010000000000100000010000001000001110000100
0011000000010001010000000010101001001000100011000001000001100000100010000010100000000100000000000101011000100010000000000000010001011100000010001000000000000000000000000001001000010000010000100100110001000100001000001001001000001000000100011001001000
1010011010000101000000000010010000000000010000000100000100000000000100000100001000100100000010001100001100010000101110000000000101000000000100000000000000010001000000010101010001100000000100000000010101000000000000000000000000000000000000000001000001
0000000000000010010000100000100000000000010000010101100000001000000000000000000000000000010011001001100000000010100000000000101000000101010001000000000000100100000000000000000000001000000001000000000010101000101010000000000100010000000000000001100000
0000000000000011011011000010010001000000001001011000000010000000100000000001010101000001000100001000001011000000100000001001000001110100110000000001001000001000000000110011010000000000000100100000100010000000000000011000010000000100100000010000000010
0100000001010100000011011001001000011000000000000000101000100100000110110000001100000000010000000000000010000000000010010000100000101001000000000000100001000000001000001100000000000000000010001000000001000000011000000001000000000001000011100001100000
1000000000000000000100000000000000000011000000000000010000000010011011000000100000010010000000000001001000000000000000000100000011000010000000000000010000100000100000000001100000000000000000000000000000010000000001000001100000110000000100000010000000
1000000000100011000000001000000000000000000010000000000000000000000000001101000010100000000000000000001010100010010000000010100010001010000011000001101000001100000000000000000010000000001001000100000010000000100100001000100000000010100000000000111010
0000010000000100000001000010000000010001000101010010000000010000000101000001000000000000001000001100000010000000001001000000010010010111000100101100000001000000000000000000001000000000000100101010000010000110101000000000000000011101000100000000000000
0000111001000000000000000100001001100000000000000000000111000000100000010000000010100011100110000010000000010000101000001000000100000000000000000000001010000001000000100000010000000001000000000010000000000000000100001011100000000001001001000000000000
0000010000000010000110010000000110000011001000000100000000000011010000000100010010000000000100001001000000010001010001000000000001001001010001000000100100100001000000100000100000100000000001010101001000000001000000000000100000000000000000000000000000
0000100001000010000000011000000001010100000001000110001000000000000001100000000001001001000000000000100100000110100000000000000000000010000000000000100100000000000001011000001000000100101000000000000000000000000100000000000000000100001001000110010001
0000000000101100110001000010100000000000000000000000101000100100000000100010100000100010000011000000000000000000000000100001000010100001000100000001000010000000100101001110000000000000000000000100000100001000000000000000010000010000100101000000001000
0000100001001110000000000010000000001000000000010000000000000010001000100000000000100010100000100000000000000000000000000000001000010000001000000000000010000001000000001000101010101000010100000001000001000000000000000000000000010000111000001101010000
0101100100000000000000000010000000100000000100100000100000000100000000000000000001000010010000000001000010000010000100011100000010010000000100010110010000000000010000000010100100000000000000000000011000000000000000000000000110001001000001001100000000
0001100000001001000000000000000000000000101000100001010000000000010000100000000000000000000010001000000010000001000101000000001000000000000000010001000010000000100001001000000100100000000000000100000000010000010000001000000000001000000000110000000000
0010000000000010000011100010100000000100010000010001011000001110101100000000000000001000010000000100000000000001010000100010000000000001000000001010001000000110000000100000010001110001100001000000000000010000000000000100010001110000110001001100100001
0000100110000100100000000000000000000100000101100011000010100000000010000000000000100001000000011100010000010000010000010000000010000000001100100000000010000000000000001101000000000000000001000000000100000100010000000011000000010000000010100000000000
0000000000100000001000001000101100000000000010110011000010100000000000000000001000000000000000000000000000100000001010000110000000001000100000000011101000010000000000000110000000000000010000000100000000001000000000000001000001100000000000000100010010
0000010001000001000000000100000000000000010000100011100010000000000000010001000000000010010100001000000100001101000100001000010000000000001110000010000001001000000001000100000000000000000000100001000000100000100000000001100110001010100000000001000100
0000001010000010001000000000010000000010001000010000000000100000000100000000001010100010000000000000010000010000111000000011010010010000000000000000000010100000000111000100001011000000010000000000100001000011000000011000000000010010100000000010000010
0000010000000001000110000100000000100000000000000000010000000000000000011001000100101000000100000010000000000000000010100100000000000000001100000000000100100000000000000110000000000001000000110001100100000000000010010000000000100100010110000100000001
0001000000000000000000000000011001001000000101000000010000010000001000001000000101010111000000000000010000000001101001000010000100000000000000010010001011100000000100010000000000110000000000001000110110000000110000000100100000000110000000000010000000
0000011100100000100000000010000000000100100000100001000100001000011100000000000100000000000010010000100010000100000001000000000000001000000000010100010000000000010000010000000000000001000010010000000001000000000100100000010010001010000000001000100000
0000000010000000000000000000000011010100000100000110010000000000000000001000001011000001011010000000000000000001000100000000000000100001100000001001100000001100010000000011000000000000000010010000100000000100000000000000001010001000011110000000000001
0011000000011000000001100100100100000000010000110110000001000100110000000000010000001000000010000100010000001001000001100100010010000000000000100000000000001000110000100011001001100011000000100000000000000010100000001000001000100000001000001100010001
0010100100001000000000010000100000000000000001000001001010000001000001000000001100001000000010000000000000000100000000000011100000010001001100001100000000101001000001100000000000010010000000000100000001000000110000000000000000000010000000000000100001
0000000000000000000010110000001000000000010100000001000000000010000010100010101000100111100011100000000000000100000010000100100001000001000110000000010100010000000000000000101010000000000000000000000000001000000110000010000000100000100000001000000000
0100000000100011011000000000000000010000000000000000000000101000000001000001000001000010000000010000000000010000110000011001000000000001010000000000000000000000010100000100000000000010000000000000001000000000000000000000100010000000010000000000000001
0000011000000000001110010000010000000100010000000000000001100000000010000000000001100010000010001000110000010101000000000010010001000000000100001010000010000100001100000101000000000101010000001010010010001010000001110001000010001000000101000000000000
0000010001000010010000001000100101000000100001000110001000000000100100010001000000000010000001010000000000000001000000100000000010100000000000000000100010000010001000000001000011100001000100100000001100000000100010000000000000000000000000010100010100
0000010000110000100001000000000000000100000010100000001100001000000101000000000000100010001001000000000000000001010000100100000000000000000100000011010100000010100000010100000000000010000001000000001000000000001100000000000000000100000000000100001000
0000010100010000000000000000000000000000000000000001000010000000000000100000000000010000000000000001000100000000100100000011000010000100000100001000000000010100000000010000000100000000000100000000100010001000100000001000000000010010010001000000000000
1000000010100000000000000000010001000000010010000001010001000000000100000000000000100000000000000001000000000000000000010001100000000000000101000001001000000000010000100001000010000000000010000000000110000000000000000000010010010000000000000000000001
0000000000010000000000010110000000000000010010000000000001000101100000001100000000000000000010100000110000000000000010001000000010000000010100000000010010100000000000110100000001010000000101000000110000000000010000000011000100000000110011100000001101
0000100100101000100000001000000000001000000000000000100000000100000000000000000010000001000001000000010010101010001000000000000000001000000000001000001000000000000000000100011000000011000010101000000000010011001001000010000000000011001010101000000000
0010000000000000000010001000011000000001100001000000000100000000000000000000000010000001100000000000000000000010000001000010101010000000000000000001010000000010000011000000100000101000100000000000000000011000001100110000101000010101001000000000000000
0000110000000010100000100000000000001100001001011000010001000000000000000000000000000000100001000010010001001100001000010001000000000000000000000100011000000110000000000010100001000010001000010000000000000000000000000100000000100100010011100010000110
0000010101000000000001010000000000000000000100000000001000010101001000000010001000000000000000001000000000000000000010100000100011000000001000010100000001001000000000000000001010001001000000000000010001000001000100000000000000000100100010101000000000
0010000000000100000100010010000000000000100000001011010010000000000000100000000000000000000001101011110001000100001000100001001000010100000100100100001000000010010000010000001100000001000000000010000000010000100001000000100000000000000001001000010000
1000000100000000000010010000000000010000000011100000000000001000010001100000100001000000001100010000000011100000001001000010000000000000000000001000000000000000000010010000001000000010000010000000000000000000000000101000000000001000000000010001000000
0000010000000000010010000010000000010000100000000000100100001010000000001001000000000000101000010000000011000000100111110000010000000100010000000000010000001001000100100000000010000100010100000000000000010001000000000001000000000011010001000000000000
0001100100001010000000000000000000001000010000000000010010110000010010000000001111000000000000010000001000000010110010000001000100000001000110000011010010101100000001000000000000000100000001000100010000000000000001000100010100100000010010000000000001
0001001000000010001000000010001001100000000000001000000000000000001000000000000000000001000001001100000000000000000000100000100000110100010010000000001111110001000001010001000000000100000000000010100000010000000000000001101000000000000000000000000001
0100000000000011100000100101000000010001100000010100000000000000000000000000000010100010010000000000010100101010101000011001000100000000010000000000001000001000000100010000000000110001000000100010000011000000010010000000001000000110000000000100000010
0100000000000000010000000000010100000010000000100010000000001000010000001000111011000000000001010100000100000000000000000000000010001000000001010010000000100000001100000000000110000000000001000010100000010000001000000000100100000000000000000110000000
189 81
112 146
