250 250
0000010000000000000000000000000000000000000000001101010000000010000000000000010001100000000010000000000000011010001001010000001000000000001000000000000010000010010000110110000000000000000000010100001000100000000101000110000101000000001000000000101001
0100000001000000100101000000000100110011010000000100000000000000000000000100001000000010000000001100000100000001000000001001000000100010000000000001000000010100000011000000000000000000101000100001000100000000000000100000001000010011000000000001010000
0100100000000000000100100000000000000100000010001001000000000000100000000000000000000010000000010000101000001000000000000001000101000001000000000011000001000000100000001000000001000000111000010010000100100000000111000000000000010000010001100000100000
0100010000010000000000001000100101000000000000000001100000011001000000000000000000010100000001101010001010000000000101000011000000001000100000000011000110000000001100000000000001000010110000000000010100000000000000000000000000000011000001001110100000
0000000000000001000000000100111100000000011010100000000000000001010000000000000000000110100000100000110100000000000010000000000101010001000100000001000010000010000000000000110000000000000110100100000000001000000010010000010000000001100000000000000010
0000000001000100001000000000000000100000000000100101000100000000001000000000011000000000000000110000000000000000000000000000000000010100001100100001001000001000010000000000010111000000010110000001000000000000001100000000000000010000010000000000001000
0010100000000000001001000000000001010010010000000010000000010110000010000001000100000000000000000000100000000101010000001000000000010000000010001000000000001000000000000000000000000110000000010100001001100100000100001000010000010100100000010000100000
1000010010000000100010000000000000000111001010001101000010100010101101000100000000000000010000000100001000000000100110100000000000000000010000000001011000000010000000101000000001000000000001000100010001010000000000000000100010000000001001000000000000
0010001000000100010011000010111000000000000000001000000000000100000110000000000000001000010000000000000010001000110000000100000011001000000001001000000101100001100000100001011000000100000000000000100010000110000000000000000000000000000000110000000010
0010000000000000010100000100000100001000010001000100010010000000000000000000101000001000000001000000000101000000000001000101010101000000010000001011000000000010100100001100000100000000000000000100000010000000000000000000000001000100001000000000000000
0100000101111101000001000101010010000000001100001000000001010010000001000001000010001001000100000000000011000000000000010000001000001001010000001000001000000010100110011000000101100001010000000001000000010000000000000100000000110001000000010010000000
0100000000000001010100000000010000010001000010100000000000010001110000010000000000000000000010001001000001000000010000000100000100000010000000010000000001100000000000000000000010000000000010000000100000100000000011100000100000000000001100010000010000
0010000000000000001011100101000000000000000010000000010000000100000000000000010001001010100000000010000000000000000000010100001001010000000000000000001010000000000000000001000000000000001001010000000110001000000100000000000000010000000000100000001000
1000001001000001111100010000000000010000000010000000000000000010000001000000001000000101000010000000010000010000000000100000000001110000111010000000010101000010000001000010000101100100000000000000110100000000100000000110010000000001011000000000000000
0000010000001010010100011000000010000000001000000000000000000000000000000000000110000100000001000000001100100001100011000000000000111011000000000001010000000110000000000000000000000100000000000000000000000010100001100001000000000000000000010100001100
0001000000111000000011000101000000001000000000000000000000100000000000100001000000000101000000100011100100000000100110000000011000000010000100110010100010100100000000000001000000100000100110000000000000000000000000101100000000010000000001000000000000
0000000001000001010000000000000001000100000100000100001010100001000000000010000100000000010000001000110010001000000100000000000000000100000000000000000100100011000000000010000001000000000100001000001010000011000001000001001000001100000000000100000000
1001000000000000000010000000010000000000000000000010000000000000000000101010001000000100011000000000000110000010010100001000100001100000000010000000101000001000100000100000000000111001000010000000000000110100000000000000000000000110000100000110100100
0000010100000000000001000000001100000001000000000000100000000000000000000000011000000000000000000000000000000000000000000000000110000000011000000000000000000101010001000010000010010101000100100000000001000000000000101000100101000000010000000000010000
0000000000000000000101000010010000000000000100000000000000000000010001000000000100001010100000100100000000100011000000000000001000000000001000001010010000000000001100100000010100001000010001010000000001000010000010010001010010000000000010100000000010
1001000000000000010001000000000001000000000011000000000001000000000001100000001000000000010010000000100010100100000000000001000001001101010100000100000100000000000000100000111000000000001001101000000000000000000000000010000000000000000010100001000110
0000001010010000010100010100000000000000000010000000101000000000000000000000001011000010010000000000000001110101000001000000100000100010000010000000000000100010000000000001000000101000010000000000010000001000001001000000000010000000000100000000000001
0000000000000001000011100010000000000100101000000000110000000000001000000010000000100000011001010001010000001000000000000001100000010001001000000000110000000000000100000000000000010001000010000000010000100000010111000000000000100100000000000000000000
1000010000000000100000000000000000000001000001000110000100000100000100000000000011000100010000001000100001000010000100000001000000000000000000000000010000000010010000000100010010100000100000010110000001010000110010100011000000000001000100010001010100
0000000000000000010000000000000100000000000001000110000000000000000000010000000001000100011000000001000000001000010011010000100001001001000000000100010000000100000001000000000010100010001000000000000000011000000001010000000000100000000100000000010000
0001100001000000000000000100001010100000110000000010000000000000000100110010000000000000100000010000000010010000000011000100000010110100100001100000000000110001000000000000000100001011000100001000110100010000000100010000000010000010000000000101010000
0000001100000110000101010000000000000000000000010000000000100000000000000000000000010100000000000000000101001010000010000000000000000000000000001011000110000000000000000000000000010000110010000000000001000110000000001000100100100000000111010000110000
0001000000011001010001010000100000011000000000001000000000010000010001000000000000000000001000000000001000001000100010000011000000000000010000001000100100100010000000000000000000000100000100000110010000101001100001001000100000000011000000000000000000
1100000001000010000000001000000000000100010000110000001000000100000000000000100001001001000000000000010010000100000011000000000111000010000000110011000000010000001000000010000000000000000000000000000000010010001000100000000000010010000000010000000000
0001000101100000100010100000000000000100100000000110000000100010010000000000000001001000001010000011110000100100000100000001100110100000010001000110010000100100110000100010000000010100000100000000000000110000000001000000101000001001000000000001000000
0000000100000001000000000000011000000110001000000000000001000010001001110000000100000000000000000010000000110000001000010000000100000000010000010000100100000001000000000001001000110000000000000000000010011000011101010010100110000000000000000100000100
1000000000100100000000010000000000000000100000000000000000001000100001000000100100010100001000001100000000100000000010001000000001000000000000011000000000000110000000100000000000000000101001000000000000000000000000100001010000000000010000000000000000
0100001000000000000000100000000010100000000000000001000000000000010100010100000000101000000000000001000000000000000010000001011000000101101100100010000000000110000010010000000010001010100000000100001000001001100000000000100010000100011000010010100000
0000000001000001000000001000001000100000001100100000000100000110001000000100000000000000001000010000001000000000000001000110111001000100100001000101100000010000000011000010101000000110101000000100000000000000000000000000000000001010001010000100000000
1000000010001000000000001000000000100001001011010001000111000000000101000000010000000000000000101000101000001010000000001000000001000001001010000000110000010000000000000000000000000101000010000001000010001000101001000000000000001000000000000100000000
0000101110000110100100000101011000001000000001000000000000000000100000001001000001110010101000000000010001000000000100000000000010000110000000000010000001000000000010100000000001001010000000000000011000000000010000000000000001000000000000001001000001
0100001010000101000001000000100100001000000000010001010000001000110000000000100100000000000000000100100000000110100010010010010000000101000100000000000000000001000100100100000000000100001000000000000110000001000000000001000000000000000001010000011000
0010011001001000000000000000000000000000000010101000001000000100000000000000000100100110000000001101000000001000100001001000000000000000100000001100000010000100000001001000101010100000010000000000000010000000000000000100100100100000001000000011000010
0010101100000000010011000010000000100000000001011000000101000010100100000110000010110000000000000000001000000000000010110000100001100000001000000101010000000000001011000010000010000001110001001100000000101101000101000000000000000010111000000010000100
0010000000000000000000000000010000100001100000010000001000000001000001000100000001000000001010000101000000000000010001000000000010000000101000000000001100000000000000100001000000000000000000010000000000001010000001000000000000000000100001000010000000
0000000000110000110000000000101000000000010000000000100000001010000000000100000000111000000000000000001000000000100001101100000101100000000000011000001100000000100001010000100000000000001000000000000000000000101001000010000000001000000000101000010000
0001001101000000000000001000100001000001000010001010000010000000001000000000010100000000000000000000000000000000011010000000000000000000001001000100000010000000100000000000100000000010000001000000000110000000100001000010001000000000000100100100010000
0100000000010000011000010000001001000000000000000000011000000000010000000000010000000000001000000101100100000000000000000000000101000010100000000000000000000100000010000010000000000000000011100000000001011010010010000000000000000010001000010010000000
0010000000001001000010000000100000010000000001010000000101001000000000000000100000101000000000010000010101000000100100001000000000101001100111000000000101011100100000100000000000000000000000000000000000000000000000000000000010100000100001000001100000
1010000000100100000000001000001000100000000000000110010000000101000000000001000100100000010100000000000100000000000001000000001100010000010000000101000000100000011000000000000000001000100000000000001000000000000100000100000010010000101000001001000000
0000010000000000000010100000000010000000000000001101111000100010100010001000000001001000000000000000000100101001000010000000000000000110000000000000000101100000001000000100000000100000010000100010000101000000000000011100001110000101000010110010111100
0000010001000010101000010100000000000000011000100010010000000010000001000011000000000000000100000010001001000000010001000000000000000100000110000000000010100000000000010010000000000001001000001001010001001000010011000000000100000000000010000000010000
0001010010110011000001010000001100000000100000100000001001001001000010101101000000001000000000000000000000000110100010010000100000010000000100000000000000000110000001000100011000001001000001001000000000000000010001001000101010100010000000101000000000
0000010000000000000000000000000000000000000010010001100000000000110010010000001010000001110000100000000000000000000010010000000001100000000000001101000000000000001000001100011010000000100000100000000100000000000000110101000000100000000000100100100000
0000000000100000100000001000000001000100000000110000000000000000100000000000000100001000101100001011000011010000000010001001000001001000010000010010000100000000100000000000000000100000010010000100000000010010010110000000100010000000000000000000000010
1000000000000000100000000100001000000011000010010000101100001001001000000000000000010100001011000001010001001000001110000101010000000010000010100100000000000000000011000000000000001000110001000000000010000000000000000000000100001000100000000010000000
0000000000000000000100010010100000010011000001100010000000000000000011000000000010000000000100011100000000000000000000010000000010000001000000000000100100000001000010011000001000010001100000000000000100001000000000001000001000000000000000000001010100
0000000000000011000010000010000000000000000000010000100110101100000000000000000100000001000000011000000010000100001000001000000111000100110011110000101000000000000001000000100000000000000001000000000000000001001000000010000000010010000100110000000001
0000001000000110100001000001000000000000000000001000000010101000000110000101000010000000000100000000000000000101000001000000000000011000010001001000001110000000000010010000000100000000000000000100000000110001001110000100100000000000010010000000010000
0011100000000100000000100001000010000000000010001000000100000000000101000000001000110001000000000000000100010000010100000100100001000001010000000100000000001000101000101000001010101010001100000000010000011000000010010001001000000100000000011000001001
0000000000000110000000100010010000100000000001000011011000000010010010000000000000000000000000000000100000000000001001000100000000000100001010101110000000010101101000000000010001000000010001000100000000110000110000001000100100000001000100000001000100
0000001001001100000000000000001001000000000000000000010100000000000000000000010001001100100000000100000010010000010011100000110000110010100000000010100000000000000000000001000100000000000000001010001001011000000000000000000100100000000000001110000010
0100000010000000000000000000011000000000000110000110010110000100100000000010001000101100000000001000000000000000000000000010000000000000001000000001010000001000001000110000001000001010100000000000000000000000001000000000000110000000000000000100000000
0000100001000001000010010000000000000001001000000010000010000010001000010100010000000100001000010001000000000000001001100000000000001010010000000000001011000000010110101001101000000000001000000000000010000001100010000001000000000001000100001000000100
0000101000100000000000000000000010000000000000000000100010000001000001000000000000100100000000000000100000000101001010000010000100100000000000000001001000011000100000100101010001000000100100101010000000000110101000001001010100000001001001001000000000
0010001010000000001000010001000000000100110000000000000000100100001001000000000000000000000011000010000001000100000000100001100001011100000000000001100000110100000000000100010010101000011001000010011010010000000011000001000010001100000000000001000000
0010100000001000000000100001001100010000100000000010010100000000000100011100100010010000000000001000000000000000111000000011010010000100100000000000010100000011001110000000000100000000010000000001001010000000001100000000100000000000000100010101100000
0000001000100000100100001000010000000000000000100000000000100000000000000000000010000000100100001000000000010110000100000000000000000000000000000000110100010001001000000000110000010000000000000000000100000000001000000100101000000000000000000000101011
0001100100001000000100000000000100000100000000000001010110010110001010000000000000000000101000101000000000010000000000000000000000000000000000001000000000000000011000001001000101000100010000010000110100001000000000100011000001000000000010000000000000
1100000100000000010110000000011000100110000010100000000010000000000000000000101000001000001000000000001000000000000000011000000110110000000001010011000000000000001000000010101000010000100000100000000001000001000000100000000000000001000010001000100000
0000001000000000110000000000001000100010000111000000100001000000000000000010010000000011000000011000001001000001000000000000000000000000000011000000100000101000000001000000000001000001000001100001001000001010000010000000010000100000000000000000001010
0000000000000001000011000000000010010000100000111000100000000100000000110100000000010001001010000000001010000000101101011000000100000000000100000000000000000000000000010000000000000100010000101001000000100001000101000000000001100000100000010000100000
0100010000010000000000010000100010100100000100000000000000110000100000001000000000000010010000000000110000000001000000100100001000000000010000000000001000000000000000010000010010000000001000000000010000010001000000010000001001001001000001010000000000
1100000110000001100000010000000001000010011000010001100100100000000011000000000010011100001100000100000000010000000000000010000000000000010010000000000000000000010101001000000100100000000000010110000000000000000001000000010000000100000010000001000000
0000000010010001010001000100000000000010100000001000000000001000000000000000000000100000101000000000001000000001000000000010001000001000001000000000000010000011000101001000000000001100001000101101100000000000000000000000001000000000000000000000000110
1010000001000101100000000000000000000000011001000100001011000001000010100100000100000000000001010000000000110010100101000010000101000000000010000000000011000111000010000101100111100000001010001010010000000000010000010000000010000000000000000100000000
1000001010000001100010010010000000000001100101101010001000000000010000000010000100000000101100100110100000100001100110000100000000100010000010010000000000001011001001001001000000010000000010000001010010000000100100000000001010110000000000010000000101
0000001100000000000001000000110000010000000001011000000000000000000100000001100110100010000000000100000000001000000011000000000001000000000010000100010100010001001100000000100000010000000000000000101000000000000000000000000000000001100000000001000000
1000001110100100000000000000000000000010000000010010010000010001000000000101000001000000000000001001100000001010011100000000110000000000000000000110000110010000000100000001001000000000000010000000000000000100000011001000000010000001001000010000000000
1010010000000000000011000100001000000100000010000000000000011000000000100000000000000001000000000000101000000010000010100000000010000000000100110000001000010000100000000000011010011000000000000000000001000000000010000000000000000000000000000000101001
0010000000000000100011000110100000000011000000001110001000000000100000000010010000000000000010000000010010110001000100010001000000000001000001000000000000001100000010010000001000110000000100001100000010000000000110000100010000100000000110000010100000
0100000000000010000011000000000001100000001000010000000110000000000001010000001001000000001001000000001000001000010000000110000001001000001000000010000000100010011001001000000000000010000000000010000010100000000100000000000010000000000000000000000000
0000010000000100000100000000001000000100011000000000010000110000000000110000000010000000101010000001100010011010000001000000100010000001000000000000000010000100100100110100000000000101111000010000000000010100000100000000010001100000000010000000010001
0000000000001000000110000100011010100101100100000000001011001010100100000100000010000100000001000000010000010000000110000001000000000100000000100000000001000000000000000000000000000000001000100010000000000000000000010000000000010001001000000010000000
0000000100000000010000000000000110000000100000000011001100000000000000000000101100000100100001001100000010000000000000000100000000000000010000000010000000010000110000000010001000010010000000000100000000000000000100100010010000011010000010000000010001
0000001000100100000001000001000010011000000000001000001000000000100000000100000000101101010000000000100001011100100001010100110000101100100000010010010000010000001100110001000101100000000110100000101000001000000001000000000000100010100000011001010000
0000000000000000000000000001000000000000000000000100000000000000001100000000010000000000001000001000000000000000000000000000000000000000000000101010000100010100000000000100000100000000000000100100011010010000000000000000000010000100000100000100010101
0100100000001000010011000000010000000000000101001101001000110000000001000000000000000000100000010110000010000000000000000010000000010000001100001010000001000000001001000000000010000000000000001010000000000000001000000010100100010000000010000000000100
0100001000001000000000000100001001000100000000110000100110100010001000010010000000100000010010001000000000001000000001010010010000000100010010000000000000001000000000000010000010100000000000000110000001000000001001010100000000000000000000000000000000
0000000000100001000000010000000000010000001000011010010000100000000000000000000000000001010001000100000000000000000000100000110000000000001100000000001001001000100100000000010000010000010110000000011010001000010000000000001110000000100000000100001001
0110010001001000000010000100000000100001000000011100010010100000000000000001000001001100000010000001000000000000100000000101101100000000100011000000000000001000000000000000001001000000000010000000000100000000000000001000000011010110011001000000110000
0000000001000100000000100001000000000010100000010000000000000010000000100100000010110010000000000010000001010000000010000000000000100001000000000000001000001001000010010001000000000001000000101000100000011000000000000100000000100000101001100000000000
0000001000000000000000000000001001001000000000000001000010000001000000000000000001000001000000001000000010000000110000010101100000100000101001010010000001000000000000000000000100000010010000000010011001000101001000000000010000000010101000100000011010
1001000100000000000010110010001001100001010100011000000010100100000110000000000000000000000110000101000100001001000000000001100000000001000010010000000110100100000000000010000010010001000100001000000000010000000000010000000000010000110000000010100000
0000101000000000010000011000000000010000000100000001000000000000000101001000100001000000000010100000010000001000000010100011000000000000000001000000000000010000000111000000001100000000000100001000100000000001000000110001000000000001001000000000000000
0000001000000100010000010100010100000000110100000000001000010001000000010000010000000001001010000010000011010010010100000000010000000101100011001001000001100000011100000000000000000000100000000000100000000010000001000000000011000000100000010000000000
0000001100010100100000000000010010001011000000010000010000000010001000001000101000000001000000011100000100010101000001000100001000100100010000100100000010010000000000000100000010000000000010010000000001000000001000000100010000000000100000010000100000
0001000001000000000000110010000000000100000000101001000000000000000000000110000010100010010000100000001101001000000000000011010100000100000000000100000101110000000110000010001010010000001001000000000010001000000010000000000110011000000000100000000001
1100000010000110100000100010000100000001000100100000010000001111000000000000100000000000101000000010000000000000001100010010100000000000000010000000011010010101000100100000000000000000001010000000001100000000000000100000010000001000010001001000000100
0001001001000000000000000001010000100010001100000100001000010000000000100001000000011001000001000000010100011000001000011000000001000010000000011000110101000010000000000000000000010000000001010000010010000000000000100001000100000001000000001100000100
0100000000000000001100001000000100000000000010000000000000001000100100000100010000000000100000000100010000000010010000000011000000000010000110000000000100000100000000001101000000010000100000000001101000001000000000100000000000010010000000000000000010
0001000000001010000000000011000001000000001000000010001100000000010010000010110010000010000000000010001010100000000000000101000000100000000001000000000001010000000101010010000010000000010000000010000101001000000000000000010000000010100000001000100000
0000011010000010011000000010000000000000001010000100010000001000100000001000001110000000010000000001000000001000010000000100000000010000000000000000001000000000000100000010010000000000010000000100000001110000000001000100000010000100000000000000001000
0000000110000000000001000001010000000000010000100000000000000001000000000000100100000100000000000000000000010001000000000000000001010000001010000000000001000110000000000001001001000010100000000000000000010000000000010010000011000000000000000011100000
0001000000100000000000000000000000100111100000100000011001000100000000000000101101011001000000000000001100110011000000000000000101000000001010110000101000001000000010100011101010010000010000000010000000000000101100000000000000000010000000000000000001
0000000010000101010000110000000000000100100000100100000101010000001000000000000000000001110001001000010000100001000000000000000000010001000000100011000101000000000000000010001000000011000000100011010010000010100010010000001000000001000000001101000000
0010000100100000100000100100000000010000000000000010000000001101010101000100010101000000010000000100000001000100001110000000000000000010001000000010100001000010000000101000000000001101001010000000000000000011000000110011100000100100000000001010000000
1000000000000100010000000000000000000001000010000000000000000100110100001000000000000001000000000000000000000000000010000000111010000000001000000000000000010111000000000000100000001000100000100001010000010000100110000000101100110000000000000000000110
0000000000000000010010000000000000000000000100100010000000000001000000000000100010010000000000000000100000010000010000000000001000000100001000000010000001110001010000100000000000101000000000000000110010000000000000000100010000100000000000100100000101
1000100000001000000000001000010000011000001000100111000000000000100000001001100100000000001100100011000000100001000100011000000000010101010000000000010000001000000000000110000000000000000001000000000001011001000000000000001001001000100000010000100100
0000110000100010001000000000010000000000000000001010000000010010000000001000000000001000001000010011011000000000000000010000001101100010000000001000100000000100000000000110000000000010000000000000000000100100010001101111000000010100110000011000001000
0000000100001000010100010000000010000000000100100000010010100100011000000010000000000001000100001000000000010000000000000000000010100000001000000000000000101101000000000000010001111001011110000001001100010000010000000110011000000000000100000110110010
0000000000100010110000100000000001000000100000010110000010010000100000000000000000000000000011101010000000100000010000000010000100000010000100000110001000100000011000010000100100000100101000000000000000010010000000000000000000001001000100000001001000
0000000000000000000000000000001000000000000001110101000001000001001111000000010000010100000100000001000100000000110010000000001010001000100010000001000000000000000000000000000000100000000010000000001000000000000000000000000000001000001101010001000001
1000000000000100101001000000001100100000100101000000000000010000101100000001000010000000000000000010000010000000000010000010000000000000000001000000000000100000000000100010000000000000000000000000000101000100000001000000000000000010000000001000000000
0000000010000010000101100100000000000000010000000000000010000000010000011000100000000000000000000000000000000001001010000000010000000001001011010000000010000000100011011000010001100000000001001001100000100010001000001111000000000001000000010000001000
0001101000000000101000010000000100000100000001000010000001000010000000100000000000010010000010000000000000000000000110000000010000000100100001000101010000000000110100111010000000000000010000010010000000000101000000001000010000000010000100010000000100
0010000100000000000001000000000011100000010000000010000000001000000111100000001000000010000100100000000000000000001000000000000010000000101100011100000000000000010000000000000000011000000010100010001000010000010110001010000001010001000000001100111000
0000100000000000000001000001101000011001010000000001100000001000100000001000000000000001000000000000100010101000000000000000100000001000010010000000000000000000100000010010000000000000000000101000000001000000000000000001000000000000000001000000000000
1100101000000100000000000000010000000000001000101000000010000000010100000000000010100000001000100110000000000001001000000110000000001000000010000001100000011010000000011000010100000010000011000010001000000000000010001001100000100100000000000000000000
0000000001000010011010100001100010000001100000001000001000000000001001000000100001000000000001000011111000000010000000000100000110000000000010000000001100000000000010001000001010000001010000000000100000000010000000000000001010000010000001100001101000
0001001010000000010000000001000000000000100000000000000000001100001000000000010100010000000000100110000000000010010000010000000001000000010000000001100000000000000000000000000100100000000010000100000000101000001000101001000000000010000000000000000001
0001000000000000000000010010000010000000000000000000000000000001000010001000000000000000001000000000000000001001110000000010010001010001000010000101001000000001000001000000000100001001000001001000100000000001010000000000010110010011000001000000000000
0000010000000100001110000001000000010000000000000000010001000100010000000100000000001101100000000001000110000000000000000000000000000100000000100100000000000100000011000000000000010000000010000100000010001010010000000100100001010000000011100001000001
0000000000010010000000000000000000000000100000000000110000000001000010100000000000000000000001100000010100000000000100000000100000000011000000000010000000000000000001010010100000001011000000101000000000000000000000000100001001000000000001100001000000
0000100000001010000000000000000000000000000000000001000000100000000000100000001000010001000000000000000000001000000000010010000000100010010000000000000010001000000100000000000000000001000000001000000000000010000010000000010001001010000000000000000000
1011100000000001000000000000000100100000000000000000000000000000000000000001000000000010000100000000000000000100000000001000000000000101000110000101000000000100000000000000000000100000101100001000000000000101101011110000000011000100001000101000001000
0000000000000000110100011100000001000000000001010000000000000100000000000000010000000000100100110100100000001000000001000001110010001010100000000001000000000000010010100000000000010000010011000000000010000000000000000000001000010000000000000110100000
0000000010010000110010000010010010000000100110100110010000000000011000000000001000110001000000000001001000100000000001010000010000000000010000000000000010010000000100000000000000000010000000000100010000000000000001010000000111100010001000000011100100
0001000000000001001000000000001000110000000000101000000010110000100110001000000100000000000000000000000011000100100000100000000101000000000000100000000001000000001100100000000000000010000000001000000000000001001000010000000000110000100000000000100001
1000000000001000000010000000000000001100000000000010000100000100000000000011000001010000001000010001000001100001000100100000001111000001010000000000000001100000000000000000000010100101000000100000010000000000010000100100001000011000000100010000000000
1000000000000100000000100011000010000000110001010100000010010000000000000100000010000000000001000000000000000001000000000000011010100000000000000000001000000000001000000000100000010100000001010010000000010000101000010101000000000010010000010000001000
0000000000001000001000000000000000000000000000000001000000000001000000000000000000000100000001001011000001000110001000000000000100100000000000000000000000001000110000000000000001000000000100000000000000001001010000101100000000000000000000001000000110
1000000001001010010000000010001100000010000000100000100100001000000000000011001110000001000000000010000100000000000010000000100000000000000000001000000000001010000000100010000001000000000000100000000000010000100010000011010100100000000100000000000000
0110100110000000000000000000010100000000000001001010000010000000001000000000100000000001000010000000000000000000000010100010000000000100000000000000010010001100000000000000000000100000000000001010010000000001010010010000000000010000000000111001100000
0000000011000000000000000000001000000000000001000100000100000010010000010000100000000000011000010000010000010000000000001100000001000000000001000010010010000000000000001011000000011100000000001000000000000000000000000000000000100000000100000000001000
0000100000000000101100000010011000001000101000000111000000000000101100001110000000000000000000100010000001000000010100000000101110000000010001110001000001000000010000001100100110000000000000000000001010110011100000000000000000000000010010000000011010
0000111010000000000000101000000001010000000000100000010100000000001001000000010010010100000000001000001000100000000000000001010000000000000001000000000101100000000001000000000000011000001011000010100000000010100000000000000000100000000000001000001000
0000100000000100000000000000000000000001000000000000000010101000000100100000110000000000000000101110010100000100110010000000000001010010000010000001100000000000000101010000000000000010001100000000010000010001000000010100000000000000010100010000110010
0000000000000000000000000010000000000001010000000010010101000100000100000101100000000000100000001000001001000001000001000000000010011000000110010100010000000000000000000010000000100000000000000010000000010000000000100001000000001000000000110100000111
0000100011010001000000010000001100000010000100010000001000010111000100000000000100010011000000100000000011000100100000000010110000000000100110000000000010000000000000000100100000000000000000010000000000000010010000000001000000001000000011000000000000
0010001100001000000010000000000000000000000000011000010000100000000110000001010010011000100000000000100010000001000000000001000010000000000001010100000000010001000010000010010001000000000001110000001000100000001010000100101000000000000000000100010001
0000011000000000000000000100000000000001111000010000000000010100000110000000100000000000000001000000001000001010100100000000010000100000000000010100010000101011001001000101001000010100001000000101000000000000000000000001000000001000000000011000001101
0001010000000010000000000100010000000011000000100000101000000100000001000000100010000000000000010000000000000000000000000000000001011001010010000000000000000010000000000000000100000010000000000010100000010011010010001000000000100000000000001100000000
0000100000100000000000000000001010000000100000010101000001000000010101000000000101000000000000000100001000000000110100100100001100100000001001000000010010000001100010011100000000010101000000000001000100010000100000000011000000000000100000101010001100
0010000001010000000000000010100000011000000001000100000001101000000001001010000000100101000000001000001000000010000000000100000001000000101000000001000100010000000010101000100000010010000001000110100100000100010000011001000101000010010110000000000000
0000000001010001000000100000001110000000010001001001010101000000000101001010000110101000000000100010001000000011000010110001101101100000000000000100000000100000000100000001010000100000010000000000000000000000101011100000001000001000000000010100111000
0000000000000000000000000010010000000000000000011000010100100000010000000100000101000000000111000010000001000000100000001100000000110001001000000000100000100000000000110001010000001000100000000010100000000000000010010010111010000000001010000000001000
0000000000101000000100000000000000000101010000000000011100000000010000000100011110010000000010000100000000000000001000001000000000010000000100000000000100010001000010000010000000011100000001001111000010000000001000100000010100110000000000000000000010
0000100000010000100010110010000010000000000010100010100010100010000000000000001010001000000011011000000000001000100000000000000000000001001000000000100000000101000010001000101101000000000000001101001100000000010011000000001001000000000000000000100000
0000000100001100000000101000000000100010000001001100001000000000100010000000000010000000000110001000000000001000100001011000001000000000100000000000000100000100111010000000100100001001100010000100000010000001100001100010001001010001000100001000100000
0000000010100000001001000001000000000000000100000000000001010010000000001010000000000000000001001010100000000001010000000000000010100000001000001100100000111010000100010000000011000001000000000100000110000010000000000000100001000100001100000000000001
0000100000010000000000011000110000000000010001000000000001000001000001100100000001000000001110001001000001100100100000000110000100001000010000000000100100010101000000001000000000000000110000000000100000000000000010000110000100000100001011010000000010
1001000010100010000000000000000001000000001000100000000001000000001000001000000000001000100000011000100100001010000010100000001000000010000000100110001100000000000100000000000111000000100001010000000000000000000000010000000000000000000001010000010000
0000000000110000000000010000011010010011000010001000000001010000000001000001001100000000000000110000110000000000110000000000000000010001010000000010000011001000100011000000010000000000000000000000000000000010001000000010100000000000000000000000110100
0000000100000000000100001000000000100010000011100000000100000100100000000000000100010001000110000000101010000000000000001000100000000001000100000100000110000001000000001000010100000000010000000000000000000000100000001000010010000100010010010000001000
0000000000000000110101100000000000000001000000000000000010000000000000000000110010000001000101100000001001010000111000000000001000010000000001010000000000000001000000000011101010000100000111000000001100000000000010001000000000000000000000000000000001
0000010000011010000010000010000011000000000100100001000001000000000000000000000000001000100000000101000100000011000000010000100010000100001010001011010000000000100000000000000001000000000010000100010010011000000000110001100000000000010000000001000000
0000001000011000001000000000010010000100000000000010000000100000001000000100010010000000000100000010000000000000000001000000010000000000000000000001110001000010001010100100000000100001001000100100000000000000110000000000100000001000000000000101000000
1000000010000000000011101000000000000000010000000101000000100000000100000000011000000010011000110000101000000000000001000100010000000000000000110000000000010010000001100110000000000000000000010010101001010000000100000010000010010010000000111000000000
0000000000000000000000010000000010000000000000010010000000000100010001001000000000110001000000001001110000000001100000000001100001000001100000100010000011000010100000000100001000000000010000000000001000000000000000000001000000000010000100000010000000
0010000001011010000010000100101000000000000010000010000100000010000000000000100000000000000100000100100000000000000001100001000000000000001000010100110000000000000010110001001100000001000010001000000000000000001001000001000100100100000100000000000010
0000000010100010000110000000010000000010000000000000000000100000000000001101000000000001000001000000010100000011000000000111001001000000100000000000001000000100000000000000000010000000010000000100100010100010000000010010000000000001000100000100000000
0000001000101001001000010000000101000000000000101000001001000000010100000000000011101000000000000000001100110000000000000001000110000000001101000000000000000000000000000000000000110110000100101000010000110000100010000000111001000100100001000010000000
0100000000101000000100000001001010000000001010000000000000001000000010000000101000000011001001010001000000000100010010101100000000000110000000000000010000000001100101000100000010100000000000110001001010100001000000000000010010000000011000001000000000
0000000000100010000000000000000100000000000001000000000001001100000000000000000100100000000100000000010001100000000001100100000000000001000001010000100101000000100000000001000100000001000010000100110000000000100000100000110110000000000100010000000010
1000000000001000000000100110010000000011000000010000000101100010000000010000000000000000000000000000000001000001100001000100000000000010000000000000100110000001000000001100010000000000010001000000000010000001001101000000001000000000001000000010000011
0000000111000000000100000010110010000000000000000001001010001000000010000000000000000000010001000111000001000000100000000101000001000000010000000100100001010010000000100000101001000000001000001100100000000000000100010000010010000010100010000000110000
0000100000000000000000000010000001000100000000010100010000000000100001010011001000011000000001000000000010011101000011010100000000000000000000000000000100000000100000100000000000000000001100000000000000000101000100000000000010100000000000100101000000
1000010000000000100000011000001000100000000000000000100001010001101000000001000100000100000000100000000000000100001001000000000000001110001000000100000000000001100010000001010000000000000000100100010000000010000000000001000000100101000000010001000000
0010000001000100010000010100010000100100000010000000001100000100000000000000000000000000000001000000011000000000001000010000000100010011000000000001000000000000000000000000000000001100001000101001101000100001010001000000001000010000000100000001000000
0010000000010000000000000001000000100000101000100000000000000000100100000010100100000010000000000000000101100000010010000010110000000100000100000001010000000000000000000101011010100000000000000000000110001100000000100010000001000000100001000001010000
0100010000100000000100001100001100110000100001010000100000100100010000010000000000000000010000100100000010000001001000000000001000000000010110000000100010000000000000000000000100000100000000000011001000010000000010010000000000100000000000000100010010
0000000100000100000000000000000100011001100010010100001000101000000000001010010001000000010010010010000000000000000000000010100000000000001100011100000100100000000000000100000000010100100000010010000000100000001000000001000101000001100000001000000000
0100101000011100000000100000000001000000100000100100100010110000110000001000100100001001000100000010000100001011000010000000001000000001000000000100000000000000010000001000000000100010000000010000100000111000000010001000110000000001000101100000001000
0100001001000000011001101010100000000100000110100000010000000010000011000000001000100100000011100101000011100000000000100000000001000010000000000000000000000000000010010100001000000100000000000000001000000100110000001000010100000010011000000001000000
0000000101101001000001000000000000100000000000000010010010010000100010000000101101100000001100100000000000101000000000010100000101100100010100010000010000000100000100000000010000000000000001100000000000000000000000000000000110000000000000111000000001
1100001000101000000001100000001000101000000100100100000000100001000000000001001111001001000000000100001000010000101000101001000000000001001100000000010000000000000001000000100100000001100010000010000000000000000010000010000000000000000000000000100000
1000000000000000000110000000000000100001000001000000000000001000100000000000000010000000000000000000000010000000000010000010000001000010000000010000000000000000000000001000010011001111000000000000000000001100000000000010000000000001000100100000011000
0000000000001000100001000000101000000000010000000100000011000000011000011010011001000000001000010001000000001000000000000010010001010100000000000100000101110001000001000000000000000000001000010000001010000010100010000000100000101000000010001010010000
1100000000000100000100000100000000000010000000000001000000000000000010000000001000000001011000000100101100000000000100001000010000010100000001000000001000000000001000000000111001000000000100000010001000000000100000100000000000010000000000000001001001
0000100000100100000001100000000000000000000100000001000000000000000000011010100000000000000000011000001000000001001000000000001010000011011000001000000000001001100000000001000010000000000000100100100001001000000010000001000000000000000000000000000000
0000000001000100000100100010000010000000000011010000000000001100000001000000010000000010000000100000000000010010000100100011000010000100000000000000000001000000001100000000000010000000000000000010100001011110000010000000010000000000000001010100000100
1001000000001000000001000010110000010000001000001011000100100000000010001000000011001110011001000000001010000001000001000000100000100000010011000001000100000000100000001000001001000000000010110001000000000011011010100000110000000000001000000110000000
0001000000000101100000000000100001001010001001011011100000010001000000000000000000100000000001001000000000000000010010001010010000000000100100100000000000000000000000001100001000000000010001000000000000000000000010100100100000010000110011000000100001
0000101001000001100001000000000100000001110000000100000000000000000010010000000000011000000000000100100100000011000000000000110000000000000000000010000100010110000000100101000000000000000010101000001000100100100000000100001100110000000000010000100000
0100010000000100100000001000000000100000000000000011100000000001100000001000001010000000000000000000000010000001000000000000010000000001100000010010000000000010001001000010010000001000000010110000010100101100000000000001000000000000000000100000000101
0000010100011000100100010000000000000000000000000000000100000000000010010001100010100001000100001000010100000000000010000000000000000100001000010001000010100000011000000000000000000011010001000010100000000000010000000100000000001000000000001000010001
0001000000000000101000000000000000000000000001000010000000000010011000010000101000010010000010100000000000000100000010000000000000000001000000001001000000000000010000011000100000000000000000001001000001100100000000000000001100000000000001011000001010
0000001000010000100001000000010000000001010000000000000000000010100000010000000000100001010101000010100100000000100001101000000000000111000000000000000000010101010011000100000000000000011010000010000000000000000100100010100001000010100010010001000100
0000000000000000000000000001000000100000010011000000100000000000001001000000000101001000000001000101100000110000100100000000000111010000010000000010000100010000000100000011000000000000001000000000000000000010000010100100001000000000000000001100000011
0001000000000100000000000100000000001000000000100000010000000000100000110010000000000101010000101000010000000000011000000100001000000000100001000000000100100001000101100010000100000100000000100011100011000100000000000000000000010100000000100000000011
0100000000000001000010000100100001000110000000000001100110000000000000010000000000000010100000010000000010000000000000000010010100000000001000100000000000000000001000110100000000000000001100010001000000001001100100000001000000000000001010001000000010
0011000010000000000001000000001001001100000001110011000000001000000000001000000000001010001000000000001010000100000001010000100101100000010000100101000010010000000010000000100000000100000000000000001001010100010000010000000000000111000000000000000000
1000000110000010000000000000001110000011000010100000000011101000000100000100001000010000001000010000000000000100011000000000010010100000010000100000000110000000000100100001001100110100010100000001000000000011010000000000000110100010000000000001110101
0000000010000100000000000001000000100001010001000000001000000010000000001001000110100110101000100100000011000000100010000000010100000000000000000001000000001000010100001000001100000000001000000000100100001000000001000000000110000010000000001010010110
0000001000000000000001110110101000000000000010000100000000000000000000001010000010000000000000000100110000000000000000000000000010000000000000000000010101000000000110101000001010000000000000011000011000110100000000000010100010000000000011100010010100
0000000001010000100000100000000000001011000110110000000011010010000100100001000000000001000000000000100001000000000001000000000000001000000000010000000010000000000000000000000010010000100101000000000000000100000000001000010100000000000110001000000011
0010001000001000000000000000100010000001010110000000100000100000000001001000000000000001101000000000000100000000100000000000000000000000000001000000000110010000100100000000110000000100000000000010010000000000000011000000010000000100000000000110000100
1000100011000000000000000000010000100000011100010001000000000100000100000010000010001100000001100010100000000000000000000110100000001010000000000000001000010000100000000000000000100100000100000000000000000001001000000100000000011011000001100000100000
0000001000001000000000000000000001000001000000000010000000011000000000000000000010000000000000000100010010000001000000000001000000000000000000100000000000000001100000000000100001001100000100000000000001000000100000001000000000001100001010000000000000
0100001110000010000000100000101001000000010000001100000000110000000000000000010000001000000100000000000000000001000001000100010000000000101000001001010000000000101000100000001010000100100001100101001000001000000100000000011000000100000000000001101000
0101000000000000010100000000000010000010000001000000011000011000100000010000100000000000001000010000001000000000100000100000000011001110000000010000001010001001000000011000000001000000001000000001010010000100100100000000000001010100000010000000000000
0101001000001000000000100000000000101000000011000000000100000100000001000000000001000000001010000000100000010000001000000000000000000010000000000000001000000000000000010000000010000000000010000000000000000000000001110000000000001001000001100000101000
0000000000100000001010100000000100100000000000000000000000101001000100000000010010010011100011000100000000000000000000000000000010000000000001001000000100000000110100010000000001000000000010000000011000000000000000010100000000101000101000001010000000
1011000000000000000000011000000000010000011000110000000010001010010111100000110100000000000110000000110101010100100000000100000010010000001000010000000000011000100000101001001001000000000110010000001000001000100000101000110100011100001000000000100001
1000010000010001010001000000000000000000000000100111000000001000000010000001000100010000000001110000100000000000000000011001000000001010000000000000000001000000000010000010010010000101000000100000000000000000001010001011000100010010000000100010100000
0000000011000000000000000100001000000000001001010000000000000000001000001001000000000000000000110000001000000010001101000000100100010000000000000000100000001001000001000000010001000000000000000000000010000000010000000010100000000000001001001000000001
0010000000000000000010100001000100000001010000000000110001001011001000000000000000000000000011000000000100000100100001010010010100000001001011000000000000001100010000010000100000000000000001000000010010000000100001000010100000000000001001100000000000
0000000000000010000100000000000010000000001100001000000000000001000000010000001101000000000000110000000000000010000000011001100001000001000000000011000001100001010100001000000000000100010000000000000000100111001100000100000000010000100000001001100000
1001010100100000010000000000001000001000000001010010000000000000010000100010000100000000000101100000110000000100000000000010100000010011010000001100110110001000000000000110000100000000100000010000000100000000000100000010000000000100110000000001111000
0000000000001001000000000000000100000001010000000100001010000000010010000110000000100001000000000000000000000111010011000110100010000101010001001000000000000000100100100010100010000100000001000001000000100010010010000000000000000000000100000000000010
0110010101001000000000010000000010110000000000000010000000110000010000100110000000100010001100000000001001100000000010010000000000011001000110000000010010000000000000000000000000000000000000001001000000000001000101000000100000000000100000000010000000
0000101000000000000001000010000000100101000001000001000000000011100000001010000001100000100010110110100000010000010000000101001000010000001110000110000000000000000100001000000000000001000000010001001000000000000100000000100001011010011010000000000000
0010000110010000100000110011000100000000100000000110001011000000000010100000000001000010001010000000010000001000000001000000000000000000001010001001000000000000000000000001100000000000000011000010100010010001010000000000000000000000100000000000000000
0000000000000001000000100000000000000000001100100000000000000000001000000010000010100000000010010000101100000101000010000100000100100001000000100000000000100000001000010000000000110100000100000001000000000010000100100000000000001010000000000000000000
0100010011000100011100110010000010000001000100000110011000000000001000000000000000000000100001000000000000100000000000011000000000101010100001000000001000000101001000000000100000000100000000000000000000000000010101110001010000000000100010001000100100
1001010000100000000001100000000000000000000000000000000000000010001000000000001010010100101000000000010000010001000000100000000100000000000000100000000000000100000100000101000000000000000000000000011001100100000100001000000001100000000001000010000000
0000000001000000000000000010000000100001000000000000001001000000000000001000000000001000001100100000001010000000001100000000000000000000110000000100010101001001010000000000010000101100001000101000000111010000010100000000000011000000010000000001000100
0100000101000001000000010000000000001100100000000000010000000000000010000000000110011100000000000000100010100000100000001000100000000000100010000001000000000000000010001000000000000000000000000001000000001001000100101000000100000001000000010001110000
0100000101010000000011000000001000001001001000000000001000000000001001000100000000011000000000000000000001100000000000000000000101001000000110000010000000001011000000000000000001000000000001000000001000000100000010000000100000010000000011000000000000
0100000000000000000000001001000010001010000000100001001000010000101000000100000000100000001100011000010000000011010000101000010010000000000100000000010001000010000000010010001010000000000000100001001110101000000000000001110000000000000000010100100000
1001101000000000100000000001000000000000001000100000100000010000000000110001011000001000000000000100000000000010001000110100000000000000101000000001010000001000000000010001100000000001001100000000101000000000001001001100000000000010000001100000000001
0100100000010000001000000000100000000010010000001100000010000000000000000000000001000001000000000001110010000000001000010000000100001100100000000000001000000100001000000000100001101100000000001000101000000010010000001010000100000010000000000000000000
0000000000100100000100000000000100010100000000000000101000100001100000000000000001011000000000010010001000100000001010010000000100100000000000000000000000000000000000000000010000000001011000100101000000000000101000000010000010000010000000010000001000
0000010100011001000000110000011000000001000000100000011000001000000010010000010000000101000010100001100001010000010010000100100000000000001000000000010000000000000100000000000001000000000000011011110000010000010001010000000100000000011000000001000010
0001010000000011011000100001000001000010010010000000000010000100000000000001010000000000000110000000010001000000010111000010010000100010000111000101010000010011000101001000011000100001000100000001000000000000000000000000100000000011010000000000001000
0000000000000000000100000001000000001000000000000000100000000010000000100010000010000000000000000000100000001110000100000000001000010100000010000000000000000100010000000100100000000000011100000000000000001000000000000100010000001100100001001100001000
0110000000000000101000001000000001000000000000010000000000000000000100000000000000100010010100000001000000000000000000101000010001000010000000000010001000001100100110100000000000000010000010000000000010000000000010011110000000110000000000010000000100
1000010000000000000001100000000000000000000000000000000000000001010010000100001000000000000000001010010000000000001110001000100100100000000101000000000000000001000000011000100000000001000010000010000001000000000000000000001010000010000000000001000010
0000000000011000000101000001000000100000000000000000110000000100000000000000010001000000000000010010000100000100011001000100000000000100000000000001000001100100010000010010000000000000110000000000000010000000000100011000000010000000000011000001010100
0000010000001110100000100000001001001000000001000000010000000000010100101100000000000111100000000100000010011000100000000010000101000000000010000001000000001100000010010000010000000001000000100000100001001000001000100100000000100010000000011000011010
1000000000000000101000000111000000011000001001100010100100010000010000100010010000000000010000000100000100011000001000000100010000000100000010000000001000000000000000000100000100000000001010000000000000000000011000101100000000000000000000000000000100
0000010000001000000000100101100000000000000000000100110000010011000000000111000000000100000000010000100100001010000010000100001000000001000101110000000000010000000100000000010100101000000101010000101001000000010000001000000000000000001001011000100010
1000000001000100001100100000000000010001000101000000010000001001000000000100000100000000110001000000000000000100000010001000100000000001000000000100100000011000000100001000010000000010010100001000000000010010000011101000100000010100001000000000101000
0010000000100000000000100000000000000010100000000000000000000010001100000010000100000001100010010100110001000000000001000110101001000000010000000000000000100000101110100000000001001000000100000000000001010010001011000100100001000000010000000100100000
0110000100000000000000000000000000010000001010000000101100000001000010010000000000000000000001001000010100000000000100000010000000000101000000100110010011000000000110000000100000001000000010000011000000000101000000000000001001000010011000100001001000
1000100100000000010000000000000101001000010100100010100000000000000010000010000001001100000000001000001000000000000100000001000100010000111000000000000010010000000000101010001001000010000000000000000000001010000010000100001000000001010100001000100000
0000000000000000000010000000000000010000000000011010000000000000000000000000001000011010001000000000000010010000000000000100000000000001000111000000000000000010000000000000100000000000010000000000000000000000000000000100000000001000000000010100000000
0001000101000000000100000000000000000000000100000010001001000001100000100100000000000000010000101100100100000010000100000000000000000000000000000001000000001001000000101101000010100000000000000000100000000000000001000000101001010000000010000010111010
0000000010100110000001010000001001000000110100010000000010010000001000000010000001000000000000111000000101100000100000001000011010001000000000000011000000100010100000000000001010001100100100000000000000000010000000010000000000000000110000000000001000
1110000001000000001001000100011000000010000000100010001000000001110001010001000000000001100000001000000001000110011010011001000101010000000000000011000000000100010000000100001000000001000010000010000000001101010000001010010010010001000000010011000000
1000000000000100000000000010000001000010000010000000100000010000100000110000001000100011000110000101000000010000000010010000000000000000011000000100000000100001000110000000010001010100000010000000010000000000000001010000001010000000000000000000010000
0000110000000100000000000000000110000011000100000000001000000000100000000000101000001000000110000000010000000000000000101000100000000000110000000001001010000001000100000010000100010000100010001100000000000000000000010010100000010000010100000011000100
1000000000010011010000010111001001110001001001000000000000000000000100000010000000010100000000000001100000011100001010000001000000000000000000010000001010000000000000000000000000100000010000000000000000100001000001011110000000110000000000010000000100
0001000001000000011100000000010000110000010000101000000000000000100000010100000000000000010000000000000000010000001000000000001000010100000000001100010000000000000100000000000000000010000000000010110000000000000000000000000000100000000001000011000000
0000000000000000010010000000100000000000010000000000000000000000000010010000000000011010000000010000000000000000000010100010000000001000000000000100011000001100001000100010100000001000000000100000100000101000000000000011000000100001010111000000000000
1000001000000010000000100000000100000100100000001001010000000000000010000001001010000000000000000000000000100000010101100000110100000010010110000101100000011000000000000000000000010000000000000010001010101000000011001000000000000010000000000100000110
1000010000000000100000000001011000000000100001010110000000100001000001001000000000000110000000010010000000100000000000000001001000000000000000000001001000000100000000100000000100000010000000000001010000000001100011001000000000000010001000000000001000
0010000000000000000111000000001000001000000000000000010001001001000000100000000000000000000000010010101000100000000000000000001001000000000100110001001000000000000000000011000000001100000001000001100000010000100000000000010000000000000000001100000000
0000001000000100000001111001000000110010000010000000010000001000000110010001010000100000000100000001000101000000100000010000000100000100000000000010010000000001000001100000010010100010010100000000000010011001001100010000000111101000000000000000101100
0011000000000000100000100010000100000001000001000000001000100010000000000001000001000000000000010000000000000100000100000000000000000000001001000100100000000010000001100100000000000000000000000000000000000000000100000001100000001010110000000000101000
0100011010100010001000000000010010000000000000100100010001101000000000000001001010100100010010100000010011000001000000010000000000100000011000000001001001000010000100000000000000100000000100000000000000001010000000000000000000000100100001000000001010
0100000010101001000000000000001010100000001000100000000000000000000000000000000000000100000000000000110000010000000010110010000100000100000000000010001011011100000100001000100000000000000000000000000001010000001000000000100000000000010000001000000000
0000000000100000000000000011000000000010001010000000000001001000000000000110000000000000000100000000000100000000001000000000011010100000000000000000001100000000000001011000000001000000001011000001000000000000100000000000000000010000000000010000001010
116 109
195 54
