250 250
1000000000000000010001000000000000010000101000000000010010010100010100000010000100000000000000010000000000000000000000100000100000000000000010000001000001000100000000000010000010000000000100000010000000000000100000010100000010000011000000001000000001
0000000100100000010000000001001000000000011000100000001000000000001000011000000000000000000000000010000000010000000101000010000001011101010100101000000000001000000000000101000000000000010010001010001001000010110000000100010000001000000000000000000000
0000000000000100000001000101000000000000000000010001001111000010001100000100000000000000000100000000010000010000101100001110001000000000100000000100000010001001000000100000000000001000001010000100010000100011011000000001000010000000010001000000010101
0000000001000110101100100100100110110000010000000000100001110000000000000000000000000000000100010000000000010000000010000000000001000000000000001000000001100000000000010000001001001000000010010101001001000000000000100000010101000010001000000011000001
0010000000110001101001000000000000000010100000000010000000000001000000101010010000000000000000100000000000010000000000000010100000000010010000001000000000000000000101010000000000010100010000000000000000010010000000000001000000010000000010000000000010
0101000000000000000001100000110010000000000000000000000000000000000100001000011100000100010000001100010000010010000001010100000000010000101000000000000000001000000110000010010100000000000000000010000000001000000000000100100000000000000100010101000001
0000001000000100001001010010000100100000000000000000100011000000100000000000011000100010010000000000000100000000000000000000101000100000010000000000010001001000000010100001000000100000000001100000000010000010100000000100000100100010000000000110100000
0000000000000001100000001000000000000000100001000010000001001000001010010011000110001000000001000100001000011100000000010000100000001011001100000001000100000010001000001000001000000100010100000010001010010000000000010000000000000000010010001000000100
0001110000000110010100110000000110000000000000000100000001001010000001000010101000010000000010000000000100001000011000100000011001010001100000010010100000001000000001010001000000100000010000000000000000000000000100000100000000010110000001000010000000
0000000000000000001010000000001000001000001000000101000000000000001000000010001010000000010000100010000010000000001001000010000000000000000000000001100100000000001000000010100000000000100001000100000010000001001001000000000000000110011010010100000010
0010000010001010100000000110000010000000100001000000000000000100100000000100000001000001000000000000010011000010001100000000010100001000000000000000001000010000000000100100010100000000000000000000010101000000000110000100000000000000100000000000000000
1000000001010001100001000000000001000100000100000000010011100000000000010000000000100100000000001010000000001100000000101100000000100000000010000000000001011000001000000000100000100001100010001001000000001000000000011000100000010011001011001000001000
0000000000010000000000100011000100010100100000000000000000000000001000000000010000001000000000100000100100000000000000000000000100010000000001000000100000010010000010000010100000000000000100000000100111000000100010000010100000000001000000000011001000
0000000000000101100000000100000001001000000100010100001000101000100000001100000100000001100000101001000000001000101100000000000000010000110111000100000000000001000000000000000000011000000000000000000100000001000000001000100010000001001011001100000000
1100010100000001000001000000101000010000000000100100000000000001110100001000000000000000100000000000000000000100001100000001000000011001000001001100010000000000101100000000000000000000000000000000000000000110000000000000000001001000000000100100000100
0010101000100101100001100000000101011000000000011000000001000010100000001000000010001100000101000000000010000000010000000001000000000000000000000000010000000000000000011000000101000001101010001001001000000000000010001001000000000000000010100100000001
0011000000000000001111000000111000000000000001000100001000001010001000000011100000000001001001010100011000010000000000000000000000000000000001110001000010000010001010100000100100000000001001111000110000000000010000000000000100000000000100000101000101
1100001000000000100000000000001010000000001100100110000101000000010000000010001000000010100000001000000100000101000000110100001000000000000001000000010000000101000000000000000000010000001000010001000110001010101010010000000000010000010000010100100001
0100000100000000000000010000000000000000000000000011000100000000000000100001000000010000000000001000010100010001000000001010001000000001100100010000100010000000000000011100100000000001000000001100001000000100000001001000000000110001000010100000000010
1000000000001100000000001100100001000010100100011001000000001001000110001000010000010000000100100000000010100000010010100010001000001000010000000110000000000001010000000000000000001000000000010000000001000000000000011000001000000101000000100001000000
0000000000000000010000000000000000001001000000000001001000010100000000000001000100000000010101000000000001100000001000000000001001010010000000000000010100010000000100000000000010001000000000110000000000000000000001000000000000000000100010100000000010
1000001010000000000000000000001100000000000001000010000000101001000010011000000000000001000000000010000000000000000000010001001000000001000001001100000001000100000000110100000100000000000000001001000000000100000010100000100010100000000110000010100110
0001100000000001000000100000100000001001000000011010001000000000100000000010000010000001000100010001001100010000000000101000000001001100000000001001000101000000000000000001000010000000000110110000000000000010010000100000000000001000000000100011000100
0010000000010000001000100110000000000000010001000000111000000001000000000000011100001000000000000100110000000010000100010000000000000001001110000000000001100000000001000000000100010001110000000000000000000000000000000000100010000100010000000000000000
1000100010001000000000000000000000100010001100000111001000010100001000000000000100010100000000001000110000001000000000010000000001000010100000100100110000000100000001000100001000010010000000010111000001000000000000001000010010000010000001000000101010
0100000001001001000100100000000100000011000010111000001000000010000000011001111000000000100010010000000000000000000000000010000101001110001001110000010001000000100000000000000000001101000000100000000000000100000000100001000100100000000000000100000000
0000001000000001001000010000000000000000000000000010100000100001000100000000000000000011100000000000100000000100001100101000110000100000010000100010010000000010100010011000000000000000000000100000000000010001000000100000000001000000101000100100010000
0000100000110001000000000001000100001010101000000000001000100000000100110000000010101000010000000000000000100001000100000100000011001000100000100000100000001000000000100101000001110000001000000010010000000000000010100000001000110000000100010100000010
0000010000000100000100000000000000000000000000000001000000000101000010000100000000000000000000001000000010001000010110000000100000000000100000110000000001000000100001000110000000000000001000001011000011100010100010000000000000000100000000010110000000
0001110001000000011000000000000000000000000100000000100010001010000100000001010000000000000000000001100000001001001000000110000101000000010100000000001010000000000010000000000000100000100010110001000000111001000000000000001100110010101000000000010000
0001000000100001101000000000000011000000000001001000010100001110000000000000001000010000000000000000000000010000100001000010100010101101000010010001000000100000000000000001000010000000001001001000100000000000000000000000000010000010000000000010000100
0000000000000000000010000100000000010001010000010010100000000000000000000000000000000100010000000100000100110011000000000000000100000000000000000000011000010000000100100000100001000000100000000000001001101000000000000001000000000001000010000100000000
1110100100000100000000010001001100000101000111000100000011001011000000010000001000100010000011000000000000100011000000000000000000100000000000000000000010010000000000000001000000010100000010000001010011000100010001110001100100000000000000001000000000
1000000001011000101001000000000000000100001000000000010000000000000010001001000000000101000000000001000100010000010000010000000000000000000000000000000000010100100000010001000000000000000000000001010000000100000000000000100000001010000001000000000011
0000000000100000000100000100110000000000000101000000000000000000100000000100000110000010000001000010000000000110000100000000000000001010100101000000001100000101000000011010000101000001000011000000010000000001010101001000110000000100000000000010001100
0000000100000011000000001000010001000011000001000000010001000000110000000000010010001010000000000000000001000000000000110000000010000000000000000100000000000001000000000000100000000000000001000000001000000000100010000000000001000000010000001000010010
1000000000000000000000000101001100001000000010000100000100010000011000000000000001000010001000000001010000010000100000010000010000000000001000001000000110000000000000000000100000000010000000100001000100000010000000010000100010000000000100001000100100
0010100001001000000010001000000000100000000000001010000000000000010110001000100000101000000000000000110000000000100000110010000010000010010000000000000100000000110000000000000000010010010000001010000100001000000000001000001000000000100000011101000000
0010000100001010100010000010000000000001010100000001000000000000011010000010101000001000001010000000100010000010000100001000000100100001000000001000001000000101000000010110000100011000000000001010001000000010000100000100000000001010100010110000100000
0010000000000100001001010010000100000000000010000000000100001000000100100010000000000100001000101011000100000010000000000000000010001100000110000001001000100010001000000100000010000000100000100010000000000000001000010000100000001000000000100000000010
0000000000000100001010001000101000000010000000000000100000000001110000000001000001000000101100000010000010001110000101100100100001100100000111101001110000001001100000000000110010010010000001000000000000100000010000000000000100001000000001000010001000
0000000010000100000010100000010000000010000000001100000100000000000100000100100100001000101000000010000010001010010000010100000000000110001010100000000010010000000010000000001010000010000001000000001011000000000000101000000100000000000100001100000000
0000000001000001000001010000000000000100000000000000000100100100100000100000000000010100000000001001000000010000000000101000100000010000000101100010100001000000000000000000000000101011001000010000000000000001010000100000000000001010000000000001110000
0000110000001001100000000100100000000000110100000000100010010100010011000000000000000000000100100000000000000000000000000100000010000000000100000000000100000000000000000000001000000000010000011010000100000000100000000100000100001000000101110100010111
0100001100000001100000110001000000001000000010001000010100001000000000101000000111001000000000000000000001000010000000000000000000000000010000000000000011000000001110101010001100100000011100100001000000000100000000001000000000001100011001000001000000
0000000000001010100000000000000100000000000010101000000000111000000000000100000100000100101110110000000000001000001000000100000001001001000000000000100000000010000001000100100000001000000010001000001000100000000000000000000010100000000001000001000000
1001000010000000000101100000001100000000000000000001000000100000010100000000000000100100000000001000000000000000000001000001000100000010010000000000001000000100000010010000000000000000100000100000000000001000000010000000000000000010001011100100000000
0000101000011001000001000001000100000010010000000000100000010000000000001110010000000010000000000001000000000110000000001001100000000101000000000000000000101001100000000010100001000001010001100100000000000010000000100000000000000000000101000000000001
0000100101000100000000000000100000000011000000000000000000101000000001010000000010101000000001001001000000001000001000000110010000000100001010000000100001010000000000001000000101000000000001000110000010101010000000000000101000000100000000100000011000
0101001100110111000000000000001000000000010000010000100000000000010000000000001000001100000100100000100000000000011000000010010001000001010110000100000011000000000011110000000011001000010010001000010000000000100000000110100000000000000000001000000000
0001000000000000000000010000101101001100000010010000000110001000000100000001000000000000110001000001010010000001000000000001000100000000001000100000100000010100000000000000000010001000000110011110000010000000100000000000101000000001010000000000000000
0000000000001000000100000000000000000101001000100000000000000000010001010000110001000000001000000001100001100010000000000100001000100100000000011100110101100100000000000001000000000011000000000000000100001101000100000000000000010000010100000000001000
0001001001001000000000001100000000000000000001000000001000000000000000010000000010000000010000100000000110011100100000000000000000000000011000010110100100000000000000001000000000010000101010000000000000000010000001000010001110000100000010010000000000
0000100100000011110010010000101001000000010000010001000000000000100000100000100001010000010100001000000100010000001000001001011000001001010000011000000000001010100000000000010010000000011000000001000000000000000010100000000000100000000000000000000000
0000001100000101000000100001000000000000000000000000000000000100000010000000000000000000010000000000000011000000000001000000100000011000000001010000000001000101000100000000001000000000100000001000100000001000000100110100010100000000000001000000100000
1000001001000100000010111000000000000000110010111000010011000000000000000000000010001000001100001100000000000000100001000000100000001000000000100000000100010010000000000000100000000010001001000101000000110000010001010000000000100000000010001000100000
0000000000000010000000000000011001000000000000000000100110000110000100000100000000001000001000000000000000101000001000000000000010000000001100010100000010010000000000000010000000001000000000000100000000001000000100100100000000000000000000000000000000
0011000000100101000000001100100100100000000000100000010000000000000001000000100100000000000000100100010100100000000000000000000001100010101000000000000000000100001001000010000000000000000000000010110000010000000000000000000001000100000000000000110101
0101010100000000000000000001000001000000000000000000110000001001000000000001100010010100000100000000010000000011001010010000100001100000000000000000000000101001000001100000000010011000000001000100011000000010000101101100000000010000001000000010000000
1010000010000100001000100110111110000000001010011000000010000000000000010000000000000001000000110000000010010000000001101000011100100000000000000000010110100010100000010001100000001001000000000011000100100000000110000000001000101001000100000011001000
0010000000000000010000000001000000000000000000000000000000000101001000001100000000001010000010010000001000100000100000100000000100010100001000000000000010110100000000100110000010000001000001111001010111000000000000001000000001000001000000011010000010
0000001000100000000010000000101100000000000101010000000000010000000000000000001100110000010000000000000000000000001001000000000001001100001100000000000100000000000000000100000000000000010000000000000011100000000010010000000000110000100000000100000000
0000100000000001100100000011000011000010000100000000000001000010000100010010100010000000001001001000000000110000100000100000000001110010011010100000010000110000000000000000000101000000000000000100001000000000000010100000000000000000000001000000110000
1000101000100000000000000001000000010001000001010001101000000000100100010000000000010001000000000001000100100000000010000010010100100000000000000100000010000100100000000100000000000110000000101010000000000000000010101000000000000000000000000000111000
0100000000000000011000000110000000100100001001001000000000001001000010000000000000000000110000000001010000001000000000100000110100000000010000000000000000010100000010100001000000011000000000000000001000110001001000000000010000000000000000000100000001
0000100001000000010000000000000000000000100000000000001000110000000010000000000000001000000000010011000000000100000000000011000000001000000001001000000000010001000000010001000000010000101010000000001000000000000000000000000001010100100000010000000001
0000100000000000000000000000000100000001000010000000001000000010000000000010100101000011000000010100000000001010000000110000000000000000011000000000000010000100000000010000101001010000000100010000100000001000010000000000010100001000000000000100000000
0110000100010100000000000001000000001001000100110100000000000101000000110000001000101000000001000100000000001000110000100001000000000100000011001000000000000000000000001000000000000000000010010011000000000100110000101100000000000000011100010000010010
0000000000100000001100000010000010010000010010000000000000100000010000000010001000000000000000000010100000001100000000000000000001000001000000000001000000000010100010000001001000000011000110000010011000100100000000000000000000000000010010010000000110
0010000110000010010000010000000000000000000010100000110000100100000000000001000000000000010001010000100100100000010000010000000010000000100000010000000000101010110010100000000000000000000000000000000000010000000000010000100010110001010000000000000000
0000010000000000000000000000000000000010010100111000111000001000001000000000000001001000100100000010000000000000000001010001001000010000001000001000001000100010000010000010100000001010000000000000000100000000000000000000010000000000100101001000000000
0000101000000000000000001100110111100000001101001010000000000000000010101010010000000000100010000000000000000100000001000000000000000000001000000100000000000010000000100001000100100010000000000001000000000000010000000001000001001001100000000000000001
1000100000000000000110000000000000000011000100000101001000001101001010001000000001000000000101000000001000000000000000000100000000000010100000000010010000010010011001000000010010000001001000000000000000010011000000110010100000000100000000000000010000
1100110001000100000000000000001000001000000010100000000000000000000001000010100010001000001000000000100000000000010000000000001000110000000001000000000000000000101100100000000100001000000000000001000001010000100000000001100000100011001000010000100001
0000001000100010100100010000000000011000000000010000000000000001001000000010000110001011000110000100000001000000000000000000001000000000000100000001000100000000000100000000010000000000000010000000010000000000000000001000000000000000000000000011000000
0000000000000000000000000000000100000000010001100000010101011000001000010011101000000000010100000000000110001000000000010100010011010000000000000101011000010000000000000000000100000000000100000100010001011001010000001000001100000011001011010000101100
0011000000000010000000000000000000100000010000000010100000000010001000001000001000000000000100000000000000100000100000010001000001000010000000000001000000001000000010000000100100100000000101011000000000110000000000000000100000000000100000000000000100
0000010000000000000000010000010000010001100000000100000000011100100010000000000100010000101100000000000000010010000010110100101010100000000000000001001000000100000000010010010001000000001001100001000011000001100010000001001000000100000001000000000110
0010101000000000000100100000000000001000000000101001101001000010000000001000000100110110000000000001000011000000000001100000010010010111000000010000010000001000000000000010001000000000000000000000000100000000100000000000100101000000000011000000000100
1000100000100000101000010100000101001001000000000000000010000001000000001100001000000011000000000000010100000000000000001000010000000000000001000000100000001000011001001101000000000100100000100100000000011011100000000000011000000001000001100000000000
0001100110000000000100000001000000000000100000000000100000000010000000000101001100010000000010000000000000000011100000000000000000000000101000000000100000001000101000011000001001000000010000000000000000000000000000000001000000100000000000000000010000
0100011100000000110100000000000000000100000000000000000000000101000100000001001100000000000000000000001100000000000000000100000001001000100010000111000000110010000010010000000010100010000000100101001000110000000010000000000010000000000001001000000000
0100111000000000100000001000100000000000000000010000100011000000000000000001000001100001000010000000000000001110000011101100000000001000000000000000000000010010000000111000000011000010000000100000001110000000001000000000000000000011000010100000010010
0000001000000000000010000011100100101000010100000000010010000100001001000001000000100000000000000000000100000010011111010000100000000001100001000000110000000000101100000000100000000000000001000000010000100000000000000000000010000000000110010000000100
0100000100100100100000000000100010010000010010000000000000011101000000000000000001010000010000100000001010000000100100010000000000000000001000000100000000000001000100000010000000000000101000001000000000000100000000010000110000000000000000000000000001
0000000000000010010000010100000010001000100010001000000110000000000000000001000000000011010000001101000001000000000100010100000000001000000000000010001101000001000010000000000000000000000000100010000000000000000010000000000001001110000100100000000100
0000010000001000000001100000000000000001000000010100100010000000000100000010000001000010001000100111000000000000100000000000000000100000000000001000001010000001000100000000000000000000010110000000000000100000010000000000000001001000000000000000000001
0100000000000000100000010000000000000000100000000000100000010100100001010000000000010001010100000001000000000000000000000000010001000000001000100000100010000000011000000000000010000000000010101000000010001100001000001000000000010000000010000000000000
0000010101001001000000000000000100000100000000000000000000000000000010000000000000000000000000011100000001010010100000000000000000001000000001000001000000001010000010001100000000010000010100000001000001110110001001100001100010000100000000100000010000
0000010000000000001000000000100000010001000010101000000000000100000010000010010010000001000000010000000001010000000000000000001000001101010000000000000000100000000000000011010000010100000000100000000000000000000100001000000000000101000000000011000001
0000000111110000100000000001001000000000101001000000000000100001000101100010010100000001000100000000001000011001000000100000100000000000000001010000000000100000111001000000000010100010000000011110010000000101000000000000010000000100001000000000000100
0000000100010110001001100000000010000001101000001010010001100001100000110100000000000000000000010000000100000000000100000101000000000001000000001000000000001010000011110100000000000000011001000001110100000000000000100000000000000110010000000000000000
0100010000000010001100000000000101001010000001000000000001000000001100000010010000010000001000001100000000000000101000000010001001100000100000011100000010100001000001000011010000000100101010101000000010000000001000100000010000001000001000000010000000
0100100001000000101011000010000010000000000000000100000101000010000000100010001010000100000000000000000110010000000100000000000100000100100000000001000010000000010010000000000100000000000000010000000010000000000010010111000000001001000001100010000000
0000000000100000100001000000000000000100001010000001010000000100010000000100001000000000000010000100000000001000000000000000000000000000000000101100000100000011100100000010000011000000000100000000010000000001000100000110101000100000010000000010110010
0000000100000000100000010000000000000000000000000010010000111000000000010000010001000010100000000010000001000000000000000000000000010000000010000000000000000001000000000001100000011000000000100110101000001000010000100010000100100000000000000001000100
1110001000000001101000000000000010000001000000100010010010001000000010000000100010001000000000000000000000000010000001000010000010000000001000000000000100011100000001000001110000000000010000010100000000100010011000110001000010000000001000000001000000
0000000000001100000010000000010000000001100000000000010000000000001010001000110011100000000010000000000000000000000001000000001000000010000000000100001000100100000000010000000001010000001000000001000000000000000000000000001010000011000001001000000000
0011000000001000100000000100000000100000000001000101000010000000100000001100000000000000000000001000000000000000000010000010000010100000000000000100000000010000000010000000100000010000001000011001000010010001100001000001011000000000000000100100000000
1100000000001000000000000001000000110001100000010001000000000000010000000000000001000000100000000000000000000100100000000000100011001000100000000110010010001000000000001110000100000000000000000101000000011000100001100000000000000000110000010000000010
0111000000000100000000011101110110000000000100100000010001000000000010000000000001010000000001000100000000000001000000110000110000000100110011000111100010100110001010010100000000001010000000010000000000001000000000000000010000001001000000001001000000
0001000000000010000100000100001000000000000011010000000000000000000000000000100000000000001000000100010001100000000000000100000000000010000000000000000000000001001000001000000000100000010000000000010000000111000100000100010000110011000100010000000000
0000000000101100000000000000010000000000110000010000000000000000000000011001100000100000000100000000100100000100010100000000000000100010000101000000000000010001100100100000000000000000010010100000000000010000100001000000010000000000001000000100000000
0100000000000100100010100100000000000001010001010000000000000110000100100010001010100000010000010100101000000000001000000000000000000001000100000000000100000001100001000100000000000100100000000010000000000000000001100001011000000001000000000100000001
0000001000100000011100000000010000011010000010100011001100010000000000000000000000000000011110010100100000000010000000100000000000000000101000100011010001001010001000000000000001100010100100010001101000010110000001000000000000000100101000000110010000
0001001101001001000000001000000000000000000000000000100001101000000000000000000001010000100000000110000000001000101100000000000110100000000000010000000000000000010000000000000000000000000000010000010000001010000000000100000000100100000000000000001010
0000000010100011001000001100000100100000101000100010000000000010000010001000000000000000000010000000000000000001010000010000010100010000001000001000000000000000000011000010010001001000000001001001010000100000000000000110000001010000101000000000000001
0110000001010000000010000000000011001000010000000100010111000000000101101000000001000100001000000000000011000000000010010000001011000000000000101010001001000000000000000100000001001010000000000010011000000011000000000100000001000100000000010000011110
0000000000000001000000000000000000000000000001001001001000001001010010000000000100000010100001000000000000000001000000000011100000001000010000110000001000000001000000001000000100101001000000010010000010000000000010100001001000100000000000010001000001
0000000000000010100000001000000000100000000010010000000100100000000001010000000001010000000100010000000010000000000100000000100000000000100000000000000100000000000001100000100000100000000000000000000001001100000000000100010000000000000100100000010001
1001001001001000000000011001000000000000000000000010000010010000000000000010010010000010000000000000001100000000000000011010010001000001010100000000010001000000110000100010000000010010000000100100001101000100001000000010100000000010000000001000111000
0001000000000001000000100000000000000000110010000000100000100000000000001010110000100000000010010100001001100100000000001000000011010001100100000010000010000000000000000000010001100000000000001100000000010000010100100000000000010001100010001010001001
0000100011000110000000000000100000000001000100010000000000000001000000000000000010000000010010010000100000010000000010101000000000001100100000000001000001000000110000100000000001001001000000000111000000000101100010000101001000000100000100000010110010
0110010000100010000110000000000001100110000000000010010100000001000001000000001000010000101101010000000000000000000000100000000111000001001000000000000000000010010000000000101000010000000000000000001000010001000010000000100001110100010100100000001010
0000000000000000100100010000010000000000000000000001000100000110000000000000000101000000000011000000000000001000011000100010000100000001000000000110010010000110100000010100100000001100000010000010000000000000000000010100000010110010001000100000000000
0000000011010001010010010000000000000000000000000010000000000010100100000000000111001000101000010011000000000000110000010001010000001000100000000000000000001010000001010000000010000000000000000000101001010001010001000001110100000100000000000000100001
0100000001010000000000000000000000000010000000000000000000000000100000000000101100000010000100000010000000010000101000100000000100110000000000000000000010100000100010001000000000000000010000000000000000000000001000010000000000000100010111100110000000
1001000000000000000000000000100000000000000000001010000001011010100100010100001000100010000000000100110000000001000100000011000000001000110000001110000000001010000000001010010000000000001001000010000001000000001100000000000000000000000100001100000100
0000100010000000000100000000100100000010000001100000000010000000000000001001000001000100001011001100001000001100100000000000000001000010000100100100010000010000001000101010000100001000000000110000000010001000110001000000000000000000000001000000000100
0001000001000010000000000100000000000000000111001000000100000010000000101010100000000100100000000010010000010000000100000000010000000010100000010100100010000000000000001000011000000000000001000000011000001000100001000010000000000000000000011000010101
0000001000000000000100000100000000100101010000000000000110001010000010000011001010010100000011000000100000001000001001000010000011110000000000000000000100001000010000000010000000010001010000101000000100000000110000001000100000000000010100000000000001
0001000101000000100000000000010000000000000100100001100000000000000000010100010001000000000000110001000000010101110000110100000000010000000001000000000101000100000010110001001010000010000000001100010001100000000000011011000110001000010010000000010000
0000100100001000010000100001001000000000000001000000011000000000000000010100000000001000000010000000000010000100101000010000011110000000100000000000000000000010010000000101000000001000000000000000000001010100000000000100000011000000000010001100001000
0110000000001000000000001100000000001001001000000000011000000010000000000010001001000000000010000000000000000000000000000000000000011000001100010000100000000001000001000000000100000000100010001000000100100000000110000000001000000100000100100000010000
0000000010001000000000000100001000001100100000000000100000001001000001000000000000010000100100001000101100000000000001100000000000100010000100001001000010001101010000000000000100000000000010000000100000001101000000000100100000000000001010000000000000
0000000100000000100100001000000001000000100000000000000000000001000000000000100101000100010001010010000000000000111000010001000000010000000100000000000001100100000000000000000010000000010000101001000010000101000000000001001000000000000000100000010000
0011001000000000000001000010000010000010000000010000000010000110000001010000000000001000010010001000001100100000001000010100100001000001000000110000001000100000000000000010000100001000100000000000000000001100010010000000001001000000010000000101000011
0000000000000000000000001010000000000010100001000001000000000010000000100010000011000000100100000000000000000000000000000101000001000010000100000110000000011001010100000000000011010010000000000000000000001001100000000000000000000000000000000000000000
0000000000000010000010000000001000000000010111000100100000100000000000000001001000000001000001100001001010000000100000000000000000000100100000010101000110000000100000000000000000000000000001000001000010000010101000000010000000100000000000000000010001
0000000101000000000100001010000001010000000001000010000000010100000100000000110010000010000001000000000000001000000000000000010000000000001000010100000000000010001000010000000000000001100000100000100000000100000010000000011010100000110000000000000000
0011100000000100100010000000001000010000100000000000001010000001000000000000000011000000001000001000010010010100110110000000000000100011000000000100000100000010000010010000101000000110000000100000000110000100000000000000000000011000011010000000100000
0000010000010000100001000000001000000000100001000010000000000000000010000011000000000000000100100000100000000000000001000000110000000010000001000001000000000000110110100000100000100000010000001000000000001100001100010000000010000000101110000000110010
0000000100000000000000001010001000010010000100010101010110000000010000000010000000000000000010001000000000000000000000000000000100100100000001010000001001011000011001010010010100011000001100101000000000000000000000000001000100010100000001101000000000
0100001001000100001000000000000000100000001000001000000000001100000000000000000000001000100001000100000000010000001001000001011101000000100100000000101000000000001001000000110100000000000000000100110101000000100100000000000001000000010000000110000010
0000001000001100011000000000001010110000000000000011000000000000000000000000010000000110000110000000000000010000000001000111010100010001000000100000001000001000010000000100101000000001000001110000000010000000000000000000010000100000000010000000000001
0000000000000000100000000000001001011000101000011001001100000000000100000000000001000000000000001110100100000100100000001100001000000000001010000000001000010001000000001000000000000000000000000000001000000000000000000100000000000100100010000000000011
1001000000001000100100000000001001001000000000001100001010000000010000010010100000000000100000001000000000000000000000000000000000100001000100101001001010010000100000000000101100010000000000110000000010000000000000000010100000000000000100000000000001
0011101000010100000000100000000000000000000110000000000000000000000000100000010000000000000000000000001000000000000101011000000010000000100000101010010100000100001001100000000000000100000000000001100100101010001000010000000000000000000000000000000000
0100010001000001000110000001010000000000000000100010000000000000000000101000000000000010000100000000001010000000000000100010000000101010000000001001010000000000000000000000000100100000000000000010001000000100001000000001000000000000000001000000010000
0100000110001000000000010000001000000000010100100001000000001100100000010000010000000101000001010000000000000000100101100010000000000000000100000000010000000000000010000100000010010000000000001000000000010000100000000001000010000000000000010001000101
0100000000100110000000100000001000000100101101000000000010000110110000000000000000000100000000000010000001000000100101000001100000001100010100000000010100000001010000000000010010000000100001100000010000000000001000001010000100000000100000010101000000
0000000101100010000000000000000001001001000001010001010000000000000001100000000000000000010100100000000000001000000000001010100000010010000000001100000000001101000001001000100010000000000001000000000001000110000000000000000101001100000001000010100000
1100000000000000000000000000000000001000000000101010001100000000000000100001000000000011001000011000000000000100010100000011000000100001000000000000100010101101000000000000000000001000000001101000000000000001000010010001000000000001010000010100001010
0000000000000100000000000000000001000100000000000010001000000100000000000100000010000001000000000000001000000010000000000101000001000001000100000100101001010000000100000000000000000000100001100100010100000000000000000000000011000000001000000100000010
0000001000001000000000101100000001001010000000000000001100000000000000000000000000000001000000000000010010000010000001000000000000000000000100000010000000000011000010000000000100000000001000000000000100000000000010101000000000100000000100000010010000
0100000100001000000000000000000000101010000001000000110000110100000000100000000000000100000010010100000000001101000000100100000000000000001000000010000000000001110000000010000000100110000001000000100000111010000101001000101000000000010010001000010001
0100100100000001000100100000101010000000110110010101100100000000010011001000000000000000000010000000100001000000000000001010100000110000000000000000001010000000001000000000000000100000001001000100001000010000000000010010010000000011010001100000000010
0000000001000000000010000000000000100000000010000000000100000000000000000000000100000101001000000000000010000000000100000000000000000010000110000010010000100001100000000000100000010000000001000000001000000001010000000000000000000000000110001000000000
0000000000001000000000000000000011000000000100000010010001010000010100100001010000000000010010000000010001100010000000010000000100000000000100000000000001000100100001000000000000001000000000000000000000000000100000000011000000100001001000000000100000
0010000000000000010000001100010100011100100000001111000000011000000000010000000000011000010000000000110000000010010100000010000100000000000000000000000001000000010000001000000000110000100000000000000000010001100010101100000000001000010000001000000000
0110001001000000000000000000110000011100100000000000000000100011000110010010000000100000010101001100100100000101000000000000100001000000000100001010000010000000000011100000001100001000010010000001010011000000000000001100000000000000000001111000010000
0000000001000000101100010100010010010000011001010000000000000100001000000100100110000000000000000000000000000000001001000011101000000100000000000000000000000000000001000000001001000000000010100000100011000000001000000000000000010100000001101000000000
1100000000001000000100101110001100000000110000001000001101000000000000001010000000000010000000000000001001101000100010001010000000000000000000100000001000111000001000010001000010000000000100000001000100000010100100000000001000000000001000111001000101
0000100000001000000000010111001000000000011000001000100000000000001000000000001000100100000000000100110000010000000010000000100000010001001000100100010011000101000000001000000000000000000000000000000000101000000101010001000001101000010000000100001000
0000000000100100000010000000000001100000000000010001011000011000001000100000001000001000101000000011000000010100000100000000110000010000100000000000010100000010010100100010000000010001000000001001000000010100100001101000100000000000100001100000000000
0000000001010000000010100010000000000000001000110000000000010010000100000000000001000000000000101001010110000000000010001010000010000000000011000000000000100010000000000011000000000000001001000000100001001100000000000000000101110010000000010000000000
0001000000000000000101100000010000100010010101100110000001011100000000010010000000000000000000100111010000000000000000000001000000100000010011011001010000011001000000101010000000011000000000000000001000000001000100000110010000100000000000000000100010
1000010101000000000000000001000010010000000000010000101000000101011101000011001000000000010000001000000000001001000110000110010000100000000011000000001010100000000000000000011001110000000000000000100100000110000011000000100000000101100000000001000010
0010000100010001000000000000000010111000000010001001000000000100000000100001000000101000000000001000000000000001010000001010010101000001001000001011000000000000000000000000000000000000000000000100010000011010001000000000000000100000000000000100001001
0100000000100000000010000010100000000000000000001101000001001000100000000001000001000010010000000000000000100100101001000000000000001000000000001000001001010001010000100101000010000100000001000000000000000010100000000001000000000000100000000000000000
0100000000000000000000110010000000000000000000100000001010001100010000000000001000000001000001000001000010000010000010000000010000000000010000100000010010000001000000000100000100001001000010000010010100000000000000000100001000001000000110010000000000
0100001000000000010010011000010000100000000000010000010100000000000010100000000000100100000000000000100000000000000100000000000000010011101000010001010011110000000000000001000000000000000001010000000100100000001001000000000000100000010000000000000110
0000000100000000100101000100100000000000100000000000000000001000001000000000101000100010000001000100000100000010010001100001100000100000100000000000011010000010000010001100001001000100100010010000000000000000111100010000000000001000001111000000101000
0010000000100001000000000000010000100000000000001001100000001001001010000000000100001000101000000000000000000101000000000001001000000100100001000100000001000000001000000000010100000000010000000000100010000100000100001001010100010000000000010000001000
0000000001100000000011101010000000000000010000000000010000000010000001000000001000000001100100000010100000010000000000000000110011000000101100100000000000000000000000000000000000000001000000000010000100000001000000000000000000000001000000000000001000
0000000000001001010000001000010000000001000100100000100000001000001000111000001000000000000000000100000001000001001000000000100100000000100000000100000100010000000000001000010010100000000000000100000101000000000010011101011000000000000110000000100000
0000100000001000100100001000100000000000010000100101001010000001001000000000011000100100000100000001000001010100000000000001000101010000011000000110000000000000101000000000010010100000000100000000011000001000000000000001000000000000000000001000010000
0000100010000001000000100010111000000000000010000001001000000000000100010010000000001001100001000100001010000000000000000000100000000000001001000000001110100000100010000011000000001000010000000001001000000000000000000000010000000000001000000111000000
0000100000000100101000110010000000000000000000000000000000000000000000001010001000111000100001000000000000000000000010000001010000100010000001000000000000000000000000000010000000010011011000000000010000000000010000101010000100001001000000000110000000
0000000110000000000001010000010000000000000010010000000011000101100000000001000010000000000010000001100000000000000011000101010010000100010001000000100010110000010000000000000000000000110000000000100000000000000010000000000000111100000100000001000001
1000000000010000000100000000000001010000101000000000010000101000001000000000000010100000000000010000100100000010100100000000000000010000010000000001000000000000001110000001000000010000000000000001100000100100000000000001001100001000000000000000000000
0000010001110000011000110000100010000000010000000011000000000000010000110000010000000100000000100000000000000010000000010000000000000000100000001001110001000001000110001000000000001000000000001100000001000000000100000000100000100000011110000000000000
0100001100101000000000100000000000000100000000000001010000001000000010100100100000110000010000000000001000000100000001001011001001000010110110000011000000000011000001000100000000000010000000001000000000100000000000000010000000101000000000000000001010
0000000000000110000100000100001100010000100000000000010000100000000000101100000000100001000100000110001000000000000100000100010010000000000000000000111000000000000000000001000000010000100010010010001000001000000000000000000000000000000000001010110000
0000000001100000000000000000100100110000000001000000001100000010000010000101010001010110101001100000000000000000010000000010010000011000000000000000000000011010000001000000000001000100011001000000010000100000000000010001010000001011000001010000000100
0111000000001000000001001000010001100000011001000010100000100100000000100100000000000010100000000100000010000001000000000001000000011010010000000000000000000000000000000010000110000100001101010000010010000011000010000000000000000000010000000010000000
0100010000000010000000000001001000000000000000011010010001000100000000010000001100001000101010100100101100000000000100001000000000000010100000000010000000000000001000000100010100000000000001000000010100000000011011001000000000001100000000000001010001
0000001000000010001100000010101000000000000000001000001011000000001000110000000000000000010000000100100000010000100000000000000000000100001000010100110000110010000000000000000000010000000100100000000010000000000010100000000000000000010000001111000100
0010000000000100100010010000000010101001000101000100000001010001001010100001000010000000001001001000100100000000000000000010010000000000010000000000000000010000000000000001100000110000100001000000000001000000000100001000001100100000000000010000100000
0100000001000000000000010000000001001001000000001100010000001000001000000110010000011101000001000000000100000000000101000000000000000000000000000000000100000000000100001100100101010011000000000000100000000010000000001000100001010110101000000000100010
0000000000000100000000000001010000000100000001100010000000100000010000000000010000000011000000010000000100010000100000010000001000010000010100000000110001001001100000000010000000000000000000100010000000000000000000001000010000000000000000000010000000
0010000001000011000100001000000010000000000000101100001000000010000001000100100000001000101110001010010000010100000001100000001000000000000000010000000000000000000000000001000000000000111010000000000001010011000010000000000100100000000000000000000101
0000000000010001000010000000000000000010001000000000001000110001010000000100001000100100110000000000100000010000000100000100100010000000000000010010010110010001000010000100000000000101011010010000000000000000110000001000000100011000000000001000000010
0000000000100100000000000000010000000000000000000000001111000000001000000001001000100000000000000000101000001001000001100000000000000000000010000000100000000000000000000010000000000000001000000001000000010000100000000000000000000000010000001000000000
0101011000000000000010000000010000001100000001010010100000000010010100000000101100000000000000000010000100001100000000000000000010000010000000010000000000010000000010000000100000001000010010000100001100000000000010000101010100000000010000100001001000
0000000000000000100000000001011000001001101110010000000000100100010000001000001000000010100100000000000001000000000000000001000000001000001100000000000000000010010000010100000000000000010000001000010000010000000000000000000000000100000001000000000001
0000100010000000000000010000000000110001001001000000001010000000000000000001000000100000000001000000000000001000101001000001000000000000001100000010110000000010000001001000000000110100010010000101000000000000100000000000011100100110000000001000001000
1000000000000000000000000100000000001000000000000001000100000000010000000000001000100010000100010000101000000000010000000101000000000000111000000011000100010000100000010000000001000000000000000001011000100100000111000010000000000000000010000100010010
0000000001000000010000000010010100001000000000001000100000000001000001000100000110000000100010100000010001001000000010000000000010000000010100010010000000110000000000000000110000001001000000001000000001000110001001000010101000000000000100000100001000
1000010000001010000000000001000000010100000001000001000100000000100000000000000001100000001000000110000000000000101001100000001100000000000001010000000000000010000000000000000000000000100000000100100001001001010010100000000101000001010010010001000100
0100000010000010100101101000100000000000111000000000000000000000000001000000000010001000001000000000101110100100010000001100101000100000001000001000000001000000000010110000000000000110001110000000000001010001000101000000010000000010000000010000000000
0000000100001000000001000000000000000010000000000000000000000000000000000001010010110001100000001000100000000000000001000011000000011000000000010010010000000011001000001000000000000000010000100010001000000000000000000000000011010000001010001000110000
0000000010000000000000101000000100001000001011110001000011000100010001001010000010100010000000000001010000010001001000000110000000000000100000101000100000000000000010000101000000000100001000000000000010100010100000000000000001000000110101000001010100
0000000001001001000000000110000000000000001100000000000001000010000000000000001000000000000100101010000000000010000000000000000000000000010100000000100010000101001000000000100000000010000001001100001000100100000000011010000010000000000000000100000000
0000001001000000000010001000000100000010011000000000000100000000000000000010000000010000100000001000000111000000010100100011000001000000000000011010000011000100001001100000000001001000100100001000011000000000000000000100000000000000000100001010001001
0000000010000000010000010000000000000000000000000100000000000000000000000010000000001000100000000010000001000000000000100000010000000100010000000010000000000000010000001000101010000100000000000000001110010110011000010100010000000000000000000100000001
0000100000000100110100010101000100011001110001001000001000000000000000001000010001000000000110000000000001000000000000010000000100000000011101000000000000010000000000010100010010000000000010000101001100000001000000100010000010000000101000100000000010
0100000000100010100010010000000000000000000000000001000000000000000000000000000000010000001000000110000001000000010000001001000010000000100001000000000000000110000100000100000100010000001000000000011000000000000000000001000011000000000000000000000100
1100000000010001100000100000000000000000010000000001001010100000100000001100000010000000000011000000000100000100010000011100001000001000000000001000000000000001100010000000000000000000000000000000000001000000100001000000100111000000000011010001000000
0000000001000001000000110010000000010100000001001100001001000000000000001001000110001000000001000000001000000000000000001010010100100000000001000001000000010000000101000000000101000000000000011000001000100100001001000010000100001000000000000000110000
0100010000010010000000000000000001010000100000010010011100101010000000000000000010000100000001100000000100000000000000000100000000000000000000000010000001000001000000000000010000000001000001000010010000000100000010010000011000000000100000100000111100
0000000010000000100000000000000010000110001000000001000001100001000010000010010010000000000000100001000100011100000000000000000000000010000000001000000000000001000100000000011001000001010001000100100000110010010000000000000001001001000000100010001000
0001000000000100000100000000000100000010110100000000000000001000110000001000000000000000001000001000000000110000000000010000000000000100011100010100000000001001010000000010000000000100001100100000000000010000000100000001101000000100000100010010000000
0001000100000000000000100100110110000010100000010000000100000000010001001110000000000000000000100000000000010000000000011001000010110010000100010000010110000010000100010000110000000000000100010100001010101000110000010001000101000000000001000010000010
0000000000000001000000110000000000011000000001000000000100010000000000011001000100000000011011001000000100000001110000100010000000000000000000100010000000010000001001000100000000000100000000000110100000100000000000001000000100000010000011000111000000
1100000000001000000000100000001000000010000000010100000001100101000000000001000000000000100100101000010000000000000000010001000100000000001000000100000010000000010010000100100001000001000000100010001000000000000100000110000000000100000000000000011000
0000000000100000000100000000000000100001111000100010000100000000001100000000000010100010101100010010100100000100100000000001010000000000001001100000000100000100100000100010000000001001001000100000101100000000100000000001100000000000000100000000100000
0010000010000000000000000000000000011000001100000000000000000100100100000000000000100001000000000001000110001000100000110001000000000000000000000001000010000010000000101000010000000001000001000000000000000111000000000110000010000000000000000010100000
0000100000101001000000100100000000000000000110001010000000110000000000000000000000010000000000000000000000010000000001000000100011001100100001000000110000000000000010000000010010000000000100000000000010100000000000000010001000001010000000100001000000
0000000100101000110010000000101000000000001100000001000000011010100000000010000011100010010000000000100001000010100001000000000000000000000100000100000000100000010001000000000000001100000000000101000000000000101100000100000100010000000000000000000100
0000100000110010001000100000001000000100100100000100100000000011000000010000000000000000000001000000110000001001000000000001101000000000000000000000010000000000101010101000100101001101000111000000101000000100100010100000001100001001100101000010100011
0000000100010100101010010000000100000000000100000100000001000000000000011000000000110000000011000000101000100000001100010000000000000000000000100000000000000101000001000000110001000000100001101000001001101100001000100001101100000010100100000000000000
0000000000100000000010000000000000000000000010001000000000000100000001000001001001000000011000000100000000000010001100100000001100000000011100000000001010000100000000000000000000000101000000100100100000001000000000000110000000101010000000001000000111
0000000010010001000000100000000101010000000100000000000101000000000000000000000001001010000000001000000110010000000100000010000000000000001101010100000100000000000010001000000010000000110000000000000110100000001011011000000000000100000000000000001010
0000000000000100100110000000001001000000000000000000000000110101000000000000000000001000001010000101010001000000011000010000000000000000100000000001100110000001000010100000000100001001000100000010000100000101000010001000010100000000000000001110000000
1001000000000000010010010001000000000000010000001000000110000001000000000000000000000100000000101100000000000100001000001001000000000110001010010000010010000000000000000100100001000000011000000010000000111000001000100000111001000000100000000000001000
1001000000000000000100000001000000011000000000000000000000110100100000001000000000000000000000000001000000010000010100011000000000101001000000000010000010001000010101001000001110000000010000001001100000000010010000000000000000000001000000000000100100
0000000000001000000010000000000101010010000000000000010100001001000000000010000000000001001010000000011010000000010001010000000100010000000100000000101000111000001101000000100100000000000101000010000000110100001000000011010000000101000010010000001000
0000000101010000000000000000000000100100000000000000010010000010000100110001000100100100000000100000000010010001001000000000010000100001001000100010001001011001010000011000000011000000000110000000010000000000000000101000010001100010000000000000000000
1100010000100000000010000100001100010001000010000100001010000000000100000010000010000000010000000000100000100000000110100100000000010001000000010000010000000001001000000001000000010000100000000100101100000010000001001001110101010000001000000000100000
0010100000000100000101000000000110000001000000101001000000010100000100000100010000000000000100001000001000100000100100000100000000000000001010100000001011000000100000001010000000001000100000100000000100100110000000001000100001000000000010001100001000
0000000000000000001000000111011010100000000010011000010101000100000001100000010010000000000000000000000000011000000000000010000000000000100001000000000000010010000000010000000000000000000010100000001000000000010110100010000000000000000000001100001010
0010001101000001001001000000000001000000000000000000000000001000000111010000000001000000001000010010001000001000000000000010000000100001000011000000001000000000000011010010000000000000101001010001001000110011001000001000000000000000000100100000000010
0010000000000011000000001000000000010000000010001101110000000000100010000000001000000010000000000000001000011000000010000000000000011000000001000000000001000000000010001000000000100001000000000000000000000001000000001000000000000000000001000110100100
0100000011000000000000100010000000000000010100100010000000000010000001111000000000000000010000100000000001000000000000100010100000000000000000000000000000000110000010010000000000010000000001001011010000000000000000000000001010100000000000000000001000
0010000000010110000000000010000000100000000000000100000100000000011000000000010001000010000000000001000000000000000000000000000000000010000000000001000010110000011110000100010000000000110000000000000011100000011100010100001100000000001000000000110000
0001001000100000000000001000010001100000000000000000001000000100100010110010000000000000000000000000000000100000100000000010000100000010000000000000000001000010000001010010000000100000000000000001000100011000000000001010100001001011000000000000000000
0000000000100000000000000000011000000000010100000000000000000000000011000010001000000000000000000000000000010010010000000000010011000100010000100001010010000000001000000100010000100000100001000000000100000001010000000110000000011001001001000000000100
0000100100000000011000000001000000010010000000000000000100011000000000000000000000000000000100000001000000000000001000000000000011010010000000000000010001000000000000110000000001010000000010000100010000010010010010001000000000110000001010000101000010
0000000000000000100000110000000001001000000000000000000000000000010000000000000100001000001000001000011010000000000100010110000010010000000000000010000100000000010000000000001010010000101100010000011100001011010000001100110100000000000100100000000000
0000010001000000000000100000000000001000000010000100010000000100000010101001001100000100000000000000000000000000000101001000000100000001001101000000100011000000001100000000000011000000100000000000000100000100000100100000000000000000000001000000001000
0010000000000000000000000100000000010110001000100000100100000000100000001000000000001000000000011001000000000001000000000000100000000000000000000000100000000000100000000000100000100000000110000010010100000000001000000000110000000000000000100000001010
1100101001010010100000000100001000010000010001100100001001100001100100100000100100000100110000111100100000111011100100010100000100011000100000001000011010010000000100010000000100000001000000000000000010000010001000000000100000000011001000000000000000
0000000001000010001001100100000000000000001001000001100000000000000000010000000010000000001000010000000000000000000000000000110000000000001000000000000100000011100001000000000000000000010000000000000110001000000011011000000011010011000000000000000010
1101110000000001000000100101001100010100010000010000000110001000100000101000001100000000010001100000001000000000001000010010000001000000000100000010000000010001000100000000000000000000000001000001001001000000000000000000000000001110100000000000000000
0011000000000000100000000000000000011001000000100100001000010000000001000001000000100010001100000101000000001000010000001101000000101000000100000000100000000001001001000001010000011000000000000000001010000010010010010000000000011000000000000001000101
0000000000000001000000100011000001000000000110000000101100000100000001001010000000000000000000000000010010000000010001000000100000100010000100010000001011010010000000000010100000011100000100100000000100001000101001000000000011001001100000000000000000
0000000100000000110000001000000000001000000001100000100011000000000011001000011000110000000001100000100000000010001001000000100000000000000010010000101000000000111000100010000000011000000010000000000011100100010100000111000000000100100100001000010000
1000000000010000000001010000000001000000000000100100000000000000100000100000000000000001101010100000000000000000000000000000000100001000000000000001010000100000010010010000000000001100000100000101000100000010000000001000010000010000001000000000000100
0000010001001000010110100000000010000010000010010001000000000000000000110000010001000001100000001100100000000000100000000000000010000011110100000000000110010000000000000000000000000000000000100000110000000000000011000001000000001010000000000000000000
0000100000010011000000000000100010001110000000001001001000000001010000000100000000000000000000000100000010000000101110000000110000001010100000000110100001001000100000010000000000000100100000000100000000100101000000000100000010100000111000001000000001
0010110000000001000000000000100100010000001100101000100000000000000000010001000000100000001000000001010000000000000001001000010100000010100000000000010000000000000000000011000010000010001000000001000010000000110011000010000000000000000000000000000000
0000000000000000010000000100000100000101000010000000001000000000000011100000000000000000000010000000010001000100010000000000111000000010000001100110000000000000000010011000010000000100100000000010000000000000011000000110010000000010010100000000011000
0000000000000001010000000001110010000000010000110100110000000000011000000000000101011101000000001000001000001000010000000100100100000010100000000100001001101000000001000000001000100000000001000000000001000000010000010000010000000000000000000000000000
0100010000000001000010000000000100000000000000100000000001010000000000001000100000000000000000000000010000010000100100000001010001100010000000000000000000100011100000111010110100000000000000001100000000001001000000101000000000001000011011000000100100
0000000000000000000000000000010111000000000000000011000000000000000010100000101000000001010000000010000010000000000001000001000000000000001000000000100101010000000000001000000010100010010000000000001010000100100000000000000010101000000100000000000000
0001000000000000001100000000100000000000000000000000010000000100101000000000000101010000000100000000100000110010000000100100000000110000000000010000000010010000000000100010010000100000110000010100000000010000100100000000010000000011000000000101000000
0000000010001101000000100000000010000000000000000011000000001000000000000100000000000000000010000100000000000011000000001000000010000010000001000010000000000000000011010000000000000000000000000000000000001000000000000000011100000100011000001100100000
1100010010010001100101001100000001000000000100000100000000000100000101000000010010000000010000011010001000000000000000010000000000001010000000000000000000000100000000100000000001000000100000000000010000000000000010100100001001000000000000000010000100
0110000100000000000000010000000000001010010010000000000000010000100000000000010100000100100000001000000000000000100000000100000000110100001010010000000011000000000100100100000000001100010100001100001010000000000011000010000100100100000100100000000000
0 143
103 187
