250 250
0000000000000000000000101000100010000010010000000000010000001000001000000000000000000000000000110000000010000100110000000001010000000010000000110000000000001000000001000000000000000000001011100001000000001010000000000001010110000000000000000000100011
1100000100000000000000100100001000000000001000000000000000000100000001010000000001000001001010001000000000101010001010001000000001001001001010010000000001010000000100000000000000000010010111000000000000001010010010000000100000000000010000010000000100
0010100101000000001010000000000000000000000101000010011000100000000000000001000010000000000000000000000000000000000000000000000000000011100100000000001001000000010000000001000001000000110000100100100100001001000000100100101000000000001001000000000100
0100000000000000000000101001000000000100100001100000001100000010010000000000001000000010100001100000000001000010001010100000000100000001011000000001000000000000010010000110000000000011000000010001000000001000001000000000000000000000010000000000100000
1000000100001000000000100000001001000000010000000000000111000100001001110000001000000000010000010000000000000010101100001000000001001000100010101000000000000000000000100010001000000001000000000000000000010000000000000000000001100100101000100100000000
0000110000001000000010100010001000000001000000000010000010000001101000000000100000100000000001000001001000000011000010000000001000000000000000001000000000100100000100000000100000000000100010100001000001001000001000010000000000000010000000000000000100
0000000001000000000000000000100000100100101000000000001000000001000000000000010000011000000000000101011100000000000000100000000000100000000100100000000001000011000100000011000100010000000000000001100000100001000110010010000100111000110000000010000000
1000100100000000011101000000000100000100010100001000001010000000000000001000000000000000000001000001001000000000000100000001000100000101000001000000010000100100000000100011001000000100000001000000011000000010001000000010000000011010000000000000010000
0000110110000001000000000100000100000000010001100000000000000000000001000100000000000000000001000000000000001000000000000000000010000010010000101000010000000000001000001000000010100000010000000000000000000100000000001001000000000000010100000000100010
0000000000010000001100100000000000010000000000100000000000000110000100000000000000000010000000100000001000000000010110000100000001010000000010011000110110000100000011000010000000100010110001000010000000010001010011000010001000100010000000001000000010
0100000000000000010000000101100001000000001000000000100000000000010000100001000000000000011000001010100100010100010000010101010000000010000001000000001100000001000000000000000100100010000000010001000000010000000000010000100100000110000000010000000001
0000000000001000110100000000001001000000100000000000010000000100000000000111000001010000000000001010000100000100001010100010100100000000000000000000000001010000000000100000000100011000000100000100000010100000000000000110000100001000000010010001000000
0000010000000000000000000000100001000010001100001001000000000000010010000001000000000000100000000100011010000000110000000001000000010000000010010011010001010000110000000000001001000001011000100010010000000000100000000000000110000000000001000000000000
0000000000001000000100000000000000010100000100000000000000110100010000000001000000001010011000000000000010100010101100000000000001101010000000000000000000000000001000000000100000000011000000000000001000000001000001110000001000000000010101000100000000
0000000000000000000000000000000001001000000001001000001001010100000000110010000010010000000101000000010000000000000011011000000000000000010000000000001000100001010000000000000000100010000000000000000100110000000010000010010010100000000000000010010110
0000000000100000000000000000010100000000001010001001001000000010000000000011000000100000000000000000000000101000000000001000001000011000101000001010100001010010000100000000000001000000001000100001000000000000000000000100010000000000001000000100100110
0000011010010100000110010000000000010100000000000000001001011000010000000100000000100000000001000001000100000000010010100000110100000000101000000100000000100010001000010011010000000000000010000110000000000000100100000001000000100000000100000000000000
1101000000000000001000000100100010011100001000000000000001000000000000010001001000010000010000000000000010000000000000000010001100000000000000000010000010001000000000000000000100010010000001100000000101100000110000000010100000000000000000000110010010
1000010000000000010010000000010000010000010001001010000000100100000100010100100000010000001000010000000000010100000000100000001001000010000001100000000001011001000000010000000011000010000001000100000000000000001110000000000000001000000001000010000100
0100101000000010010000000001000011000010000011100100101011000000000000000000000010000010010000110000000000000101001100001000000000000000110000100101001000000010000010000001000000011000010000000011001000000000001000000010000000000000010100000110000001
0000010010000010100101100000000010000000001000110001001000100101000011001000000100000001100000000000100000000000000000000010010000000000001101010100011000001000000000010000000000000000000100000000000010000011000001000000000001000011000000110000000101
0000001000010000000001000000000000010000001000000000010001000000000111000000001000001000000010000100000100000101000001000101000000010000000000001000100000000000100000001001000100000100000000000000000001000000000000110000001000000001000000101000010000
0010100010000000000000000100000001010000000010000000000110000000000000000000001000000000001000000000010000010101000001000000011100010010110001000110000010000000101001000111000110010000100000000000100010011000001000000001000000001110100001001000101010
1100000001000000010000000100001000101000001011000000101000000000100000000000000000000010001000011000000001000000000000000001000000000001011000000000011011010000001110000000000000000010000001000010000000101010000001000000000001000000010100110000000010
0000100001100010010000010000000110000000100010000010000010000000100001000010000000000000000000001000000001000000001000100000100001000000001000000001000010000000000010110110101000010000000000000000001000000101100000000000000000000000100010010001000000
0000000010000000000001000010100000000000000000001000011000000000010000100100110000000000000000000100000000000100010000010000000000000000011000000000000000100000100001000000101010000000001000000001000000000010000000000000010100000000000000000000000000
0010101000000000000000100000010000000010010001110000100010000000101000000000000000100010000000100001000000010001000000000000000000000001000000000000001000010001000000100001000100010000000001000000010000000000000000000100100001000000001000010000000000
0000100010001000000000000100010000100000000010000000010000000110000001000010000000000010000000000001000100001100000000000000000000000000000000000000000000000010000100000000101001000000000000000000000010011000000010011000000000000000000100001000110000
0000000000001001000000000010000100100000000000001000000001011000000000110000000000000000001000011001000000000000101000000100000000000000000001001001010010000000001001000000000100000000000010000000100000000000001100000100001010001000001001001001000000
0101010000000000000000000000100000000000000110011000000000000010000001010000000000001101000001000100000000100010000000000000000010011000000000000110000001000000010010000000000100100000100010100000010000000001000011000000100000100000000000000000000110
0000010100010000011000011011100010000100000000000000000010000000000100000011100000000010000000000001100001000000000000000000100100000000001000000000000001010010001000000000001010001100000001001010000010000000000000000000000100101001000000000000100100
0000000000000000000000000010100000100000100000000000000000010010000010000000100000000000010000000000000000000100010000100001100110001000000000101000100000000000000001010000001000000010000000000110000000000000001000000001111000000000000000000010100001
0000000100000100000000000001000010000110000000001100000000000100010000000000000000011000000000100011101000110000001001000001000000000000000000100000010000100000001000001100000001010010110000000100000100010000100001010100010000000000010000010000001000
0000000100100100000000010100000000010110000001001100000000100000010000001000000000000000000100000000000000000000010100000101010011000010000000100000000011000000000000000000000010001000100000000100000001010100100010100000101000001001000000000001000000
0101001011010110000101000000000001001001001000000000001001000100000101000000100001100000000000010000010100001100001010000010100110000010100000000100001000000000000000000001010000000000010001000000001000000000000000000010000000000000010000100000000000
0001100001000000000000010001000100000000010011000000010001010000000001100110000000000000010000001011000000000010000000000000001000010100000010000000000011010000010000010000000000000000010001010010000001110000001000010001000000000001000100000000000100
0000000011000000000000001110000100000000000001000110000000001000000000001000000000010000000000000011000000000000000000000000010001001110010000000100001000000111000000010000000000000100000100001110001100000000100100100010000100000101000000010000011000
0000000000100000000100000000000000000000001000000000001000110000100000001000100001000110011000100000000000000101000000000100000000100000000000100000010001000000000100100000001011010001001100000000001000000000000000000000011000000000000000000010010000
0000000000100000010000100010110000100000000000100001010001001000000000000010010000100000011000000000100000000000100000000010000000100000000000010110000100100000000000000010000000011000101000000000000000000000001000100000000000000000000000001100100100
0000100000010000000001001001000010000000000000100000000000000010100000011100000000100001001000000100001000010100000000000011100000010000100010010010000010000000000100001000000001000000000001000010000010000100001000100000101101100000000001000001001000
0100000000000000010010001000000100000011100110100010000000000001101001000001000000010010001010010010011000001000000001000011000000000000100000100101000000000100000000010010001000100000000110001000000000001000000100010000000100100100010100001010000000
0110000001000000000010111000000010000010001000100010010000000001000000010000000000100000000010000000100000000000011000101001000000000101010110100001000010110010100000100011110100000000000000000000000110000000001010000001000000000000000000100001000100
0000100000000000000010101001010100000000000100010000010100011000100000010000010001000000000000001000000000000001100000000000000000000100010000110110000000000000000100000000010001000000000001001000000000101000100000000000000001000000000010000000110000
0000000100001000000000000000000000000111001000010000000000000100010010000000000000000010000000000010000000000001000000000001000000000000000000000000010000000000100100001000000001000000000001000000000000100001000000001001010000000100000000100000010000
0100100000001000010000000000010001000000000010010000000001000100101000000000100001010000000000000000000110001000001000000100000000000000001000000000000001001000000000100000000000000000100001000101000000000100000010000000000100000100010110000010010000
1000110110000000000000000000101100000010000000000000000000000010000000100000001000001100000000011001000000010010000010011000000010010000000000000100011000100000100000001000010000100000000000000001000110000000000001000000000000000000100000000100010000
0001001100000000000000100000000000000010000000000000000010100100011010010001001000000000000000000000000000000001100000000001000000000000000000000101000010100000000000000000000000000001000000100000010000010100000000001000100000000000100000100100100000
0100000010010001100000000000000010001100010000000000100011010000001100000000010000000010010110000001000000000000000000000000001000000100000000100100000001011000000010000010000000100000000000000000001000000000001100010000000100100010000011000000000000
1000100001010101010000000010110000010000001010000000000101000010010010100000000010011000000000100010000000010001000100000000000110000000010000001001000000001101000000000000000000100100100010101000011001001000001000010000000000000010001000010000100000
1010000001100000000010000000100000010000010000000100000000000000001110000000100010000000000001000000100001100010000010000000000000000000001000000100000010010000101110000000000000100100001001101000000010000010010000010000000000000000001000001110000000
1000111010010111000010101001100000011000000000000100000000000110000001000100000000010010000000100000000000001000100010100010000110000000101100000001110000000001001101000010100100100001000000010000000010100001000100010101010001000000000100000101000000
0100001000010101001001010100000000000000000000010000000000000011000100010001000000001000000000010000001000000000000000000000000000000000000000000010000000000000000011000000100000001000000100000010000010000100000100001010001000000000000000001100000001
0000000000100000000000010000001001000000000100001000101000000100011001000010000000000000000000001000000101000000000001101000000100000001011011000000011000000000001010011000100000010001010100011000000001000001000100000000010000000000001000000000101100
1010100100000100000011001010011000001000000000000000000001010100100000010000100100001010000000000110110000000000010001000001000010000000000000000010000000000000000010000000000001000001001000000000000010001100010000000100001000010100010011011100000000
1000010100000110000000001000000001000100000000100010001010000000000000010000010100010000001000101000100000000110000000000010000000000100101000010001010000000100000010000001000000100001000001000000010001000100001000000110000010000000000101010000100000
0000000000000000001000001000100000000000000000100110100000000000000100000000001010000001001000000000000010000000010000000000001000110100000000000001000010100000000010000000000000100001001001000000010000000010000001000000000000000000011000000000010000
0110010000000000000000010100000001110000000100000000001010000001000010000001100000000001000000000000001010000010000100010000111000010110000000000000000010000000010000000001000000001001010100010000001000100011000000011010010000000001001000000010000000
0100001100000000000000001000000000001010000111100000010011101100000000000000000010000000001010010000010001000000000000000000010000000010000000000010010000000000000110010001000000000000000000000100111000010000000010001100000000100010000000000000010011
0100100001000000000100001100000000000100000010000000000000000010000010000001000000000000000000000001000000000000000001000000000000001000001000000101000100000001100000000000000000100001000010000000000000101000000000100011001001000100000010000000010100
0000011000000000000000010000000001001110000000000100000000000000100000000010100000000100000000000000100100000100000010010100000010000100001000101001001000000001001000001100000010010000000010010000000011000000001110000100000001001010000100100100010001
0011000000001010010000000010010000100001010000000000100000101000000100001000000011001000000000000101000000000100000000000001001000000000000000000001001000100000100000001000000000000000100010000011000000000011000000000001100001000000001000101000011110
1011101000001000100000000100000000001110100000011000000000000000000100000000000000000000000001000000000100000000000000000001000010100010000000010001000100000000001000011100100000011000000000100000000010010101000000100100000011000000010000000000000000
1000000010000000100110011000000000000000000000000000000000111001000000000001000100001000010010001000000000000000000000000000100000010000100100100000000000001000010001000100000100100000000000100001000010000010000010000000001100000000101010000100000000
0011000000100000001010000010000000010100000010000010000001000100000110001101000000000000001110000000010100000100000100000100100010001000001000000110100000000100000000100000010101000000000000010000000000001000000110000001000010000000001000000000010010
0010001001000000000000000110000001000000000001000010000100000000000010001000000010000000000000110100000000110000000000000000000010101001100001000000001111000000010100100000100100000001010010000001001000000100000000001001010000000010001001000000000000
0000100000000000010000000001000000000010000100001000000010100000100000000000000010000010000001000000000100000000000001000000001001000000000100100000000000000000000000000000000000000000000000000001000000000000001000000000001001000010010100010000000001
0000000000000010000000000000100000000000000100000000000110000010010100110000000001000010000001000010000001100100000011000001111000100000010010100000000000000000000100000000000000000000000000000010101000010011000101000010000000110000000000001010000000
0000101111010000010000111100000000000000000000110000000000000000001010000000100000000000000000001000100000000000110010000000001000000000000000001000000110000001010010100000000000100000010001000100000001001001000000100000110000101000101110000000001101
1001000011000000000000000000010000010000000000100010000000010010001100000111100001100000000010000000000000001100000100000001000000001000100010100000000100000000001001010000011000001000000100010010000101010101010000000001010010001100000010000000001000
0000001000000000000001001001000000001000000100000111000110000001000010000000000001000001001001010000111000000101000000000001000100001000010101000000000000000010010000000000010000000000000100100000000000000001100001000000010100000000000000000000000000
0000010101000000000010100000000000000000000100000000000000000001010000000000001111000000000001000000000100010100000100010100000100000000000000000000100000010000001000000001101000100000010100000000000000100000101000000000101001010000000100010010010010
0110010101000000001000010000000000000010100100001000010000000000001000000000110000100001000000000000000000000010000011010101001000000010000000010000100010000000010001001001000000000000000110010000110001110100000000000000010000000000010000001000000000
1101000100110100000000001100000000001000100110100101010001010000010000000001000000010000000000000000000010010000000000001110000000011100100000000000000110000001000000001000000010010000010010100000001100000111100000000001010000011100000000001000001110
0010100001010100001000000000000011000000100100000000010001000010010000000100001000100010001000000000001010000100000110100010000000000000000010100001100100000100001001000000000010010010000000000100000000000000000010111000000001000100000000100000000011
0000010010001000010000000000010000100010000000000100000000000001000000001100010001100000010001101000000000000110000001000000011001100100101011100100100000000010000010000000000010101011000000000001000010000000100100000000000010000100000010010100100010
0110000100000000000000100110010001000001000000000100000000000001010010001001000000101000000000100000001010000100000000010010000000111000010001000001010000001000000110000111000010000100000000000000000100000100001110000000000010001100000100001000000100
0010000000100010100000000000000100000000100001000001100000000000100000000100100010000000100100100000000010000000000000010000000010000000001000000000100000000010000000000000000000000101001000100000100000010000010000100101100000100000001000100100000001
0000000000000010010001010000100000000100100000110000000101000010001000000000010010110001010000100001000000000100100000011010100000000010010000000000000000110001000000000000010000000000000110010000100000000000101000000000000000000110010001000001000000
1100000100000001000000000000001000000001000100100000001000001000000000000010010000000001000001000100100100000100000100000000000000001000000010110000010101100000000100000000000001000000001000000000000100000000000010000110000000000100000000000100111000
0000001000100000001000000000000000000000000010000100010000000000001000000000100000101000000000000010010101000010000000110000011001010000010000100000000000000000000010000000000000001010000011000000000000000010000000010000000000100000000001100000110000
0000001000000100110010100000001101010001000100100010001000010000010000100000011000011010000000000000000010000000110000000000000010000000000010000000010100000000001000001000101011000010000000000100100010000011000000010100000000110000001110000000000000
0001001001000000000000000100010000000000000010000010000000010010001000000010000000000000010010011000000010010000010000000100000000000100001000000100010011000100010000010000000000000000000000011100000000000000000000000000010010000101000001010000000000
0010000000100010000001100000000100100000000010110000001000010000000000000000000100000000000000110000001001100000000000000000000000001000000000000000000000000010000000000000000000001010100101000000000000110000000000100100001000100000000010000001000001
0001100000010000000000001100000010000000000011000000100010011000110000000100000000110001000100010000100010000000000000000000011101000000000010000000000000000100000110010000100000000100100100000000000100001010101000000010000000001110000000100000000000
0000000001000001000001000010001000000000000001000010001001001000011000000000000001000000000000000001000000000000000000000100100000100000000000001000000100010000000001001000001001000000001100000000101100000100001000001000000100000000000000000000000000
0000000010000000100000010010101010100010000010100111000000100000000001100010010001100000000000000000000000010100010000001000000000001010000000101000100110001000100001100000011000110000010001000000100000001010000001000100001000100000000011000010100000
1000100001010000000000000100001000000000000000010110000001010000000001110000100000100000000000000000000000001000000110010010000000000110000000110100000101011000000010000000000000000010000000001101001000001010110011000010001001001010010100000010000000
0000000100000000001100000010000000010001011100100000001000000000000000000001000000000010000000001000010000001000000000010010000000100000010101001000000001000000000000000010000000111010000000100001001000000000011000000000000011000010000100000001000001
0001000111100000000000001010000001100001000010110000000000000000000011000000110000000000000001100010011000001000000001000000000000100000001010000000100000000001000000011100000000000000001000000000001110110000010000000010100000000101000000011000000100
0000000000000000001100010000001000000000111101000100000000100010010000010001100000000000000100010100000000000100000000000000010000100000000100101000001000100000100011100000000000000001010000000000000000001001100000000000000000011100000000000001000000
0001000100000011000010000010101001000000000100000001100000110000001010000000010100011100100000000000010100010000010000010000010000000010000000000000000001100000010000000001000000000001100010011000000000001000101000000100000111000000000000110000000001
0000000001010000000100001000000010000000100000100000000000101000010000000001000000000000000000000011000000000000000110000101001001100000000010000111010000000010001000000010000000000010000000010000010000010000000000001000001100101000000000000100100000
0000010000000000010000001000000000000000000010000001010000000000000000000000100000000100011000010001001010100100000000100010010000000000100001000101000000000001000110010001000000000010000000000000001010000000000100100000000100000000000000000000000010
0000101010010000000000010000000001010001100001000010001100010101000000000001110001000010000000110001100000100000000100010100000000000001000000000101000000010000000011100010010100100000000000000000000010000000000000000000000010000010000000000110100010
0100000000010000000000000000100000000100001000101000000000000000001001000000000000000000010000100000100000000110000000000000001011001101100000000000000000001000000000000010011001000000010011000010100000100011000001000000000000010000001001011000000000
0000000000010000000000001000100000000000000101000100001000000010000000100000001010000000100000101010001100000100010010000000000100000001000010000100011001000010001011001000111001100000000001001010000000100010000110000010001000100010000000010000000000
0001000000100100000000001000011100000000001000100000000010000010000000000100001101011100000000000010000001001010000000000010000000000001010000110011000010000000101000000000000100001100000000000010010100001001000011000000000000000000100110000001000000
0001000000000000001000000000000000001000000000001001000000010001000010001000001000000100000000001010000000000000001001000000000010001001000000000000001000100001000000000010100100001100000000000000100000000000000000110000100100011000000010100000000000
0100000000100000000000000000100101001000001000010101000100000000010011000100000000000010100000010100001110000001000100010101110000011000010000100000000000001000111000010000101000100011001100000010001000001000000000100000100000100010000011000000000000
1010011000110101001100000000000000000000100000100000000000000100000000000000101010100000010010000000100100100000000010010010000100100000000000110100000000100000000000000001001101000000000010000000000101000100000000000000010000000000011100100000010000
0000000000010000100101000000000000000000000010000000000000001010000000100100100100000000000000000010010010000000010000000000000001110001000000001000001010000101000000100000100000000000001010000000000010000000010001101000000000000000010000100000000000
1010100000011000000100000000010000000010000001001000000100001000000000110000000000000010001011000010100000000011000000000000000000000000000100000010000010001000000000000110000000000101100001100000100000000000010000001000000010100000000000000000100000
0010000000001011000000000000010010001001001100000000101010001001000000000110000100000100011000001101100000010000000000000000100010100000000100010000100000000100000000000000100000000100010100000001000011001000000000001000000100001000101000010100011100
0110000110000000000000000000000000000000000000000010000001000000000000000000000010100000000000000000000100000000001000000000010011000100000001000000111000011010100000001000111100000001111110000000001000010000000100000101001000010000000000000001000000
0000110000000001000000100000000100100100000000010000000000000000000111000000000010100000100000000100101001000000000000000000000010000001100100000000100000000000000110010000000001100000110100000000000010000100000001100000000010001000100000000001000001
0010000000100000000001000000000000100100000001110000000001001000001001000001000010000000100100000100010000000000000000000000010000100010000000110101100010000000001010000010011000000001000000000000000001001000011000000010000100001000000000000000000011
0000010000000000000010001000010000000000100001010001000000000001100000010010000000000000001100000000101000010000000010010000010000100000000010100000000000000000001011000100000000000000000100010000100000100001010001000000000010000001010000010100100000
0000001000010000001100000010000100000000010000000000001001000011000000100001000001010001000110000000000000101110100000000000001100000000011000000001000001000100000000100001000110000000000000100000000010001000000001000000000010011000010001000100000000
0010000010000000011000000100000000000000111000001000000010000000000000000100000000011001000000111100001001010000000000001000100000000000101010000001000000000001000000000100000001100000000000001000010001000000000000000000000000000000000000110010001010
0000001000000000001000001100000000000010001000000100000000010000010000000000000000000010000000000001000101100010000001101000000001000000000010010000000000100001000101100000000010000000111000000000000000001000000001001010000000000000000100000000100000
0000000000000010001100001011100000001001000000001000000010010000001010000001000001000000101100011000000100000000000101000100000000001000000000000000110001000100001000000010000000000110000010000001000001000000000000000100000001000010001000010010000000
0001000010000000000000110000100000000110100001100010000000000000000001010011000000000000000000000101000001010110000000000000000000001010001100001000000001010000010101000000000100101000110110000000000000000000000010000000110010000000100100001001000000
0000010001000001000000000010010010100000000000000100000000001101100000000100001000001000100000000100000100010000100100000000101000000100000000000000000000001010000001000000100100010000000010000010000010011000010000100000000000000000000100011000100010
1000000100000010001000000000000000000000001001111000000000000000000000000000000010001000010110001010001100000000000000000001000000001011100001000000010000000000000101010100010001000000101100000000000100000000001010000001000100000000111011100011000000
0000100011000100000000001000010000000000000001001000010011000010000000011100000000010001001000001000000100100000001100000000000100000010001101100000100000001001001100000100000000000010010001000000010011100000000000100110000000000010000010000000000000
0100000001000000000000000000000000010000100000010000011110000010000000000000100110000000000011000000101000000000001101000100000001000000000001000001000000111001001000000000001010001000000010110000000010101000100000000100100000101000000000000010000000
0000100010100101000000000010110000000001000000001100000000000010001000000001000110000010000001010010001000010000000010111100100000000001000001010001100000000000000001101010000000000000000001000000000000000000000100000000000001000011001001000000000010
0000100000000000000000000001000010110000000010100001010000100000000000000000000001000100000000010000010001100001001000000000000000000010110000001000100100100010110010000010000100000110000000000000000100001000000010000000001100000000000000010100000010
0000000000100100000001000000000110000010000001000000000000000000001000000000001000001000110001010010000000101110000000001000000000001000000000000010000010000001001000000000000001001000110000000000000000010000000000110001001100000001000010000101010000
0000000000000001000001001100100001010000000001000000000000010011001000000000000110000000010100101010000001100000000001000100000000100000000000001000000000000000000000000000100100010000000001100011000000000100100010000010000001000001100000000010011000
0110000000010100011000010010011000000000000000010010010000111100000010000100000000000110000000000100010000101000010000100100001000000100100000000000000000000000001100001000010000000000000010001010000110000000000000000110001000001010000000000000000001
0000000011100000010000001000000000110000001000000101010110000000000000010100000001100000000000000000100000000001000110000000000001101000000000000000000001000100000010010000000100001000001010010001000001000000100001000010011000010100000101000000000000
0000000000001011000001010011000000100000000011000000000001000000010000000000000011011010000000110000001000001110000000000001010000000110000000000000010011000000000000000010010000000000000001011000001100100000010000011100000001000000010000000110010000
0000000000010000010001000000001000010000000100010000000010100000000001000000000001000000000010101000010000001000000000100001000100100000001000000000000000010000000000000000000000000001100000100000100010010100000000000010000000010000010000000000100001
0101000000000100000000010100100100000000000100000010110000000000001000000100000000110000011000010000100000100100000100000000000000000000000000101100110001010000010101000000000011000000100000000000000010010000110000000110000001000000100100100100000000
0000000000000100001010000001000010001000010001000000001100000000000000000000000000000100000010000000000000000000100011110100000000000000000000000100000100011000000100010000010000000000100000010000000000000000000110000011000001010000000000000000100100
0000000010010000000000110001101000001001001000001000000000000000000001000000010000000000110000100000000000000000001000000100011001000000000010000000000000100000101010010000000000110000000000001010000000010000001100010100000000000000000001000000000000
0000000010010000100001000000000000010000010001000000000100001000000001110001100000000000011000000110000000000000001100000001000010000000000010000001100100000000000000000010000010001000000000010000110000100000000000100000000000000101000010100000100000
0000000010000000010100000000001010000000011000000000101010000000100000000000000000100010001100000000000000000110000001001000010101000001010000000110000110100010000000000011000000001000010010001111000001010000010000001000100000001000000010000000010000
0001101000000000000000000000000000000000000100001000001000000010000000000100100000011001000100011100100000000010000000001000000000110000000000001000000011000000000000100000000000000001001010000000100010000000000000000100010000000001000000010010000000
0101000010101011100000000000010000000001000000000100000100000000000001000100000001000000010000100100100000000010000000000001000000100000000000000101010000000000000010000010011100010000010000000000010000000100000010000000001000000000010000100100000000
0000001000010100000001101000000000000000000000000000000000100000000001001000000000010010000000000000000000000000000000101000000000000010000010000001010001010100000000000000000000001000010100000000000000110100100011000000010000100000010000000000001000
0000000101100000100000110110000100100001000000000000001000010000001110010010010000001001101010000000000000001000000101000000010010111000000000000000000001100000010010101011000000100000010000000011000100001000010001000010010000000010010001000000000000
1010010000000010000000000000000000100000000000001000010101011000000001000001010000000000010010010000110000000100000010001010001101000000000001000000011000000010000001000000000000000001000000000000000011001000001001000001000100000000100000000100000010
0000000000100100000000100000000000100000000000000001110100000000010000000110000000000000000000101000000000101010100000000001001000100000000100010000000010000100100000101010010000110101000010000000010000000000000010000100000100000000000000000000010000
0100100000110000000000001000000100001000000100100101001000000000000000010000000000000000010000001010010000100000001000100000000000000000001000000000000000010000000001000000010000000000010000000000000000000000000000001000000000110001010000100000000000
0000001010010100010000101000000100000000100011010000000010000001010000000001000100100000100000000001000000000010000000000001100000000000000000000011001100100010000010000100000011011100000100000111000000000000000000110010000000100000100000000000000000
0000010100000000001000000000100010000000001000000010000000001000000000010100000000000001000000000000010010000000000001000000101000101000010100001100100000000000001000000000100000000100101100001010100001000000001100000000000001010000100001000110000000
0000000000001000000000000000000000000001000000010000100101000100000000000000000010010110101001011011000000000000000001000010100000000000000000100000010000000000000010000100000100001000000000000000110000000111101001100100100010000000000000000000000010
0000000000000000000000010011011000000000000010100000000100000000000000100000100000100000010000101000001001100000000000000000001011000000111001001000000000000010000000100000000010000000000100100101000000000001000000000000000000000000000000000000000000
0100001100000001010000100100000000010000010110000001010110100001000000001010000110001000100000000010000000100000101000000000000000000000000000000000000000000000000000000000001011000000100001000000001000011001000001000000000010000000100000001000000111
0100000001001000000000001000101000010010000000000000001000000000000100101001000100001110001000000100101100000000000000000001000001001000000000000010010001000001010001100010101000000110000100000001000010000100000100011010100001000010000000001000100000
0000100000000010000000000001010000000001010000001000100000011100000000000000001000100000000000100000000000000000000000000010010000001000110000000010010001010000010000011000100001000000000000000001000000000010000000000000000000010100001000100000000000
0000000000100000010001000100000100000010000110010010000000001000001000100000001000010101100000100000000000001001001000000000001010000010010000010000000100000011000000000100100100100000000000000110000000000010010100000000100000010000000000011000101100
0000001010000000000000000000110000000001000000010000000100000000010000011110010000000000000000100000000000100000000000000000000001000000000000000010000000000010001000000011000100100000010000000100000010010010001000000000010000000000011001000000010010
0010100000010100000100000100001000011000000101000010000000000001000000100000001100000000001010000000000110000000001001000100100010001001100000000010010100100100001001111000001010100000000000100001001000000001000001101001000010100000000000100010000001
1100101000000000010000001000100001000000000100000100000000100100000010010000000000000000011001001000000000010000000000000000000000000000101000010100100000000000001000100000000000000001000010000000101001000000000000000110100000000001000011000110001010
0100000000001000000000000000100100100000000001100001000000000010000100010010000000100101000000001000000000100010000001010100010110000000000100010000000001000011000000111000010000100010001000000100000000010000000000001000100000000100110010101000000000
1000000000000000000001000000011100000000000010100000010000000010000100000000000001100000010100000000110100000000000000000000000001100001000001001001000010000110010100000000000100000001100000100000000000100001000010001100000010100000010010100000000010
0000000000010000000100000000001101000100000100100100000000000001000000000000010000100010001000000000001000110000010011011100010000000000000000000001000001000100000100000000000000000100000010010100000000000010011000000000000000100000000000000000101100
1010000100000000100000000111100000000110000110100010000000000100001000010000010000000000000000001000000001000000000000000001101000010001000000000001000100000100000000000000101001100010000000001000000000010001001001101100010000000100000000000000000100
1000000000000000100101011000000000010010001110000010100000001011100000000000010000010000000000000000000000100011000010000000000100011100110000000000000000000000000001000000000000001001010111010010001010000000000000100000000000100001011100000000000000
1010001010101000100000010000000000000000100010000001100001100000001000000000110001000100000000100100100000000100000000000000010000000000000000100000010100001011001000000000000000000000011000100101001000000000001000100010000101010000100000001001001000
0000010000000010101010000100000000010100100001000000010100000011001001000000000001010000000000011000001000000100000010000000000000000100000000000110000000000010010110010000101001000100000011100100000000000010001000000010000010000110000000100000000000
1000100010000000010010000000000001000000100000001100100001100010000100100000000000011000000000000000001000000000010000000000011000000010000000000001001000001000000110001000010001000100000001010001101000000000000000001000000000100000110000001000000001
0000000100100000010100100000010010000000100101000000010111000000000001100100000100000000100000001110110000000000000000000000000001010100000000010011101000101000001011000001000000000000000010000001000100011000000000000011000000000000011000110011001000
0000001110000000000000001010000000000000100100011001010000100000000000000000000000110001001011001010000000001000000000010001000000000100000011000010010000001110100000000100000000000000000110000001000000000101000000100010010000010010000010000001000000
0000000000000010001000001000000001010000010010001001000100100000000000000000010101000100000000000100000000100000000000100101000101100100000010000000001000110000011000000000101000000010000000100000000000001000110010100100101000000100000000001000000000
0000000110000100000000010000000000000000000000100000000000101000010000001000100000111100010001000000001000000000000000000110000000000001010001001000100000100000001000000001001010001000000001001000001000000000000001000000001000000000000010000001100000
0011000001001010100010000000000000000000000010000000000010000000011001000001000000000010001010000000001111100001000000000000000000101000000000000010000000100001000010000000000000100010000000000000000000001000000001001000000110000000000100000001000100
0000000000000000000000000000010000100101000000000001000001100000010010000011000010000000010000001000000000000000100000001000000000000000000000001100110000001000000100001001000001100000010000000000001010000000010011010000000010000000000000000000000000
0000100000000100100010000000000000000000000010000000000001011000000000000000000000000100000000000000100000000100000001000100000000000000100110110000000000000000100000000000001000000000000000000000000000000001010000000000100001101000011000000000100000
0000000010101100000000001001000000000100001010000000000100000000001000010001000100000000000000101000000001000001000000000000000000001000001000000000000000001001000001100000000001000000000000010000010000010000000000000010011010000000000010001000000100
0001100000001000000000000001000100100000000000000110000000100000010000010010000100000010000000000000000001000000000011100010011000011110001100000000100001000100000000000001000000000001001100001010000001000001000001010000000000101000010000000000000011
0000000011010000001010100001000000100000000000010000000101000000100000010100100011100000000100010000000000000000000000000001100000000000001000000000000010000001110010000010000000101000100000000000110100000000001000000000000010000010010000000000111000
0000000001001000101000100001111000001000000000010110000110001010000000000000010000001010000010000000000000000100100100010001000000100000000001000010010000000000000000001001000000000001010110000001000000000000000001000001010001000000001000010010000000
0000000100100010000000000000000000000000000010100000000001000001000000000001001011000001000000000000000010000000100000010010000000000000100000000000000000000000000001100000000001001100101001000000001000000101000000100001000000100100000000000000000000
0100000000010010001000010010100000000000001011100010001001100000000000100000000010000000010010000010000110000001000000000000000001000000000010000000000010001001010000010100000000000100010001000000000000000001100011001100010000001010001000000001000000
0100100010000000000000000001000000000000000000000000100011000000000100010000000000100100000000001000000000001010010100100000000000001000000001000001100000100001110100000000000000000010100101010000100001000000000000010001000000101000000110010100000000
0000000000010000000010001100100000010000000000100100000000000000001000000000110000001100010010000000000000000000000010000101101010001000000000000100000010110010000000000000000000000100110000000000101111000000000000000000001001101010010000010000010001
0010000010000010000000000110001010000001000000000010010000110010010001000011000100000100000000000100000010000000000000101100010000000000000001000000100000000010000000000000000000000000110010000100000001110000000000000010000100010000000001000000000000
1000000000000000000000000100010010000000100010100100010001001010010000000010001110010111100000010100001000100010010000000000001000000010000101001000010110100000000000000000000000100010000000000010010001000000010000000001000011100010001000000000001000
0010000000001110000000011000000100000000000101010000000010000101001100000000010001000001000000100000000111000000000000100111000000000010101000000001100000010000010000000000000100101000000011000010000000000100000100000100010000000000000001000010100000
1110000000000010000000000000000101100100000001010000110000100000001000000000000010000011000000001000100000000000001100000001000000001000000000000000000010000000000000101101000010001100000000000001000000000010010000000000011101001000000000101000000000
0010000010010000001110000000100000001000000000101100000110100111101001100010000100100000101010000000110001000100000001000000100000000000000100000100000000011100000100001000000000000000001011001000101010100000000000101001100010110010001010000000110000
0100011001100111010000100000000000010100001011000000000000000000000000000100100010000000000000001001000000000000100100001001000000000000000001000000001010000000000100000000000000000000100000000000000000110010000100000000001010010000001000000000100000
0000001010101001000001000000000100100000000010000000100000001000101010000000010000100010000100010001000001000000000100000110000010100001011111000100000000000000000001001000001000000010001100000010000000000000010001010000000000000000000000000000110000
0101101000000100000010100110000000000010000100000000100010010001000000001000000110001000000010001011000000000001001000100000000001000000000000000101000001000001001000110000000000000000001110011000011000001000010000010000000000001000000001000000000000
0000010000000001000000000000000011000011010001100000000000100000000000011001010000001000000010010000000000000000000000001000000001010110010010001000000000010000010000000000000100000000000000000010010100001100101000001000001100010000010100000010000001
0110000010011000000000000000000010001000000000011000000000110100010000100001000010000010000000000000000100101000000100101000000100010000001000100010000000000010000110001010011000100000000000000000000010000000110000011000000000000000000001010000010000
0000000010000001000000000110000000000000001010010010100000100000011010010100110001000000000100100000000000000000100100001101000000001100000001000000000010000000010000000000000000001011100100000000000000000010011100000000000000000110100100000000000000
0000000100100000000001000000100110000010000100000001000000000010000100010010000000000000000000001010000000000000001010000000000000000000000000000001011100000110000000000000000000000000000001000010001000000000001000101010100000000001100000010010100000
1001000010100000010001000100000000000000110000100000000001000000000100000000101000001000010001010010100000000010000000000000001000000010100000000000011100000000001001000001010001000000000000100011001100001000110000010000100000000100000101000010000000
0001001001110000000000000000000000000100000000010010000000000001000000000000100000001001000000000000000000000100000010000000000000000010010100010000000011000001000000010100000000000001000000001100001000110000000000000001000000010011000000100100100000
1000000000010000000110000000000100000010100100100000000010000000000000010000000010001000100001001000000100000000000010010000000101101010000000000000000000000001000000010100000001010000000001100100000000100000000000111001000000011001000000001000110000
0001010000010001011011000000000000000100000010010001001000010000100000000001010010000100000000000000000000000010010001010000001010000000000100010100000110010010010001000001000000000000101000110000000010000000001001111010000100000100011100000011000000
0000000000101100000010100001001000000000001001000010000000010000100000000000100000000000000100101000000010101000000000100000000010001000000000000010000001000001000000100000100100100000000001010000001000100000010010000000000111001010000000010000000000
0000110000000000011000000000000000000001001000001000001001100000100100010101001100000000000000000000001000000000000000000001001000010010010000000000010000000111000000100000101100000000000000100100101000000000000000000000100001110000000000000001001000
0010000000000010001010010000000001100000000000011000000010010000000110001000000010000000010100000010000000100100000100000001000000001000001000000000101000000000000010100000000010000000000000000000010010010111000000010001001000000001010000000100010000
0000000010010010100100001000000001001000000001001000000000010001000000000010000000000001011011000100100000000011001010000000000001000000000000000000000110010001101000010011101000000001000000001010000110000010011001000100000001000000001101000000000001
0000001011000000000110001000000000000010001000000000000100010010000011000000000001000000000100000100000001000000000000000100000000010000000010000010000010001000000000000000000000000010000001010100001110000001000000000000001000000000100000000000001100
0000100000000000000001100000000000100000100000000000000000100000100001001110000000110010000010010000100000011000100000000000100100000001001000001000100000000001000110101000100000000100001100010110001000010001000000000000000000100000000100000001000000
0010100000000000000100010000000000000010010000010110000000000100001000101000000000101010000111000000001000000001100101011000010011000000000000110000000001000000011000100000010010000000100000001110000010001001000100000000011000000100000010100101001010
0000001100000010000100010000010000101000010000010000000010000000000100001000011010000001010000000000000001000100100000000000100000001000001001000000001010010000100000000000000000000000000000000000000000000000001100100010001000000100010001000000000000
0001010000000101000001000000000000000000010011001000001000000000000000000000000000000000000000000000000000000010100001011010000000010010010000000000000000000000000000000001000000101000000100000010010110001000000100000000010100001000011100000000011010
0011010000000000100001110001010010000001000101100000010000000011001000000010100000000000000000110000000000000000001000000101100010100000000000100100100000000000000010000000010000000001000010000000010000001000000111000000000000000000010000110000000001
0000000000000000100000000000011001000100000000001000001000000000011000000010000000100000000100000000011111010100001001000010000101000001000001000000000000010001000100001000000000000000001011010000000100000001000100000010001000101000000001000100000000
0011001000001000000100001100000100100100000100111000000000001000000100000000000011100000000000100000000010000000000000011000001000000010000110100000000100000001000010000010010000000101110000110010001001000001101000000000110000000000000101000001001000
0000000001001000001000010011000000001000101000000010000000000010001000010000000101000100100000000100001000101000000000000000101010000000000000001000000000000000100100000001000000010100010000000000100010000000001010100000000000101100000000000000001000
0010000000000000010110100000100000000100000100000000000011010000010001100001010000010000100000110000100000000000001011000000000000000000000000000000000000000000000000000010001000000000001000000000100000000000000000011000000010000001011000000001000000
0000000000000000001000000000000000000000000100000000001000100000001101001000000000010000100000000000101111000100000000010000010000001001000000000000000000000011001010000000001000000000100101100000010001100000010000000100000000100001000000000001100010
0000000001000100111100000010100000100000000100100000000101000010000001000000100000001100010001000000001000000010000000000001000000000000000001000000100101000000100000000000000110000000010000000000010000100000000000010000010000000000000000000000000010
0101101010000001100000100001000000010010001000000000010000000000000000010000000000000100001001010100000000010000000000010001000000101010000000001010001000101000010000101000001010000000000000000000100000000000000000000100001000101000100001000000100000
0000100000100100100100000000000000000100000000010000000000101000010000000000000000000000100010010000000110000000001000000110000101010001000010000000000000010100010000000010000000100000000000000000000010000000001000100000000000000000000000100000011001
0000001000000100110010000000000000000010000000111110100100001000001000000000000001001000100101000100000000000000100000000100010100000101000001100100000000010000100000001000000000000000100100100001000000001001000000001000010000110100000000010000010101
0000101000001000001010000000010000000111000000000010000001000000010010010000101001001100000000000000000001000000111000110000110000000000000100000010000100001000000010001000000010000000101000000000000000001000000000001000010001000000000000010000000000
0010001000110000100010000010110000010000100100010100000110000000000000000000000001010001010000000010010100000010000100010001000001100001000000110000000000000001001000000000000001000000000000000100010100001000000100001000000100001100000001000000010000
0100000000010100000100100100100000000100000000001000000100000000100100000000000000010000000000000000010010000000000000000001000100001000001010000000001001010001100100110000000001100000000000000000000000011000001011000000011001010000000100001010000000
0001100001010000000000000000010000010011000100000000100000000000000001000010010100101000000010000000001000001000100000000000000000000000000000000000000001000000011000000000010000000001000000001001000010000000000001000000010000100100100001000000000000
0010100000100010110000000000000000001100000100101010000000000000000011010000000000000000100100100000000001001010010110000110000000100000001000010000010110000100000000000010110000100001000000000000100100100110000000010000000000011000000000000010010000
1001110000000000000100000101000000010000000010100100100000000010001100000000000000000001000000000000000010100010000000000000101010000000010001100000000010000000010001000000000000000100100000000100000001100000000010100101000000000000001000100100000000
0101000000000001000100010000111001010000001100010000010000000000010000001000000001000100000000100000001010000000010000100001000000100001000000000000010110000000000000000000000001000100000100000000000000110000000001000010000000000100100000000000000110
0000000000001000100000000001010000000001100101000000110000000101100010011010000000000000001001000000000000010000001011010000000000001000000100000000011000100111000000010001001000000010001101000010101000000000000100000000000000000010001000000000000101
0000001000000000110000000000000000000001000110000000100000000000000111011000010001000000000100000000100000000000010000010000001010010000000000000000010011111000101000011000000000000100010100100000011010000010100000000000000000000000000010000000110000
0000010000000001000000000010001010010000000100011100001100000010010000010000000000000000000000000000000011001000000010000000000000001001010010100000000000000000000101001000000101001000000000010000000000000101000001001001000010001010000000000000001010
0000000000000100000000000100000000100000001000000011000000000101010001101001000000010000001000000000001000101000000000000010000010001111001000101000100000100100001000000000000000110000000101000001100000000000001001000000100001010000000000000000010000
0000000100000111000100010000001000001000000000001001000101010000000010010000000000000000000000000010000000100000100101100000010000000011000000001010000000000000000000000001000001100010000000000000000000101000000000000000000011110010000000000000010000
1011000001100000000110100000110000001111010000000000000100000000001000010000000001000100000010100010010000000000000001000000001000000000010010010010000000000000000000000000000001101000000010001000000000100101100001000000000000010011100000001010100001
0010101001000000000000000110000000001001101000000000101001001000000100000000001001100100001000000001010000000000011000000100000000000000010000001011001000000010100100010000100000001101000001000100000000000100000000000000000000000000100000101100101000
0010000000011000010001001100100000001000100100000000010000000000100000000000000000000000000000000000110000000000010000100010000000000010000100001000000000010100000000001011000001001000010000000000100000010110000001000000000000000000001010010000000001
0001101100100001000000000110000000010000100000100000001000000101011100010100000000001101000110000000000100000000000000000000000010001000000110001000100000100100001100000010000000000000001001000000100000000000000000000000000001000000000000000001000100
1000000010100100000000000000000001000100110010000000010000010000000000000000110000000001000000000101000000000000001000000000000010000100001000100010000010000000000001000010000000100001000000000000000000000000000000000000000000000000000000000000000010
0010000010010001010100000000000000010001000000001000000000000000000000000110000100000001000100001000011000000001000000000010010100001000000000000000001000000000000000000010001000100000000000000010000001000000010110010001000000000001011000100000000100
1101000000000000001001110000000000100010000010010000000000000010000100010001100010000000100000001010000110100110000010000100000000000000001100001000000110001000010000100010000000000000000010000100100101000000000000011001011000000001000001010100001001
1000000110000000010100000000100000100000010000010000000000000010000100010100000100010100000000000000000001000110001000010000100000100100000000000000000000000101000100001000000001000000000000000000100000100001000000000010100101001001000000001000000000
1000000100000100100001000000011000110000000001000000001000000000010000011000000001000000010000000000010001000100000000001001000000000000001001010100001000110000000000000000000001000100000100011000100100001000000000000000001000000001000000100000000001
1000000000000100000000000001000000000001000000000001010100000000000000000000100000100000000100001000000100100000000000001000100000010000110100000000000000010000000100101100000000000000000000100010000000000000000000000010000000010000000000001000100000
0000000100000000000001000001000000100000000001000000000000000000110010010000100001000000000010110000011000001000010101000000000001000001000100000000000001000000000000000000000000000000000000000000000000000000000000000000001000010000001000000010000110
1000011000010000000000010010000000100000000000010000010000000000000000000000000110010000010001100000011000010000000000000000000000000101010010000000001000010011000000000010000000001000000010010001010001000001100011000010000000001000000000001000000000
0000000001000001010100010000100000101000011000000100001010000010000000000000000001000000000000001000000000100001000001000000001001000010000100000100001000000010000000001010000001000110000100001011010000001000011000000000000010001000000010000000000000
0001000000000010000000001010001100000000001100000010000000000001000010100000001000000000100100000010000010000000010000000100000010001000000000010000100000000000000100000001000111110000010000000100000101000100000001000100000000000000000000001000000000
0000010000110000100000000000010000000000000000000000000000101000000010010000000100000000100010100000101000010100001000001000000001000000010000000000100010000000100000001001010001000001010001000000000000000110000011010000000000000001000110110000000000
0000001000000100000110110000100010000100000000010000000101100001010000000000000001000001010000000001000000000101010010101001010000000100010000000000000001010100010000010000100000001000000100010001000000000010001000100010100101001100001001001100100000
0000010100000000001000100100000011000000000000000000000010010000000010010001000000010000000000100000100110000000000000000000000000000000000000010000100010000010000000000101000000010000100110010000000010000000001010000000000011000000100100000000000001
0000100001000010001000010000001100000100000000000100001101000000100000010000000010000000000000100000010000000000001010000000010101010000000010000000000001000000000001000000000000011000000000000000000010001000000010000100100000000000000001000100000000
1000000000000100010010001000010101000000011000100000000010000000100001000000000000000000001010000001111011000011000000000000001001000010000000010010000000010010100001000011010000100000000100010011000001100010100001000010000000010000001000100000000000
0010010000000100001000000001100101101000001000100100000000001001000001000000101100010100000000000000000100100000000001000100000000001000000011000001010000001000000000000000100010000001001010000000100001100010000001000000100000000000000000000000000000
1000000001010000001001100000010101000100000000000000000000000000010000000110000011000001001001000000000000000100001000000010110100100000000000000110000010001000000001000000000010000001001000011000000000011000000100110010010110000010000000100111000010
0100000000000000000000001110001010000000011010000000101100000100000000000001000100000000010000000110110001000100011000000000100000001000100000000000000100000000000010110001000101000001000101000010010001010000000010000000001001001000000010100000000010
1000000100100000001000010000010000000000000000000000010000010010000010101100010000000001000000001010100010100100101000110000010000000000001000010000000100010000000000010010010000000000011000000001000010000100000000010000100011001000010000100000001000
0000010001000001000010100000000000000000100000000000110000000000000000000010000000000010100000000000000000000010001000101001010100101010000000001100000000000000001000100111100001100001000001000000000000000000010100000010100000000000000000001000000100
0000000000000100010000000110000000000100010010010000000010001000110010000010010011000100000000000110000001000000000001000000001000000000000000000000000000000100001011001101000010100000000010000000000000000000000110000111000000000100000100000010000010
0000110000000110010000000000010011110000011000010000001000000000000100000000000000001000100010000000001000000000000001010100000000100000000000100000000000000000010000101101000001000101100000010001001000000000101011101100010010001010000000000000100000
0000001001100000000000000001001101110011000000000000000010000100000001100100000000100100000000010000000000000000011000000011001001000000000100000000000000000000001000100010000000100000101010000100000000001100100000000000001000000000000000000000010000
0000000000000000000000000000010000000001000000011000010000000000010010000000100001000000000010000000001110000000000000000000000010000100000100000000000000110001100100100010000000100000000000000000001000001011000100001000000000000000110000000000000000
0000000000001000000000101100001000010010010000000000000000000000001000101000000000000000000101000001000000010110000000000000000100000000100000000000110000100000110011100010100010111010000000000000000010000000010000000000000001000000000000000100000011
0000100000000000000000000000001000000000000000001100000000010000000000011000010001001000111000000000001000000000000110000000010010000010000010100011000100000000010000000000000010001000010000000000100110000001100100010100000000000001000100000100000000
1101000000000010100000000001110000000000100000000001000000001000001001000000000100110001000100101000000001101001010100011000100000010110110000110000000000100000000010000110010000010000000000000000000000000000000100000000000100000100000100011000010100
0001101000010000000001100000000000000000100100001000100100000011010000001000000000000110001001100000000000100000000000000000001010000100011000000000000000000100100010001010000000001100100000000000100000000000000100110000000100000101000000001101110010
0000000000000000100000111001010001000000000010000001000000010010010000000000000001010000011010001000000000010000000000010000000000011000000000010100001000000000000000100000000000011000100100010010000000000000000100001100100000000010000110000101000000
138 112
151 56
