250 250
0001000100000000000000010000001100000011000000100001000001001100000000001000010001010000011001001001001000000000000010000010100010100110000001000010000010000001000000100001100000000000000000010000010000000000000000000000000000000000110000000000001011
0100001001000100000000000000000000000000010010000000000000000000001001010010110100001000010000000000000000000000010000000000000110000000010000010001001100000000000000000000000100010010000010010000000000010000000000101000000100011000000000100001000011
0001001010001000100000111000001000001010011000000000000001000100000000000010000010100000001001001000000010010001001000000000000000000110000100001000000100000101000000000011000010001110001000010001000000100000000000000010010000000001001100000011010000
0010010001000000000000100000000001000010100000101100100010000011011011000010001000000000000010100001000001100000000011000000010001100010101000000000010010001100000100010010110100101010000101000001000001000000000000100000100100000000000000000000100000
0100000000001000000001100001000000000100000010000000000000100001000000001000000000100000100100000000000000001000000000000001000000001000100000010000010001100011010000000001010101000100000100001011000000000000100000000000010000001100000010010000010010
0001110100000000010000001000011101000010000000100000010011110000011110000010001001000000000011000000001000000100000000000000010100000000000000000000110000000010100000000010001000000001000000000000000101010010010000000010000000000001000000000000000000
0000000000000100010000001000000000000000001000010010000000010000000000010000000000110000000100100100010000000100000000000000000000000100000001110000100001000000000101100000000001001011000000000000000000001010010001010001000000000001000000000000000100
0110000000000000000010110010100000001000000000100001000000100010000000000000000000100000000000000100000000000101000000100000000000010000010000110100000100000100010001011001000000000000011000000000000100011000000000000000000000000000010001100000000010
1001100000000010010000000111000011001000000011110000000000000000000000000001000000000011010010000001010100001000010000001000001000001000000000000000000000010001000001000000000000000000000101101100000000000010100000000010000010000000000111100000000010
1000010000000101000000000010000001001000000100100000000100000001010000101000000000110000000110101000000000010010001000000010010000100000000001000000000000010000001001000000000001000011010001010100000000000000000100110000000000100001000000001110000000
0100100000000010100100000000001000000010001110001000000000000000001000000000000000100100111100000000100010100100000101000000001000001100100000000100100010001000000000001000000100000000010000100000100000000010100000000000010000000010000100010010100000
0000010011000010000000000000000101000010000010101000001000000000000000000010001000000111001100000000001100000000000000101000000000000000001000000000000100000100001000100000000100100000100100100000100000101000000000000010000100000001110001000000000000
0000000110100100000110010001000000000000100000000100000000000000000000100001000000100000000100010100100000001000001000000000001011100001000000000000000001000001011001000000000010000001000000001000000011000010000001000000001000000000100000100001000000
0001000000000000000001000000000001000000000100010110000100000001000000100000000100000000000000000001000100000100010001000000000001001000000000001000000110001010010000000000010010000000000000010101001000000100000000010100000000000000000000100000100011
0100000100010100000100000000001001001000000000000000100010000001000001100001001100001000000000000000000100000100000100100100100000000000011000000000100000000110000010000010100000100000000010100001010001100000000001000100000010100001001000100010001000
1000000100001000000000000010010000000000000100010000001000100000000100010000001010000010000000001000000100100010000100000100000101000000010000000000100100000000000000000010100010100100000011000001000011000010011100000000001111000000010001000010010000
0000000100100000000000000100001001000000000001110100001000111100000100000000000101000001000000100000000100000100100010000000010000000001000001100000000000100000010100000100010001000010001000000100100010000100000000000100000010001010000000000100000000
0000000000000001100000000000000000100000000000000110001010000010000000000000000001100010000000010000010000100000100000000110000001001010000100000000000010010001111010000000100000001100000000100000000010000001000100000001101000010000000101000100000000
0100001000000000000001001000000100001000000110010001000000000100000010100110000000000001000110011000010000000100001000000000000100100000000000000000000010000000000000100000000100000000000000010110010000100000010010001101101000000000000100000000001000
0000000100000000000000001100100000010100010010000010000000000000010000000000000100100000000001110000000100001001000010010000110100010100000000000010110000100000000100010000100000110000000000000010001000010100010000001000000010001000000010000001100000
1100100010000000001111000001001000000000000000000001010000000100000000010001000010000000000000010000001001000001000000000001000101000000000000000000010010100000000000000000000001010001000000011000000000000011001000000100001000000000011000000000000001
0000010000010001000101010000001000001101000001001000100100000000000010100100000000100100100000000000000110001000010010000010000000000010000000010011000000000000010000000000000010000000100000001010000000000111000100000000000000000100000010000010000000
0000001000000000000011100100010100001000000001010001001010000000000001000001000000100010010101110000010010001000000010110001000000100000001100010000010000000000000000001010000000100010000000100010000000100100000100000110000000000000000000100000001000
0000000000000110000100000100001000000001000000000000011101000000010000000000010000000100000010000001000010101000100010010000000000001100100000000000000000100001010000000000000000000101000000110000010100000010000000000000100001000000010110100100000000
0000000010000000000000011000010010001010001010001000000000000001000100000100000100011000000000000000010000000000110010000001010000000000000000000001001000010000000000000000000001000000010000000000001000000000001001000010000111001000000000000001000000
0000101001000000000000000000000000010000100001000001010001010000010100000000000000100000000000000000001000000001000000000011100001000100010000100100000101001010010000000001000001000000000000000000110001001100000000000111011001000001010001000000000000
0000000000000000000100000000000100100000000000000000100000000000000000000100010000000000000101000000100001000000000010000000010000001000000000000000000000100000000010000000001000010000100000000000100010100000100000101000000001100000000000001000000000
0000000000000000001010000000000110000001000100000000001100101110000010000010000000000000001000000000001000100100110000000010000000000000000111010000100000000000101000000001000001001001000000001000000000010000000001000000000100010010000000000010010100
0101010000000000000100000000000001000010011000100000010000000000010100110010000010010100100000001000000000000000100000100000100000000000000000000000000000011000000000100001101100000000101100000000000000000000000000001000010000000000011001000000100010
0000000011000000000100000000000000001001100010000110100000000001000010001010000110100000010100000010000000100100001010000000000100000000000000001000000100010011000100000000000010000000100001010000100010000010001010000000000000000000000001000100000010
0010101001100000000011000000010000000000000000000000000000000010001001100010000100110010000010010000100000000001000000000001010101110010000000010000000000000000010000100101000000000000100000000100001000000001010000000000000000001000000001001000111000
0100000000000100010011100000000010000101000001110101000000010000000100010101000000100000001000000000000000010000000000010010101000100010000100000000000010000000000100000000000000100000000001010000000001100100000000101000000000000001000000010000010010
1000000000001011010000000010010000000000000000000000000100000000000100100010000000000111000000001100000010000100010000001000000001000001001100000010000000000010000000000000000000000000000001000000000100000100111000000001000000010000000000000000000001
0000000100010000000010010000000001010100000001000001010100000000110000000000111000001100100000010000010000000000001001000000000000001000011000001000000000001000001000010000000100000000000010000101100000100000000000000101000000100100110000011010100000
0000000000000000000000001000000010000000000100100000110100000100101001001100111000001000000001000000000000000000010000000000101000000100000000000001100100000010010100110000000001000100000011010011100010010000000100000000000000000000100000000010000100
0001000010000001100000001000000000010000010000000000000000100000000000011000101010011000010000010000000000000011000110001000000010000000010000100000000001000000010000011000100000000000000000100000000000010000010000000000000000000100000000010000010000
0000100001001000010010000000100001100001100000000010000000000000000000000000010000000000000000000100000010000000000000000010000100000000100000100100000000001000000000001000000000000000001000000000000000001000010000000000100000001110100000000001100000
0010100000000011000000000000100000011000000100000100001000101000010001000100000000000101000000000000000000000010001000000000000110000101100111001001000100001000000000000000000001100000000100000000010000000100000000001000000010010001001000010001010000
0100001110000101001000001000000000000100000001010010010000000010000000100000000100101001000100100001010000001000010000001101000100000111000000000010000010001000101000000000000100000010000100001000000000000000000000000000000100000000110001000010000000
1000100001100010001010011010000000010000000000000001000100000000000001000000100010000000110001000100000000000010000000100000000001000000000001000001000001000000000000000000010000000001001000000100011100100010100000000000000100100001100000000000000001
1000000011000010000000000000000000000011011010000110000000110010100000101010010000010101010000000100000000000010000001000111000000000000000000100000000000010000100100000000001000100000001000000000000010010110000000001000000101000100000000000100110000
0000000000010000000001100001110000000100000000001010000000100000001000001000000001001000110100000000000000000000100000000100010001110000000010000000100000100000000000000000000000000000011100011000000000000010000000000000000000001000010000100000000000
0000000001000000010010100100000000010000000001001000000100000000000000000000010100000000000010001110100000001000000000000100001000000000100001110010000000010010000000000010000010000000000000010000010000001000010000000101010100000010000100000000100000
0000100100100100101111100000000000100000000000000000010000000100010000010000100000000001011000100010000000010000000011000001100010000001001000010001001000000100000000010000000000000100110100000000001000000010000000000001000001000001000000000001000001
0100001010100100000000000100000011000000000111000000011000100000000100000001100000110000000001001000001000100001000010000001000000000000100001000001000000000000000100000001000000010000000000001011000000000110001001001000001000000000100000000110000000
1001100001000000100101000101000000000010100100011000000110000110000000001000000000010000100000000000001100000010000000100101000001100000000000010010110000000000000000000000100000000000000000000000001000000001000000000101000000100001000000000000000010
0000000000000000000000000000000000110000100000000000000000000000100010000010000000000000000000000000000010000000000000100000010010000000010100000001000000000000000100100000001000010000000010000001000001010000000001011100001000010000101010110000000000
0000000010000000000100000111000000000001010000000010000101000100001000000000000000000001011011000000000000011101000010000010010000001100000000000100100000001100000000000000000000100000010000000000000001000000000100000000000000001000000000000000100010
0000000000100100000000001000000000000000010100000001000100001001000000010000010000000010010010110000010000000110000000000000000000000000000001000010100000100100000000000000000000010010000100000101110000000010000001001011010000000100110010000000000010
0000000000101000000010010000010001000000001000000010100000000000100000000010000000100000000010000000000000000000100000000000100000000000010010010000100001000000000000000000001000000000001110101100010000000000001000000000000010010000101100001000000000
0000000010100100000000001010010001000010000010010000000000000000100000000010100010000100000000000000000000100001100000000000001000000011000010010000000100000010000000100001000100100001010001001110000000000100000001000010010000000001000000000000001100
1000010000000001011100000000100000000000000101100000100000010000000010000101000000010000000000000000000000010000000000100000000010000010000000000000000000000000000100000001010000011000000100110000100000000000010000101000100000010000010001100000000000
0001000000000001100000000000000100000010001100000000001001001000000000010000000000100000000001101000000000001000100010101000001000100001001000000100010001000000000000000001000001100000000000000000000000000000001000110100000001010000000000010000001000
0010010000100000100010001000100000000000000001100001101000000000000000000000010100001110000000000000000000000000000100000001000100001000101000000000010101010001000000000000001001000000000000000000101010000000000000001100000100001000000011001000101010
0111000000000001001011100000000110100101001111000001000010010000000000100010000000000011000000000110000001000000000001000000100000001000101000001011000001011000101000011000000000000011000100100100000000000000000000100011001000000110100100101001000000
0000010000000001000000001000000000100000000010100101000000000000001001000000000000010010001000010001001010000000000000000000100100010010011000000001000000101000000000010000000000100010000000000010010000000010110000010110001100010001000000000001000000
0100000110000001001000000010000000000000000001000001000111000011000000100000001010000100000000000100010101000000001100000000011010000010000001010001100001001000000100001100101010000000000100000000000010000010000000000000010001001000000100010000001011
0100000000000101100000000111010000001110010000000000000001000001000100100001000000000010000001100000100001000000000000010000000000000100000000000000010000000000001000001000100000000000010000010000000000001001000000100000100000000000000000100010011001
0000000000000001010010000000000000001100000101000001000000000000100010001101100101000010011000001000000001000000000001100000000100000100000000000000100000000100010100000010000100000000000000010100000000000100000010000000010000000000011000000000000000
1000000000100000100000000000000010000010000010001000001110010100001000010100000001100001010000000100000010001000000000000000000000000110000000000000000010000000010010000000101100001000000000100010000001000000000000000010100100000000000000100000010101
0000100000100010010000000111000100000000000001010000000010000000000010000110000000001000010101011000001000101000000000001100000000000000000000000001000000000000010100000000000000100000000000010100000000000000011000000000100000000000001000000000000000
0111100011000000010000000000000100010011010000000110011001010000010000000000000001010000000000100001000011000000100000001000010000000000000000000100100010100000110000000000000100000100000000010000001000000000000000010000100001000100000001010000000000
0000001000000010000000010010010000000000000000000100000011100000001100000110100001001000011000100010010000100100100011101001010001000001000000000100001000000001000000000100000000110010100000010100000000000000100001000100000000000000000000101000000001
0000010001000000000000000000000000100000000001100000000000100001000000100100100000001000000010010001011001000000000101000000000000010000000001000000100000000000000000000100001000000000100010000100000110001000001100000010000000010000010000100110000000
1110000000000000010010111000000100001000000000000100000000000000000001001000000000000000000000000110001001000000010000010000010001100001001000000010000000000001000000101000000010010000100000000010000001000001000010100000000000000101100001100101100000
0001000000000000000010100000000001010100000010000000000100000000101000000000101010000000001000000000000010001100010001010001001000000000001000100000000000000000000000101010000000000010000000010000010010000100000000001000101000000000010000000010100000
0000000000000011000000000100000101100100000000110001000000010000001110000010000000000000000011000000000000100000000000010000000010000011001110000000010110001000101011000100111010101000100000000000000001011000000001000000000000100100001000000000100000
0000000010000000100000011000011000100000000000000000110000010100100001001000100000000100000000010000000100000001000100110000010000010100000000010001000000000100100000000100000000000000000000001000000010000000000000000001000000001000000000010000000000
0001000000000001000010000001110000000100100000100100111000100000100000000000000100100000010001000000101010001000000000000100000000100010110000110010101000000000100010001010000000000100100000000001000000000000001000000001100000000001010000010000000101
0000000000010010000000000000100000000000000110000100000010000000000100001000100101000001100010000000010100100011000000000000000100010001001000001001011001000000000000011000010000000010000000000001010010101110001100010001011000000000100000001000100000
0000000011010000100010100001000101000000100101111001000100110000001001001001000100100000001000000000000000000000100000010000001100000000000010000000001001000000001100101101000000010001011000000000001001010010000010001000000000011000000000100000010000
0000100000100000010010000001000100001000100000011000000100000010000000011000000000000000000000000001000000000001000100000010000001000000000010010100000010100001000000000001011001010001000000001000100001100000010100000001000000000010000000001010100000
0000110000001000001000000000011001010010000000010000011000100110000010000001000000010001010101000001000001010000000100000000001000000000001000000000000001000000101001001000001101000001001000000100000000100000000000000000010000000000000100000010000000
0000100000001000000000010000000001001001100000000000010000000000100000001010000000000110000000010000000110000001010000000000100000001000000000000100000000000000000100000001001000000000000100000010000010100010101010000000011001000000101100010100001000
1100000000000000000000000000000000000000000000000000000010000001000000000100000000000000000000000000000100011000000000011100000100000000100001000000010100100001000000100001100011000110001100000100000000000011100110100000010010001000100000000010000100
0000000001000110000010100000100000000000000000101000000110000000000000010000001000000000001000000001010000000000000000010000011000000101000000101000000000001000000000010000010010000100000000000100001100000000000100000000010100000000001101000000010000
0001000000010000010000000101000101000010100000010010010001110100000010000001000000000000000000000000000000000000000100101000000010000000010000000010000000001101010000000010010000100000011110100100100000000100000000000000000001100010000000001001000000
1000000000100000111001010000000001000010100000010001000100100010000000100000000000001000000000000000001001011000000001010000000000100000010000000000000000001000000000110010000000000101001000001001100000100100001000000000010000000000000000100001100000
0000000000000010000101010110000100000010000000000000101000000000001100000000011000000011000000001000000100111010110111000110000000100000100000000011110000000000110000010000001000000000100010000000100000000010000001010000011010100000000100000000000000
0000000011000001000000000010000000110000010000000100010100001000000101001100010000001001000000000100010000000000000000100000010000100011000011100000000100000000010000000010001100001000000000100000010000000010000000001000010010000000100010110000001100
0000000010100010000101000000011000011001000000110000111011000001100000001101000001010001100000100000000000110000000001000000000000000001000011000110000100000011100000000000000000000010000000000000001001100010010000010010000000010000001000010001000000
1001001010010000100010000000100001000010000000000001000000100010000000001000100000000100000010010000001010000000010000101000001100000000000100000000000000000100001010000000000001000000000001101001000000100000000000000000100100000100000000001000000000
0000011110000000000000010000101100000000010000000010000110001000010010000000000000001000001000000000000000100000000000000000001001000000010000001011000000000000010011000111001000000001000000000110000000101010110001100000100000100000000100000010000000
0000010000000000010000000000001000010011000000000000010100101010000000000000001001010000000000010000000000001110001100000000001000000010000000000000000000000000010001000000010101000000100000000001110000011001000000001000000000000100000010110101001100
1110000000010000000000110100000001000000000100010010000000000000000100010011000000000010101010000100000011000100011000000010000001000000010100100000101000000100010001000011000000000000000000000000001000000000000000000010100010010000000000010000000000
0010011001000001000000000100010101000000000001000000001000000010000000001100000001001000011000000000000000000000100100011000001001000001001000110001100001010000000000010000100000000000101000010101101000001000000000000100000000000000000011010110100100
0000010000000000000000000010100010100000001001000000100000000000001001000000000010000000000010000100000000100000000000000100010000010000000000000000001010000000011001000000001000000010000000000100001000001000000010000000100000000000000000001100000100
1000100000010000000001000101000000000001101000000100000000000000000000100110001000110000000000000010000000001000000000000000000000010000100100100100100101001000001001000000000100000100000000010100011000101001000100000010000001000000000100010000000000
0000010000000010000000010000100100000100000101000010001000000001000010000000000000001001000000000000001000100000000000100000010000000000000010010100000000100000000100001011000001100000110101000000000001000010001001000001000000000010001001101000000100
1000011000101000000000001000100000000001001000000010011100010000100000000000001000100000000000000000100101000010001000000000100100000000100000000100000000010000000110110100010100100001110000000000000001000000100001000000010000000000000000001000000100
0001000000000001010011000001001101010001011100000100000000000000000000100000000000011000001000000000000100010010000010001000010000000000000100000000000000000000000000000000000000000000000000000100000000101000001001000000001000100000000010100001000010
1000100001000010011000000000011100000001000000000100000010101000000000000000000001010000110000001000000001000100000001110000000000101110100000010111001010010001001000010000000000001001100100000001010000001000000001000001001000100000000000000000010100
0000000000001000010100011000000000100010100010100000000000000000000000000000000100000000000000000000001001001000100000000100000000001000010000000000100000000000000001000000010000000000000000000001010100000100110000000000000100000001000100000010000001
0000010000001001000001000000000000001001100110000001000010000100010010000000010010000000010000000000010000000000000101000010100000000101000100000000000000011010000000000000000000000011000100000000000001000000001000001000000000000000000000000111000010
1010011010100000000100110001001000000000100000000001100010000000000011000010001000001001000100000100100000000000000000000000010010100100100000100000010000000101001010001000000010000001001000010010010010000000000000000000100000001000010100000010000000
0000000000001010100100110000000001000010001100100001000000000010000000000000110001000000000000000000000100100010000110001000010001000000001000000000000000000001000100000000101010100100000000101001001100010000011010001100100100000000001000000100000000
0011000000010000000100010000000000100000000000000000000010000010010000010000000010100000000100000010000000001010001000000000010000001000000000000000000000010000001000100000000000010000101001010000000010100000000000000000000100000000000111000010000000
0000000000001100000001000000000000000000010100100000000000000000100000000110000011000000011000100000000001001110001000001000000001100000000100000110000000110000010000000000000000000100001101000000100000100000000000000000000000000010100101001000010010
0000100000100010110001000010000001100000000000000000000000100000010001000010000000100000000000001001000100010000000001110000100100001001000000000000001001010001000010000000011000000000000100000000000010000000000100000001000001000000001000000010000000
0000000000000000001000000001000000000010000000100000000100000000000000000011110000001000001001000000001100000011000000000000000000000000110000000100000001001000000011100000100000011000010111100101000110100000000000100000010000100000000000000110000000
0100000000000000001000000000000000100010000000010000000000000100010000100000110000000010100101100001010100000000000000000000100000000000100101000000100000000100000000010000101000000000000111000010000000001000101000011110111000000000000000010000000000
0100000101000001000010001000000100000000000001000000000100000001000100100000000000001001000000110110000000001000100100010110001000000000010000000000000000001000001000000010010000100000100000000011001000101000011000100001100001000001000100010000001000
1000001000000000000010000100000011100111010000000010000100100010000001001000000000011000000010010000000000011100000010011000000010000000000000000000000100000000000100010000000100000000100000000000100000001000001000100000010010100100000000000100000000
0000100000000000100001100000001000000010000000100000000000010000000000100000011001100000000001010010001000100100000010010000011001101000000010000000100000000000000010000011001000000101000000000001001101100100000010100000000000010000000000011000000100
0000000000101001001000000110000010000001001000000001001110000000101000001000100010100000000000000010000000000000010000100000000010100100110000111000000000101000010001000000000000000100000011000000000000100000010000000000100000001010000000101000000001
0000000000010010000000001100001000100001001000000000000101010010000100000010000101100000000000000000000000000000010000000001000001100001000000101000100000000001010011000000001010001001000000001100000101000011000000000110010000000000010000000000010011
1010010010110011000001000001010000101010000000000100110100000000100100000100100000100011000100001100000000000000000000000110001000010000001000100100000000000000000010000000001000000000000001010000000100001000001001000100000000000000000110000000000101
0000100010010000001000000000000100000010001001010000000000101000001000000000100000000000001110000101000001000000001010001000000010000110100000100110010010001001000000010000000100000000100011100110000000001001000010000000000001000000000000110000000010
0000000001000001000000100000000000000000001100101000100000100001001000000000000000000100000110010010000110010100100000000100001000010100000000000000000000001000000000000000011100000000010101000001000001001000010000001100000010001000010000000100000000
0000000010100000000000000100001001000000000000000000000000001100000000000000000110000000010000000000100000000000010010010100000000110000010000100000000000000000000000100000000000000000000000000000000000000000000100000000000000100100011100011010000000
0000000000000000000000000000001101010010000001000010000100100110000001010100010000000110000100000011000000101000100100000000000100000000000100000001001011100000000000000001010001000001000000000010010000010000000000000000010010010100000000000000000000
0000000101000100100000000001000001010100000000100000000000000000000000010010000001100000000100001000000000000001001100000010000000000000100000000001010100000000000001000000000000001101010101000100000001000000010000000011000000000101010100000000000000
0100000000000010001000000000000001000000010000100001010001000001010000000010000000000001000000000000000010000100010000010001000001010100000010000000000000000000000100000000001001100001000100000000000000000101000000000000000000110010010000100100000110
0111001000010001100000000100000001000011010101011000000101000111000100000001000000000000000000100000001000000001011000000000100000001000000000000000000100000000000001010000000000000001011000100100001000001000000000000100000101100000000000100001000011
0100000000000000000000000000000000000100110000111000001011000000101011000100000111000001001001010001010000100100010100000000110001000000010000000000100001000000000100000000010000000000001101000110110000000000001000001110001000000000000001000001000000
0011000100101001000010011000000000000011000000010001000000000100000000100010010000000000000100001010001000001000000100000000000000001000000110000000000000011000000001000100000000100000000000000010000100100000000001100000000000100000001000000000010001
0010010000000100000000000100000000000000001000000001100001001010000001000000001100000000010000000000000010000000100010000100010000000011000010010000000010001100000000000000011100000000001000010000000000000010001010000010101000010000001000000100000000
0010000000100000000110000000000010000011000000000101100100010010000011000000010001000000000000100000000100000000000000001000100000010000001100100001000000000010000000011010000010110000001100000000000001001000000100011001000001100000000000000011110010
0000001010010000001010000000001000100001000000110000000100001000000000000000000001000000000000000100100011100000000001001010101000110000010000010000000010000010000001000100010100000000101001000001001010000101000000000000100110010000000001000100000000
0100001000000001000000000000000000000100100001000011000010000100000000000000000000000000001000000001010010010011000000000001000000000000000000000000000000000100001000010100101010000000000000100000000000000000100000000001100000000000011101100100010011
0100100011000000001000000001000000000000100100100000000000000001100100000010000000000000000010001100010000010110100000010110000000000001010010000001100010000000010000001000000000000010100000000001011011010000000000010000000000000101000001000100100000
0100100000000000010000000100000000001000001000010001000010100000000000000000100001000100000000011000100001000001000011000100010100000001000100000001000100001001001001010000010010000000100101000000100000000000011000000000010000000000000000100100000011
0100000000000100010000000000100000000000010000000000001100000001000010010101001000001000010000100000000101000011100001000010000000000100010001010000001000000001001000000000000010000000011000000010110000000100010000000000000110000000000001000011000000
0000000000010100000000001000000000100100001000000000000000000000100011100000000000000100000000000010010000000110010000000000000000001000100100000000000000000000000000000101000100000010000000000000000001000110000101001101101000000000000000100000100000
0000100000000100010000000001000010000001000100001100000001000001010100100010000000000000000100000010000000000000110001001000001000000010010010000000000000000000010010000001001000000001000000001010010001100000101000000011100000000101010010010100000000
1000010010000010000000000100001010000010000000010000000000000000010001000000010001000000110001000000011010000010000100101001001111000000000000000000000100001000000000000000010010010000000000100001000101000000010001001000000000110001000000000101000000
0000000000010100001000000000000000010000010001001000000110000110000000100000000001001001010000000000000010000000000000000000000001001000110100100000001101000000000001001000000000010000000000000010000000100010001000000100000001000000110001010100101000
0000011001010100000100000100000010000001000000001000000010000011000000000000000000000001001000001000000000010100000000000000001100000000100001000101000000000001100000000010000000000000001010100000100000000001000000000100000000000010000100000000000000
1101010001000000010000000000100000000111000000110010000001000000000100000001010010100010010000010000000100100000011010001000000000000001001000110100000000010000110000000001001100000100010010010010000000000001000010000100000000000100000000000000100000
0000000000000000000000000000000000000001000000000000000000000010000000001000000000000000101100111000000000000000000000000000000000000000010000100110010000000000000000000000100000000000000000100000000000001001001010110000000000000001000101000000001000
0000100000000010001011000001100100000000000000000011001100000010000100000000010100000010000001000000100011000010000000000000000000001011000000000011010101100000000000000000000000000000100000000100000101000100000000000000000010000010000100010100000000
0000000001001000000000001000000001000001001000100000001001000000000000000000000100000000100000000000010000000000000000000001011000001000000000000000000010011000000010000000100100000000110000010000000100000000011011000000100000000110000000000001000000
0110000010001000100000000010000000010000010000000000000000000011100000100010000000000000010010000000000100000000100101010000000100000000000001110000101000110010000000101000010100010100110000000000000011000000000000101000000000000100000000000000000100
0000110010011010000000000000100000000000001000000100000000010001100010000000000000000001001101100100000000011011000001000000000010001000011000000000100000001000010010001000000000110000100011000100000001001101000001000001000000100111011000010010000000
1000011000000000000000000000000000000001001000100000001100000000010000000000000000000000000010001000010000000001000110010001000100000100000000000000010000010100000100000000000000000001000000011000001000000000000000101001000100000000000000011010000001
0000000010010000100000001000000000000000100000001000000000110001000000000000110110000001000001000100010000011000000000010010000011000010000000000000010010000100010000000000011010000001100000000100000000000000100000100000100000100000110000010001000010
0100001000000100000000001101100000001000000000000000000000001000000000000100000000000000000010000000001010000011101110010000100000000010000011010100000100000100000010000010001001000000001000001000000101101100000000000000111110000000010000001000000000
0000011000001001010000000100000000010000000000000011001100010100000010000001000100010010000000000000000000001110000000010001000111000000000000101000000000100010100000000000000010100100000000000001000000000000000000011000000000100000000001000110010010
0000100100100100000011001000000000010000000000001010001000000000000000000000000000001100001100000000000000000100100000000000001001001010001110100101001001000000000100110100000101000001001001010000000000000000100001001000101000000000000010001000000000
0000000000101000001000000000110101000000010000000000100010010011100000000000001000100000001000011000000000001100000000000000000000010000100000000001000101000010000011000100001000000100000100100000000000000001000100010000000000101100010000000000010000
0000000011000100000000000001000000000111000000101011000000000000100000000010000001001000010000001100000100000000000100010100000001100000000100100010001100000001001101010000000010000000000100011000001000010000100100000000100010000000000000000000001101
0100000001100000000000110011000001001101000000000000000000000000000000001001000000000000000000000000000000000001100001000100000000101000010010010000100000000001000001010110000000000000001000000000100100000101000000000000010000000000001000010000000010
0010010000001000010001001000000001000111000010101000000000000000000000010011001000100100000000000110000010100100000000000000000001000010000001001000100100010000000000000000000000001000000000011100010000011010000000010101110000100000000001000100000000
0000000001101000000011010000000000000000000000001001000010000101000000110000001000001000000001100010100000000000010000100000010000010000000010000000000000000000001001000000100000000011000000001000000000000000000100000100000100000000000000000101000000
0000000000000000000001000000000000000001000000101001100001000000000000000000010000000011110110001110000101001000000011000000000000000001101010100000000000000000010100000100100100000000000001000010010000000100000100000010000000000000010000110000000001
0000000000010000000100000000000001000001000110000000000001010000010010000000000110000000000000001011100000000000000100000000000001000000000000000000000001000000100000010000010000000100100001000000011000010000100000000010000000000000010000000010000000
0000000000001000001010000000000010000000001010000010000000000000010000010000000010000010001010001000001001000000100000000000001010100000000000001000010000000010000010000010000100000000100000000100000000000100000001000010000100000000000100000000000000
0000000010100010000100000000000100101000001010110001000000000001010000100000100000010010100001010000010000010001001110000010000010000000000000000000001000000100000000000100000001000100100000000001000110010000100010000000001010000000001000010001000000
0000010000001000000000000010000111101000110000001000000000000001000000000001000010000100000000000011000000000100010000010001000000000011010000000100000000010000000001000001000000000100100000100000001100001000000010000101001000100000010010101000000010
0000010000011000000000000000000000001000010110100000001110000000000001100010100100000000110000100011110001001000000001000000010000000000001100000000000000000001000000000000100000000000000000111110000001000000000000010000000000001010000000100101100001
0000111110000000000000000000000001000001000000001000001000000000001000000000000000000101100000100100010000000000010000000010000001001000010000000000010000001000100001010011010000000000001100000000100001000000001000000100100000000001000010001010000000
0000000000000000000000000001010010000000000000010000000000000000010010000000000100000010100000000100100000010000001000011001100000010001010100010010000000110011000000110000000010000000000000000000000000100000010000000110000000001100000001000000110010
0000000100001010000010000110000010010000000000100000000000000000000000000000000010001001010000001010010100000100000000000100110100000000000110100010010011000010100000000001000000000100100000001000000000001100000000000000000001000000000000000110000000
1010000001001000010000100000000100010000000000000110000001000001000000000010010000100110000100000001010000000000111000000000001000001001000010000100000000001001001000000010101000000000000010000001000100000000000000001000000100000000000100000010000000
0001100101000001001100000001000011000010000000010001100000000010001010010010001000000000001100000101100000000100000100001000000010100100010000000000000100000000100011000011010000100110000000100010001000000000000010000010000100000000000000000000000000
0000000110010000000000010000000000000000000100001000000000010000000000000000010001000000011000000000000001100100100100001100000100000000000000010010100010010011011000001001000010000110100000000010010000000100001010000000010000000000000000101100010000
0010000000001010000000000011000001000000000110000010001000100100000000000100000000000000100110000000100001000000000000000000000100000000011000000000100000000100000000000010001000000100110000000001000010000010001100100001000100000001000000000000010000
0001000100011100010000000000010000000100000001001000000000000000100100000001011000000010000000010000000001000001000000000000000010100000001001000000000001100000000010010010000100000000010000000000000100100000000001000001001100001010000010000000000000
0000000000100000000001000000000001000010010000110000001101000000000000000110000000000010000000001000000000000010000000100000000000010000000101001001010000000100001000000000000000010001000000000000000000001101100010010000000000000000000010000000101000
0000001000000001100011010100000000010000000000000000010100000010101000000000010010010001010000000000001000000000000100101000001000010000000000000000001011110010010000000001100000000000010100011001100000100000001010000000100100000100000001001001000000
0000000000001010100100111000000000000001001011001000000100000000100000000001100000001000100000000001000100000001000001000001000000000001000000000010011010000001000000000101000001001000000000000100000000000101000001000000110001000000000100000010001000
0000000000000001010100110010000001000000010000000001000000000100000010001000000000000000000000001000000100000001000000000000000000000000001000100000000000100000000000000000000000000111100000010001001000001000110100000000100000001000000011000010100000
0000001000000000001100000000100000010010010010001000100010010100100000000001001000000000000000000001001000100000000000100000000000000100101000001000000000000000000000000000000000001000001100110000000000000010000010000000000000010000011000000000000010
0000000100000100010000000000000001000010000010001000100001000010000000010000000000001000000010100011000000000001000000010000100000100000010000000000001001000000110000000001000000000100000010010000000110010000011000011000000011100001100000000000000000
0010000000000000000001000001100000001100001000001000100000100000000000100000100000001000000001000000000000000010000000000001000000000000100000100001110000100000100000000100010010000011000000000000000000000000000110000100000000000010100000001100000010
0000010110000010000000100000001000000000001011010011000110100100000000011101000000100001000000010000000000000000000000100000000000100000001000000000010000000000000000001000000110010101000100000000000000100001000001101010010000100000000000100000000000
0101110000000000010000000011000000101010000000100000000010000001000000000000001010000011001011000000000011000101011010010000000000000010100000000010000000000000000000000000100000000001001000100010000001000000001010010000000000000000000100001000000000
0100000000000000001010000000000110010000000000000000000000000000000000010000000000010101000000000000010000000011000011000001000000100010000100100000010010000000000000010000000110000010010101000000000000010000000000000000000000000000000000000000000010
1000000000000000000000000000010000000000001000000001000101100000000000000100000000001001000000000000000000001100011000000110000000010011001010000000000000000000100000000001000000011000000100010000100000000100000001000000001000001100000010000000000100
0001001000100000010000010000000000000010000010000000000000000001100101001100000101000010000010000011000100010000001010100100000001100000000000000000100001000000010100100000101000010101000000000100001000110000010000000011101000001000000000000000010000
0000100000110000001010000000000000011100100000000010100000100111010011100010000000000000000000000000001001100000111000100010010000000011010100000010000001000000000100000001000000100000001101010000000000010000000000001000000101000000000100000010110100
0000110100000010010000000000001010001001000000100010000001000000000000010000010000000000101011000001000100001000010100000100000001100000100010000000000000000000000000001100001000100100000000000011001000010010000101010000000000100001010000000110100000
0100000000100000000000000000000000000100000000000001100111000001001000010000001000000010000000000000000100100100000000000000000000010010000000000010000001000100000000000110011001100100000000000000000000010000000010000000001000010001001000000000000000
0010010101000100000001000000000000010000000011000000000000000011000000010001000000000001000000000001001010000000001010000001000000001000110000100000000010000001010000000100101000001000000000000000000001000000110000010000000010000000100001001100100100
0000000100100000000100001010010000000000000000000000000100000100001011000000010000000100001000000000000010000100001011000000000010000000010000100000100010000000000000000000000000000100000000000100011110000000000000100000110000100100010000000000000010
0000000001001000000010000001000000100000000001000010000100000000010101010000001100000000000010000000000000000110000010001011000000000000001000000010000000100010001100000010010000000000000110000001000010000000000000000010001000000000000000100100110100
0110000001010000000000001000000010010001010000101000100000000010000011000001000010010001000100000100001001010000000100001000000110010000000000000101000011000000000001000001000100000000000001000010000010000000000000000000010001011000000000001000000010
1110100000010010010000000001001000000000000000000000000010101100011000000000010000000001000000110000000000100100010001110010000000010000000000001010000000001000000000000010000000000000000000001000000000001000000000010000100000110010010000000010000100
0010000001010000010000001000000000000110000011010000000000001000100000000010010000000000000001000000000000000100000010101000000001010000110001010000010000000000000100000010000000000000000010000000100000001000000000000000000000000110000100000000000001
0100000000000100000000000000000000000010000000000001000100010000100000000000000010000000000010000000010010001000010001100001001000000100001100000000000010001100000000001000000001000000001110000010000000010100010001000111000000000000000000001000000001
0010100000000110000000001000000001011000000000100000000000000000000000001000000000100000101000000001010000000001001100011010000000101001001001010000001000000000000000010000000000010000000100000000001000011000000000100000000110000000000000000010000000
0000000010000000000000000100000000010000000010000000100000001000000100000110010000100100000100010001010000100000100000001000000000100000000000000000001000000000000100000000000000000010000000000000001000010000000100011011000000010000100010010000010000
0100010000100000000000000000001010001000000100000000000000000000100110000000111001100101000100000000010100000010001000010000000001000000010010010000000000000000000010000101010010001000000000010000001001011100000010011100001000000001010000001000000000
0000100000100100000000000000000000000001000001000010001000100000011000110100001010000010010000001000000000000000010000110000000000000110000000000000010000000010000001000000000001001000000010000100001010100000000001001100001001010011000000000100000000
1010001000000000001000000010010000000000000000100010000101000100000000001100001000000000000010100000000000010100000000000000000010000000000010001001000000000110001000100000001000000000000000000000000100000000000000001000100000000110010100010001100000
0000000000000000001010000110000100000000000000100010000100000000100001100001010000100101000000110100001000010000001001000001000110000001000010000100011000001100000000000001000001000010000000000000000010000000100001000000000100000000011000101000001000
0000000010000000001010000000001000000000001100000000000010000000001000000100100001000000001000000001000000000100000000000000010010000100011101001001000111100000100100111010000000000000001010000100000000011000101001000000000000000000000000011000000000
0100101001000000000100101010000000000000100010100010000000000000000000000000000000000010000001000000001000000000010000000000000110001000001000000010111010100000000000001000100010001000000010100010000000100010100011000000000001100000001000011001000000
1000110000100010000001010000000000001000010000010100010010101000001000100000100100101100000010000101000000000000000000100100000001000100000000100000000000100000100000000010000000000100000000001100100011000000000100000000000000010000000101010000100000
0100000000000010001000000000000001000000000100010000001000001000000000000000100010100000000101000000000100000100000000000000000011000000000100000000000000000000000110000000000100000001010100101000001000000000000000000011000000000100000000000000000000
1100100000000000000100001010001100000100000000000000011000101010000000000001000010000000101001000100010010101000000000001000000100000000000000000010001110000000110100000001000000000010010000110100000000000000000001000010000000000100000000000010000100
0101110000101010000000100000001010000111000100000110000000001000000010011111011000000000000000001000100000000000000000000000000000100000100010000000101000100000000100010000110000000001000000010000000010010000000010100001000110110000100010100000010000
0000100000000000100000000000001000000100000000000000000000100000000001010000000000000001100011100001000000000010001000000000000010000000000000000000000000101000001000000010000001000000000100000000000000010000000000000001010000001000101000000000010000
0000000000001000000000000000010000001000001010010000101000000000000000001000010001000000000010000000010000010001000000000000000000001000000000000011001000000000000000001000000000000000000000000000000010000100000000010000001001000100000000000101000000
0000000100000111001000100101010001001000100000001000000000010000010000000000000000100000001000000000000001000000000010011010001010000000000010000010001100000000110000000000000000100000001000001000000000100000100000001000000000000000000001001000010000
0010000000100100000000000010000000010000001001000001000000000000000001000001100000000010100001000000000000000000000000001000100000000000000011000100100100100001000000000100010000000000101000001000101100000000000000000010000001000000000000010000000000
0100000000101000001000010000101010000000000000000000010001001100010000100000000000000000100000000110000000000010000000000010000000001001000000001100100010000001000000000000000000011000010100000000011000100000100000000000010000001000010010000100001000
0001100100000000001000000000000010000100000010000000000000001000000100001000000000100000001001000000100000000000000000000000010000010010000000101001000000010000000000000000000000110010000000000001001000010000000000100100000001100000001100001100010010
0000000000000011010100000000010000000000000100000010000010001110001000000110000000000000000001001000000000101110000000011000010100000010010000100000000000000010000001000000000000000010001000000000000000000001110000001100100001000000000011000000000000
0101001010101111000000000000100000100000000000101001100000000000010101000101000000000000000000100000000000000000000000010101000000000010101000000000100000000000010000000001000000011000000000000000010000000010000100000100000000000001000001000010000001
0000100000000000000010000100000000000100000000000100000000100100100100001000001000000000000010000000000000100010010001000000000000000000000001100000101000010000000000000000100010100100000000000000000001000001000001010011000000000000000000100010000100
0010000000000100011001100000000010001000000000000000000000100000110010001001000001000001000100000101000000000000001000000001000000001000000001010010001010010001000100000000000000010010100000000000000000001000000011000000000000010011000001000001010000
0010000000001100000000000001010000000000000001000100000101000010000000001000010000100101000001000000010000010000000001000010010100000100000011001000000000000000010000000000010100000000000000010010100000000000000000000000000010000000000000001000000000
1000100001000000100001001001000110000000000000100010100000000001100100000000000000010100000100000000000010000000100000100000000000101000011000000000100001000100000011010010010001011000010000100000010100000000000000100000100011010010000000000000000000
0100000000000000000000001001000000000000001000000100000000010000010010000001010000100001110010000000000000000000011000000000000000010100110000010000010000010000000000111000000000000001010000000000000000000100010000000001000100000101000000010011000100
1100000010000000001100000010001000000011001000000000010000010000101001100100100000110100100000010000010000000100000000000000010001000100000100010000000000001000010000000010100000001000010000000000000010000000110000000000100101001000000000010001100000
0100000100000000100000000001000010010001000001100000000000001000000000000101100001100000000000110001000010001000100000001000010010000000000000100000011000000000000010101000100000100111000000001000000000000000010000000110100000000000001010001010000000
0000000000000001000010000000011000000000000010101000100000000101010000000101000000001110100000110000100001000001010100001001000001000100000000000000000001101110010010000000000000000000100000010000000000000100000000000100001000010000001000000000000000
0000001100000000000001000100010001001001000000000100000000000100010000000100000000000000010000001001000000010000000100100010000100100001000001000000000000000000000010000010000000011000001000100000000100010000000010000000000101000001001100100010000000
0000000000000011001000100000000000000011100000000010000010000010000000000000000010000000011001100000000000000011000001010001000000000000000001000000000010000000001001000001001101000000000000000000000001000000000000000100000000000010001010001000010000
0000100001010000000010001011000010000000000100011111000100000001000000000000010100000000000000000000000010000000000000000000000000011001100000100000011000000100000001010000001000000000001000001000000000101000000100000100100001000001000000000000000010
1000000000100000000000100000101001000000001000000000000100100010000001000000000000000100000000000000000001000101000000000000100010000000000000000000000000000000000000000000000000001000000000000010110000001000000100000000110001000000001000111000000001
0010100101000000000000001000000100100011000110101000001000000001000000000000100110000010000100010000000000000000000000001000000000010010000000010001000010001000000011110000100010001110000000010000000101000000000000000000000000110000000101001010101100
0100000100000000100001000000100000001000000000000100000110100001000000000100000000000010000000000000000000000000000000011000000000100000000011000000000000000000000000000010000000000000001000000000001001100100000001000000000000000000000000001000000000
0010000000000100000000010000000000000000000000010000000010100001000000000000100000010100000010000010000000010000010000000001100000010000000000001000000100000000001000000011000000100000000010000000000000110000101000000010000011000000000000000000000110
0000000000000101010010001100010000001000100010000001001001000010001000000100100010000000000000000010101100000000010101000100001101000001101000001000010010010000000000000100000001010100100000010000010000010000100000000001011000000100000001010000000000
0000000100000000000000000000000000000000010000001000100100000000000001001000010100110000000010010100000000000000010000100000000110000000000000000000000010011000000100001001000100110000000100000001000001110000100000000000010000101001001100000000000110
0000000000010100010001000000000000000000000001000000100000000000000000010000010000000000101100000000000000010000011000011000101001001000000000000000000000010100010001000001000000000001010000000010000000100010000000001000010001000010000011000000000000
1000001100001001001000000011010000100100000000010001000000000101000000000010011000001000010000000000100000110010101100000010101001110010000001000110001000000000000000000000000100000011000000000001100001000010000000000010000000001001000100010000000000
0001010000000000001100000001000000100010000100000000000000000000000000000100000010000000000000000100000001000001000001000000010010100001000100000000001001001000001010010000000100000000000000111000000000110000000000001000000010010000000000100101001000
0010000000000100001000000000000000000000100000000000001000010000001010000001000000000000000000001100000100011110001000000000000101000000100100000001010100000100100000001100000100000000000000010000000000000010000001000000010000000110000001000000000000
0000000010000010001000001000010001000001001000000000001000100001000000000000010000000010000000010100000000000010000000000000000000000001100000000000100000001001100000001000000100001000000001001000000100001100010100010000000010000000000000000000000001
0000000000100010010000010000011100100000000000000001100000010010000000000010000000010100000010100001000100001000000000100001000110000001110000010000100001100000001000000000000100000010000000000000100000100001100000000011000000000010110100001000000000
0001110000000000000000000100000001010010010100000000000000000100000100010010000000000000100000000000000000010000000000000000010001000010000100000000001000100001000000000000000010000010010000010100001010010001001000101100100100000010000000000000000000
0000000000000000000000100000001001000000000010000000010000000001100000000110000000000000000010000000000000000000000100000000000000100000010000000100010000000000000010000100000010000000000000010000010000001010000000010000000000000000100100100000010001
0111000000011000100000000000000000000000010000111000100100000100000010000000000000010000110000001000000010000000000000000001000001000000010010100001000000001100000000000100000000000001010000010010000001000001000010000001000000110000000000000010000000
0100000010000000000000000011101000000000001000000001100000010000010001000010010100000000000010100101100001100000000000100000010000000000000001000001010000000100010100000000010000000010000000100000000100100000000000000110000000000000001100001000000000
0001000001001001010000100100001000010000001000000000000000010000010000000000000000000100000000011000011010000101000000000000110000000010000001000000000001101100001000011001000000000000000000000010100000100001100001000000000001000000101000000000000000
0100000010000000100000000001000010010000010000000000010000010000000000000000000000000000000000110001000000000000010001110000010000100110000000010000000000010010101100000000010000000001101001000001100000001010000000001000001010000001000010001101010010
0000000000000000000000000000000001010100000001000000000000100000001000000000010011111000101100000000000001010000010010000000010010100000010100001100000000101000000000000010000000000000010000101100100000000000000010010001001000000000000000001000101001
0000000000000000010000101000000100000100000000100000000100000001000011000010101101001100000000010001100000000000000001000010010010000010100000000000100100000100000001000000001000000100000000000000010001000100000100000101001000010000011000110000001000
0000000100001000100110010001000000000000000100000110100010000010000000100100100000000010000001000000000001000001000000000001110000000010000000000000001000000000010000000011000000000000001000000000100001001000000000000100000000000100000101000010110001
0001000000001000010000000010000000000000010000010000000100000010000000001001011101000000000001000000000010100010000001000000001000010000010000000100100000001000000100001000000000000001010000101000010000000000000010000000000000101000010000110011000100
1000000100000011010000000001100010000000000000000000000010100000000000000001001100000000000000101001010000110000000000000100000011000000000000000000101000000100100011000100100000010000000010000001000000000010000100100000000110000110001000100000001000
1000011000001000000000001000010101001000000010000000000000000000000011001000001010001001000000000001101001000000100000000000000000010010011000000100100110000010000100000100000000000011101000000000100000000000000000100000000000000001000000000100000100
1100010010000010100001000100000011000110010000000000001000000000100000010001011000101001000000001000000000100000100000010000000000000000100001000000000000101000000010000000000000010010000000000110000110000000000010011100000000100000010000000000010010
0100000100000100000000100001010001000000000000001000000100100001001101010000000010000001000000000000001100000000000010010000000000010000001000001000000000000010000000000000000010000010000000000111011010000001010000100000000000000000000000000000010000
0000000000000000001000001010001000010001000010000000000001000000000000100000000000000100000001000000100000000000011010000000000110001000001010010000010000001001011000100000000000000010001100000000010011010000000110000100000000010010000000001000000000
0000100000000000001100000000010000011010000000000000001011001100000000001000010000001010000000100110000000000001000110100000000000010001001000001001000010010000000000000000000000100000001010010000000001000000100000010000000000000000100001101010010100
0101010110100001000000000011101001000000010010000110010000001010010000000000001000000010011000010000000001001000000001000000000010000000000100000000100000100010000000010000101010000000000000010000001001100000010010000000101000010000000000001000100000
0011110000001000000000001000000010010000000000100000010000110000101010000000000100001000100100001000010000000001100001000000000000000100100000110001100000000000000000000000000000010010000000000001000100000011010000100000100110010000000001000000000000
0000000000000000000000000000000000000010000000000000100000000100000100010001010000000000101010000001001001000000100010010000000001000000000001000100000000010010000000010000000000000000010010100000000110000000000000100000100001100010000010000000000001
0011000000100000100010000001000100000000000000000100000000000000000000001001000010000000000000010101000010000001011001010100010000001110111000000000110010010101001001010000000010000000010000110001000100101000011000000010001000000000000000010100010010
1000101110000000000000000010001000000000100000000000111100000100001000100000000010100010110010001000011000000000000100010000011000111000000000000000000100000000000000100000000000000000000000000000100001100001000100000000000010000000100001000100001000
1000001000011001000000110000110001000010000000000110010000000100011000000000000000001000110000000000000001000000000000000000000000000001000000000001000000001000011000011100000010000000000010000000010000000000100000000000101100000000000010000000100000
0000000000100100000001001010000001010010001000111001100000000000000000000000010000001000000001000101010001000000000000011001000000100100011001010101011000000011001000010100000000000000000000101010100010000000000000000010100000000000001010010000000000
0010000001101111001000001001000010000000010000010001101100000110010100100000011000000000001000000100000000000000000000000100000001010000001000000000001001000000000000000000000000000000010001000001111000000000000010000000000000000000001000011000000000
0100000100101001000000000100000000000000001000000000000000000000001010100000000001000000000000000100000000000001010000000000000001001000000001010000000110000001001000001000011000001000001000000100001000000000001010000000000000100000000011100000000000
0001000000000000000000010001001000000100010000110000000000101001100000000010000000010000000000000000000110100000000010101001000000000011110010000100010000001100001000100000010000000000000010000000100000001110001010000010000011001000100110000000100010
0010100001000010000000000000000000000100010010000001000001110000010000000000000000000000000000000000000000101000001011000000000000100000000000100001000010000100110001000000000100000010001000001010001000000010000001000000100000010000000000000100000000
3 160
133 222
