250 250
0001000000001001100001000001000010000000100001110100001000100000000000101000100000001000000000001000000001000001000000000010001000000010100010010001100000100000000010000001000000000000000100001000000100000000000110000000000000000010000110110010010010
0000000010000001000000000000001000000100001000110000000000000000000010000100000000000001010000000001001000010000001000000000000000000000000000010000011110000000000001010000000011001100011000000100101000000000000100000000000000000000000000000000100000
1000000001000000000010000000000000000001001000010000001000100010000001010100000100000000000000000000000100010000000000000000001000000000000000000001000000001100001001101001000000000011000000000001000100001010100000000001000000000010001000001001000000
0000100000000000000010001000010001010000000101100000000010000101100000100000000100111001010010000100100100101100001000100000100110000001000000000000000000000000000100001000100000000000100101000000000000000000001001000000000000000000100000000010000000
0000000110100010010010000101000000001000000100000010000100100001000100101000100000100000001100000010101100000000000010101000010000000001001000010010001000000001000010100000000000100000001110010000000000001100010100000000001000000010001000100001000001
0000000100010010100000000001000010100000011000000000010000100001000010000100000000100000000000000110000100000110000000000000000010000000000001100000000000000000000000000000010101001000000000000010001010001001000000000000000000001100000001100000000000
0001000000011100100000000000010000000100100001000000000000000010000000000011000000100101000000000010000010100000101000000000000101000010001000000000000010001000000000000000000111001000000001000000001000010001100001000000000000011101000000000001010000
1011010100100000100100000010000100000000001000000000101000000010000000000111000100000010011000000100000000000000000001010000100100000000010010000000001011000001010100000000000010000000100000010000001000010101000001010000000010001101000100000010000000
0000100100000001110000100000000000001101000000000001000100000000000000000000000100100000001000000010110010000000000000010000111010000000000000000000000000011000001100000000000000100010001000010000000001000100000000000000000000100100000000010000100000
0000001100000001011000010001001001001010001100001000000000100000010101000000100000000000100000000000001010001000100000000000101000000010000000000000001000001000000000000001000000010000000000000000000001000001100000000000111000000000000000000001000001
0010000000000000010100001000000000000000000001000000010000000000100011000000000000000000000000010000000000000001100000000010110000000100000000101000000010000000101000101000101000000000010011010000010001010000000000000100100100010000000000100000011000
0000000000000000000011000110000000000000000100001100100000001100001001001001001100000100000000010100001100100010100000110000001000100011000001000000000001100001100100000010000000100000010000001000000001100000001001000100100100000000101100101000000000
0000001000100011000000000000000001000000000100000101000100000000010000101000000000000000001000000010010001010000000000010000000000000101000000000001000000000010000000000000001110000000000010110100000000000000000100000000001000010000001001101000000000
0000000000001010100010000000100010000100010100000011000000110000000000101110001001000000001010000000100100010000000000110010101010000000000001000000000010000000101100101001010000000000000000000001100000000001000100000000000000000000000010000000000110
0100100001000000100001000000010000000000000000000000100010101001000001010110011000101000000000000001000001000100100110000100000000000010000000001000000000000000100100001000100001001001000000000001000010100000100001001000001100010001001000100010110010
0100000000000001000000010000001010000101000000000000000000010000000010000100000000000000001010000000001000000111101010000001000000000001000001000100010111000000100010100000000000000100010000000000010001000000000000000000000000000000000000000000000000
0100000000000000010001000100000001000100000100010000000000011010000000010100000000001100000000001100001001010010000000000001000000000001100000000010000001000000000000100000000000100100001000000000000000100100001000000100110000100000000001000100100011
0000000000100001100000100000010110000110000000000000100000010100000000000000000000010010000010000000110000100000100000110000100100001001000001000001000000100100000000000000010000000100001000000000010000000000100000000000010000000000010000110000000010
0000000000010000000000000000000110000001000001000000000000000000010010000001000000000000100010001000001000000000010010000100001001000000100000010000000000000010001010000101000110000000001000000001000010010000000000000010000010011010001000000010000000
0000000100000100000000001010100000000000000001000010000100001000000000110000010010100001000100101000100000100010000100001000000000000100100010000100000010000000000010000000000000001001000000000000010001000000010000000101101000000000100000000000000100
0001000000000100001000000001000000000000000000010010101001000100000000010000001100000000001000000001000100100000000000000001010011001000001000010010000000100010000110000000000010011001100000000000000001000000010000000000000100101000011011000001010100
1001001000001000000000000000000000010100111000100101000000010000000001000000000100000000000000010110000001100001100000000000000100000000000000000001000000000110000000000010001000000100000000100001000000000000001100000100011100000000000000100000100001
1000100000010010101001000000000001100000000000000010100000000100110001000000000011001000000000000000000100011000000000100011000001000001000100010001000001000000000000101000000000001100000000000000000101101000000011000010010100001000100000100110010101
0001000000100010000100000010000000000000000000000011100000000000000001001010001001000000000000000001000000000100001001000010000000000000000101001000110001010000100010000000000000000100000100001000000000000000010000000001000000000100000110000000000000
0001001000001000010010101000001010100000000010000001010000000000100010000000000010000001001000011010000000000100100010000000000100100010001000000100000000001101000000011110100001010000100000010001000100000000100000000010000000000000000001000000001000
0000100100010000100100000000000010000100010000000000001001000000011000000000000000100000100000010101000000000001000000001000100000000000100001000000000000000010001100010001000000011000111101000000100000010110000000000100100000110000010100000010000001
1011001100001000000010000111000100000000000100001000011010000001000100110000000000000100000000000000001000010000001010000000100000000100001101000000000000011000001010000001000000001000000100000010010000000000101000000100000000001000000001001000000000
0000000001000100010000000001000000000000001000000100100000110000100000101000000000100001010000110001100100001000000000000000010001001000000010000100000000000001000000000000010000000000000000000000100010010010001000110001010111000000000000000000000000
0001000000100000000000000000000000001010000010000100001000001000000000100000000000000111001000011010100001010000000000000010010000000000000001000000000001000100000000100101000000011000000000000001000000000000000000000000000000000010100000000000001010
0000100000000000101001100101010100001000000001000100100000100010000100000010100010010000000000000001000010000001000000010000001000010000100000000000000001000001000000000001010001000000100000000001010001000000001100000001100010001000000001000100000000
0100000100101001000000000000001100100000100000000011000011101001000000000000100000000001000010010010000000000010000000000100000000000000000000001010000000000011000001000100001100000001000100010010000111000000011010000000000101000110000000001100011000
0000100001000000000000010000010000000000000000000010000100000000000001000000000000000010001000000010000000000010001000000001000000100000000001000000010100000100000000000000000001000000001001000001000000000000000000000011000000100000000000000000011101
0000000000000100001100000100001000010000000000000001000100000000000000000000000001000001000010001001001011100001000000100011000010000000100000000000001000000000000000101000001100100100000001000001100000000010000100011000000000000000001001000100000110
0000100001000100000000010011000100000001010001000000101010010011000010000101000001000001001000000100010001000000000110010000000000000010000001000000010000000000011000000011010010000100110001000000001100000000000000000011100100100000000110000000000000
0001000100000000000000100000100000100100000001010000000000000010000010100010010000010000010000011010010001010000000000000000010000001010000000000000010000001000100000100010000110000001010000100000000000000001010100001100001000000000001001000100000000
1100010100100001000101110000110100000000100000011000000001010000000000100000000000000000000010000000010000000000011000000000000001010000000000000110001001000010000010000000000100000001000000001001000100000101000000000001010010000000010000100000000010
0000001010000000000000000010010000101001100001010000000000010000000000000000000110000100000000010100100000011011000000010100000100001000000000010001000010000000100000010010000001011010000000000100010000000011000000001000000000000001100000001000000000
0000000000010000110000000000000101100010000000000000101010001000100000000000001101001000010010000000000000110110001000001000000000001000010000000000000000010000000000000010000001100100000001010000000000010000001000100100000000000000101100000000000010
0000000010000110000000001000010000000000010000000010000000000001000001100010000000010000010000000001101000001000000000001000000100000001000000000100000000000100010000001000001000001100100001000001000000000000010010010000000001000000001000000100000000
1000000000000100000000000001000000000001000000100000001000000000000101000100010001000010000010000000000100000000000000000010000000001000010010000110000010000000010000000000000000000000000000000000010001000000000011000000000100001011110001000000000000
0100001000001101000001100000100000000000000110000000010010010000000000001010000010101100000000100010001000011010000100000000000000010000011000000001000001000000100001000001000100100000000000000000000000100101001110000001000000000000000100000100000001
0001000000100000100011000000000011100010010001000000010000000001000000001000000000100100001000000000000100100100000011000100000000000000000000001000000000010000001000001001000100100000000001000001000010000000000000000000000000000001000001100001000000
0001100000001100000001000001100101000000010000000000011000001000000000010100100000100110000000010000000001010001000010101010001000010000000000100000000110000000000000000000001010000000001000100000000000000000000010000011000000010001000000010000001100
0000101000000000000000010011001000000000000000010010010101001100000000000000000010000000001001110010100011000100001000000000000000010011001101010000000001000000000100000000000100100001100000000000100000011000000000000010000000100000001011001001100000
0000100100000000010100000100000000000000000000000010100000011000001000001001000000000000001101010000001000001101000010001000000000000000000010000100000001010011001001100001000010100000001110000000000100000001000000010011110000001000110000100100000000
0000000000000000000100001010100000000000100100000000000000010100100000000000000000001010000000001100000000000000011101000000000001000100100000011000100010000000000110010000010010000000001000011000010010000100100111000001000001010000010000001000000100
1000000010000100000000000000000000000000100010000100100000000000000000000011000000000010001000000010000000000000000101000100000000000000000000001000000110100100000000100000001000000000000000000000101000010000000000000100011010000000010000100001000111
0000000000001000000000100000100001000000000000000011000000000000000110000000010000000001000001000000000010100101001000000001010000100000000110000001001000010001001100001011100001000000000000001100000000110010100000100010010000000000000000000000000110
0001100100100010000100001000000100001000000001000000011100001110000100010100000010000000100101000000010100000000000110001001000001000000000000000100000000010001001000000000100000100010000100000000000000000111000110000101001000000000000000000000000010
0000000000000000000010010010100100000001000001000000000010001101010110000000000101000000000000000100010000100000101000010001000000001100000010000100000010000000000000000000000000000010000010100001000000000100100000000000001010000010001001100000000100
0000101000000000000010001000011001001001001010000000010000000000000000100000010000010000000000000101001000001000000000001001000011100100001000010000000001001000000000010000000011000010000001000000000000001001000001000000010100000100001000001000001100
0010100001100001000010000000000010001001100000000001000100000000000001110001010101000000000000000000100000101000000000010010000010001000000001100000010000000000000000010000000001000000001000000000000000001000000000011000000000100000010100000000000000
0000100001000000000110010001001000000000101001000010001000100001010000000000001110000000000110100000010000001000000000110010001010100000000000000010000000010000010000010001010000000001000001001100010000001010000010001000100000000000010000000000001000
0000000111000000000001000010000000000110001000011010000100000000110101011000000000000110000010000100000000001000010000000110000001000100000000000000001000010000011001000100100000000000001100000000000000000000001000000000000000000000000000000000000000
0000000010010000011000000000101000000000001000000000100000100000010000001000010010000100000000000000100001010000010100000001000001010011000000000000000100000000000011000000000000000001010000000000000000100000000100100110000000100000100000000000000001
0000001010000010000000000000000000000000010000100000100000011110000000000101001000000000000101101010000000000001000001000000000000000001010100010110000000000000001010000001100000000010000000000000000000101110000000000000010000000110010000001000000000
0100100000010000000010000001000110000000000000000010100000000000000000000010000000001000000010000000100000000100000101001001000000000100000000000001000000010100000100101000001000101000011001000000000000000000000000000000000000000010000000000000001000
0011000000000000100010000001000000101000001000000000000000000011000010110000000110000100000000000010000000000000000000100000000001010000000010000001000101001000000100100001000000100000000101100000000000100000001000010010110100000100000000000000001001
0000000110100010000000001000010100100010001001000000000000011000000001001001000001000000010000010000110100100000100001000001000000000000000010000000000000000000101000000100001000010000000000100000100000010100110000000001000000000000010100000001000001
1000000000100011000001000000011001000001000000000000000000100100000000000000001000100100000010000100000000010000000000001000000000100100000001100000010010001000000000001010010000000000000000000000000010000000000100010000010000010000000000000010001000
0000000001000000000010000000000000000000000000000100010110010000000011110000000000000000000000101001000000000001000000000000100101100110000010001000001000000001001100001100110000110000100000001000000010100000000000001000000001110000000110010000000000
0000000000011010000000000000010000100000000011000100010000010100000010000000001000000000010010000000000001000000100000000000000100000000000011100000000000001100000000000000000010001000000001001100001000010001000000001000100000000001010000010100000110
0000000000000000000100000000010010000001000110000000000000000010000110011000000000000000000010001000000000000000000100000110001001010110000000000000000001100000001000000000011010001110100100000000000000100010000000000000101010000001100010000000000100
0100001000000001000010000000100000001000100001010000101010000001001000000000000000000000001000101000000010000010100011100001101000000001000100000001000000000000000000000000000000010100000000000010011000001001000000100000000000000000000000000101001100
1000000000010011100000000100100001100010001000100001000000000001000010000010000010010000011000001001000001010000000100000000000001000000000010100000001010001000010100000000000001000011010100000010000000010000000000000000000011100001000000010000000000
0001000010001000000100000100000100001001000000001011100000001100100100100000100000000000000010011000010000000000001010100010100000000000000000000000100010001000000100001001000000000000000100000000000000000000001000001001000000100000000001100000001001
0010000010000000000100100011000000000000001000000000000100001001001001000100000000000000110000000000100000010000010000000000001000000000000000101000000010000000000010010001110001010100000000000100010000000000000000000000100000000000010000000100000000
0110000000000000001000100010000110100001000101000001011000001000000000000000010000001000010100001001000001000000000000110100000000111110000000000000010100000100000010000000000000000000000000000001010100000001000001000000000000000100000100010100001010
0000100010000010000100000000011100000001100010000000000110010000000000000100001001000010100000000001000000001000000001010100000000001000100100000000000000000000000000000001010000001000000001001000000000000100000001000000000001001100010000001010000000
0000000000000000000000000000001000101010001010000010000010000100011010111000000000010000000000000010000101000000010010000000000000110001100000010000000000001000000001000000000111001001000000000100011010010010010100000000000100000000101000010000000000
0000000011000010110000000010000001000000100010010010000000000100000000000010000100000000000000100000001100001000010010101000010100000010000000000000010100001000101000000011010100000100000000000000100100110000000000000000001100000101100010100000001010
0000000000000000000010010000000000000010100010000000011001100000010010001100001010000100100000000100100001000110000000000111000000000010100000000000100000000100000001000000000001000000000000100100000000001000000000000001000100001110001000110010100000
0001000011000000010001001000000000000000010000000000000000100000000010101010100000100000010000000001000100010100000000100000010000010100000001000000010010000000000000110000000000001010010000100100000000000000001100000001100000000000000000000000000100
1000000000000001000000000000001000000000100010000000000001100010000000000001000010000100001011100000001000000010000100100000000000000100000000001000010000100100001100000000000000000000000010000000000000000000000000000000100000000000000011000100100010
0000000001101100011001000000001000000000010001000001000000000001111000000000000000000000000101000101000100000000110110010000001010100100001000000101100000000100000001011000000000000000010001010110001010101001000000000000000101000000000100000000000010
0111000000000000000010011000010000000000000000000000000000000000100000110100000001101000001000100000000010000000010001100001000001000010000000000000001000001100000010010010000000001000000100001001010010000000110000010000000000000000010000000001000000
0010011000001101000000000000000001010010000100000000100000000000000100001000100000001001010100000001001101010000000000110010001100000000000000010000000000010101000000011000000000000000000000000000000000010000000000001000100000000000000000100001001100
1000000000000000000000001001010001011000000000000001100100000000000000001000000000000001000101000010000100000000000000000100000000000000010000001010000100011000000100000010000000000001000101000100000001000010001100010000010010000000001001000000000001
0000000100000100100000001000010011000100110010100110000000110100010000100110001000000010000000000000000000000000000000100000000100000000010100110000010100000000110100001000001000100000100000001000000000001010100001000000100010001000010000000100000100
0000000100001000100100000001010000000010010000001000000001000010111000101100001001000100000000000000000001000000000000100001000100000001000000100000000000100000001000000100000000000000010000001001000000000000000000000001000000000011000100000010000000
0000001100011000000000000001000101000000000010000001000000000000000000000000100010001000000000001000000000000000000000000000000000010000000000101000000000110000000000000000000100000100000000100001000000110101001000000001000100010010110000000000110001
0001001100010100000000010000000001010000100000100001001000001000010011000000000011100000000001001000000000000001001000000110000011100010100000100000000000000000000100010000000001000010101100000101011010000000000100100011000010000010000000100001000011
0000000100000000000100000000001000010000100010000001000000000000000101000000000001010110000000000001000000001001000100101000010000101000100000000011100000000000011000000000000000000000010000000000100000000100000000100010000010000011001000000000110000
0100000000000010011000000000100000000100000000010000010000010101100001001000000001001110100000001000001000000100100011100000010011100100001010000001010000001000000010000000010000100000000010000000000101000001000000000000000100000000000000000000000010
0001000000000000000000000100101001000000010000101010000000011000010000000000000000010000000000000001000000000010001000001000001000101001000000000000010100000001110000010000000100100000000100000001000000000110000011000000010000001000000000000000100000
0100000001000001000100000001001001000010000010000110010010101110000000000010001010000100010001000000000000000000000000000000000100010000000100001000001000101000001010000000010010000010000100000000100000000000000100000000000000111000001000100000010000
0000010010000000000010100000000000000100000000000010000010000000001100000010100001000000000001000001011000000100100010001100000000000010000000100000000100000001000100000000000000010000100000000000001000000000000100001011000000000000010000000000001000
0100000101000001000000000110100000001000000001001000000010000010000000000000000100000001101011000000000000000001000001000000000000000100100000000000001000100010000000000010010100000100000010000000010010000000001010001000000110000000000001000000000000
0000000000100000000000010000000000000100000000111000000000100000100001000101000000010000010000000000000100000001001000000000000000000100000000100000100000000000000000000101000000000100000000000010000000000010001000000110000100000010001000011000100010
0000010101101000000000000110000100000000000010100000000010000000000000010110110000001100100001100000100100000000101100010000000001000010001001110000000100000000000010000100000100001000000000000000100000000000100101000001000000011101001000011000100001
0100000000001100000100010000000100011010000000000010010000000111001011000000000010010010000000011010011000000000100011000010001010100011000100000110000010000010000000000010111000000000000000000011000000010001010100101010011000000111000110001000000100
0000000000000100000000100001000001000101001000000011001000000100000000001000101101000000001001000000000001000001001100010000000000001000000000110001000000000100000001000100110001000000100000001010000011000000001100000000000000001110100001000000000001
0001000000000101000000000100000000000000010000000000000000000000000000000000010010000001100000000000011010001000000001100000011000010000000000000000000000010101000000000000000000001100000000000100100000010000001000100100000000000000000010000000010000
0000000000000100000010000000000010001001000000000100000000000010000001010000000100000000011100010000110100000001000000001000000000000000000100000000110001001001000000000000000100101000000010101010000000001000100100100000000000100010000000100100000101
0000100010000010000000000000010100000000001010001000000000000000000000110000000000000000010001001000010000001000001000000000000001111000011010100000110000000000010000000000000110100000100010100001000000000011100000001000000000000000001000000010000010
0000100000000000000000100001000000000000000010000000000100000000000000000000000000001000010010000000000000000000000100000001000000001001010101101000001000110000000000001000000000000000010100000000000000001000110000001000000000010100000000000000000000
0010000101000000100100000000000000010000001000011100000000100011010100000001010000000000000000100111010010000100100000000000000010010000000001000010000000000000000001000010010001000000000000000000000001001000111000010101110100010000001001000100000001
0110001100001010010000000010000000000000000000000001000000000010000000001010010010000010000010000001000000000100100000010000000100000000000001000000000001010000001100001000000010101000011000000000000001100001000000000100010110100100000000101111010110
1101000100001000100001000000000000000100000101000000000000011000000001110100010001001000000000001011010001100001000000000000000001000010000000000000000100010100000000000000100000100000000001000000110000000000000111000000100110000000100100100000000000
0000000000000110011001001000000000000010000000011000000000010000000100010000000000000000000100001001100010000010000000000000001011000000000001000000001001001000000010000010000000100000000001000000000000000000000000001100000000110001100100000100010000
0000000000100001101000000000000101000000000100010010000000000000001100000000111100000000000000000000000010000000000000000100000110000010110010000000000000000110000000001010001001000000011100000000000010010011000000001000100000000101000000011001000001
0000000100000001001100101000000010000000001000000000000010001010000000001000000000100101000000000001000000101000100110111000000000100010001000000001000001010000000000000000000001000010001001010000000000100001000000000000000000000000000001000100010000
0100000000000010000100000010000000100100001000010001000000001110110100000110000101000000001000001000010100000000000000000000001000011000000111000000000001000000000101000001001000011000101010000000000001000111010000000010100000100000000001100010000110
0000000010000000001000000000010000000000100100101000001001111000001000010011101000000010010000001000001000000001001000000001100000000100000001000000010001100100000000000000101100010100000000100100010010010000000000000100000000000000010010000100100100
0010001000001100000000010001001100000111000100100001000100000000000001000000100001000000000000100000010000000000000000100000100100000010010001101000001010000001000000000010100000000100000001100000000110000000000000001000001000001000000011000010001100
0000100000100000000010001000000000010000000110000100100010100100000010100000000000000101000100010000010000011000000111000000000001000000000001000100010000000000010000001000000000001100100010100000000000000101000000011100010000011000010000110001000000
0011000000000000001000000000000010001000000100000000011001000000000000000000000101000000000000001000001010000000000001000000000001010100100010000010000100100000000000000010000100010000010000000010000001010001100000101000000000000000000000000000000000
0001000001101000011000000000001000000000000010000000000000001000000000001000101001010111000001101000000000000000100000100000000110000011001000000000001011000011000001001100001000000001000000000000000000001100001000000101010010000000000000000000001000
0010010010001000000000000100010010100000100000000000000000000000000000000000010000011000000000010000001000000000010010000100000010111000000000000000111000000000001000000101000000101010000000000001000000000100000000000001010000000000100000000110000000
0001000000000010000000101000001010100010001110110001000100100000000000000000000000100001000010000000000000011000000001001000000001000000000100100100000000000000000010000001000000000000000000000000000000000001000000000001010100011010000000000001010000
0010100000000010000001100001000000000001000000000000010000000000001000100000001000001000000001000101000000000000000000001000000000000000000000101001000110010010000001000000010010000000000100000100000100000000010000010011000000000001000001000100000010
0000000000000100000000000001000001100011000100000010000000000100010001000001000001000110000000010000001000010000000000000000000001000000000000000000011000000010100000000101001000000000101001010000011000000000000100000000100000000000000001000000000000
1000001000000001110100000000000000100000000000100000000000110000000000000000010010000000000010000000001000000000000000000000000001001000110010001000001010000011010010010000101000000000001001011100010100011000000000000011001000011000100000000011000100
1000000000010000000000010000001000000000000100000000110010010001000100100000000010000000000000000000000000010001001000010000100000000000000000000001000100000000000001000000101000001000000000000000101000001000001000100010000100100100010111010000010000
0000000100000100000000000000001000001011000000000000000010001001000000010000101000000000110001001000000000000000101000000000000000000000111000001010100001000100000000000000001000000000000011000110000010000001010000100000001000001000010000000000000000
0000000001000100001000000000000100100000000100000000001001000000000001000100000000001000000011010000101010100000000000110100000001001000010000001000100100000000000000001000000100000000000000010010000000000000001000001010000010000000000000100000000001
0001000010001100000000000010000010010000001000000010000000010000100000100111001001001000010001000000000100000000000010100001000000001000000010000010000001000001000110000010000001000000000001100100001000001000011000000000100100010100000011000000001010
0001000000000100000000010100000000010110000011000001001000000000100000000010000001000000100110010000000000000001000001000100000100001000000000100000000000000001000000000000010000000000100010100000000000000100000000000000000001100000000000000000000010
0001000000000000011000000000000000010001000000000110000000100010000000000000010000100000001000000000011001010000000000110010011000000000000001000001001000000001000010001000010000000010000100000010000000000000010000000010001010001000100100000000000000
0000000110000001000000000011000000000000010100010100000000000001000000000000010000000000000000100000010001001000100000000101000000011000000000000000001000100000000001000000000000000000000000100100100100001000000001000110011100011000010000000001011000
0000000011000000000000001100000000001011101000000000000000000010000000000000001000100000001000100000001000010010000000000000000000010000001000000000000111111100000100000010001011000001000010000000000000000001011100000000100000010000001000000000001000
1001000000100100100000000100000000000100000000000000100110000001000000000000000000000000001100000100010100100010100000000000000101001110000010001100010000101000000100000000000000000000010000000000000000011010000000000000000000000001001100000000001000
0001100100000000000110000000000110000000001001000001000001000000000000010000000000000000001000100000000100010000000000010100000101000000000000000000010100000010010000001100000000001011000000001000000000000000000101000000001010000000000101000000010000
0000000001001000001000000010000110000000100011000000000000000000001000010000110000000010000000001000100101100010000100100100100000000010100000001000000000100010000010010000000000000100010010000010000010100000100000110110100000000001000100000001000010
0000001001000010101000000001100000010100000010010000001000010000000001010000100010001100000100010000000000000100000000010001000100001000000010100001000001000001001000000001010010000000000000000100001001000000000000010001000000000100011101011010000000
1000100100000000000010010100000000000000000010100000000011000011000001000010000000000010000000000000001001100000000100001000100001101000000000001000001000000001010011100000001000000011000000100000001010010000001010000100000000001100000000000001000100
0000000000010110000000000000001011001000000100001000000001000001001000010101000010100001000000000000101100000000000001000100000000000000000000000000000000000100100000000000000101000000100110000100000000000010001010000000000000000000100000000001101001
0010011000000100001000010100101000010000001010000001000000100000010001001000100101000000000011010000000000100000000010000101101000000000110000001000001000000000000000000010001000110000001100000000100000000101000000100000001010001000010000110010010000
0000001000000101000001000001000000010000000110010100010000110001101000001000000000011000010000000000101000000100011000000000000010000000000000000010000000100001100000000000000000000010100001000001000000001001000100100010011000000000100000000110010000
0010100001000010000000001000000111000000001010000100000000100000000100000000000010101000001000000100000001000000000000010001000100000110000010000100001000010001000000000010000000000000011011010000000100001000000001010010000100010100100100010000000000
1000000000000100000100000000000010001000000000000000001010000000110010000000000101000001100000000100100010000001010000000100000000001010100000001000000100000000000000001000001001000100100010000110000000000000000000000001100101010000100001000010000000
0000000000011100010100110010000000000000000000010010000000000000000100000001000010100000100000010000100001101110000000010101000000000000000010000000100100001100100000110011000000000010000010000000101000001000010011000000000100011110000000000000000001
0000100000000000000000000000000100001000000000100010000010010010001000100000001010000101010000111001000001010000000000100001001000000001000100000000001000000001000000000000000100000000010000000001000010000101000110000110001000000001001100000000100000
0000001000000001000000000000000100010000101000000000010000000010000010000110000000000000000110100100010000000000001100000000100000000000010000011001010000000000000000100100011000000000100000000000001010100000101001000000000000100000000001010000100100
0000100000000010000000000000000000000000011001000000000000110000000000000010100100001010000010100000000010000010010010010100000000000001000000000100001100110000000010000000001000100010100000100000000001000110110000000111001000000010001000001000100000
0000000000000000110100100000010000000000000000101000000000000000010000000100000000000000000000001000000000010000001100001110000000100000000000000000001000010000000001000000100001010000000110000100001100000000011010001000010010000000100001001000001101
0000010000000000100000000000000100000100010011000000000100000000000101100000001010010010000000000000001000000001000000010010000000001010011010000000000000000001000000000000000000000000000100000000110000001110000000100000100000000000001001010000000000
0000000000000000100010000000000001100010100000001110001000001000100001101101000000000000010000000000001110000000100000000000111000000001000000001000000000000100000100000000000100001000101000001101000000000000001001000000001000000100000000000000000100
0000000000000010000000000100000000001000000000010000000000010100000100000010000001000000000000100000000010101010000001100100010000001000000000100000000000011001000000000001000000000001000000100000100000000000000000010000000000000100100000000010000000
0001001001001000001010000000110010000101001000001000001000001010010001000010000000000100000000000100000000000000000000011001000000000000000001000000000000000000001000110000000101000001010000000001001100101000101010000000000000000000000011001110000000
0010100000000000000000000010000010000000001010000000010000000101000000000010000100100000100001000000000011000111000000000000000000000000000100011100000001000000001101001100000000000010111000000001000110011000000000000000000001100001010000000000000000
0000000000010100000010001000000000100000000111000000100000011000001001010000001000000000000000101010010000100000000010000000000000000000000111010000000000000100000010000010010000000110000010000001010000000000010111000100010110001100000101000000000000
0000000000000000000000000000100001100100000100000000000100001011010000000000011001000000000100011000100100000000000000000010000010000001000000001100000000000000000001110000000000000000100000010001101000001000000000000001000001000001000001000000011000
0110001000000000000000000100000000001001000001000000000000000000000000100011010011100001010000000000000100010100000000010000001000101000000000000000010100000000000110000010000010000000000110000000000000000000010000010100000000000100000000000101001001
1000001001001000001000100101101000100010000110001001000000000000001000000000001000101000000010000010000000100000000001000000100000001001001000001001000000000000000000000001000000000100000010000000000000010110100000110000000000100000000001100000000011
0000000001001000000000001010010000000010000000001000010000000001000000000000010100010000000000001000011000000000010000100000001000100000000010000010000000001000000100000000000000011000000000000000000001000001100110100011000100000100000000000000001000
0100000100000000010000000010000000000000001000000000000000010010010000000000000100000110010100000000000000000000010010000110100010011110100000010010100000100000000100100010001010100000000000110000000000100000001000000000000000000000000000010001100001
0000000000000001010000101010000000001000010000101000001000010010110000011000100000100000000010000100001100000100000000100110000000010000000001100000000000001001000000100000100010001000000000000000000000000010000000000000000000000100010000100100000000
0000001011100100000000000000000010100110000000000000101011001000001000000010000000000000010010000010011100000010000000000000000100100000000100010000001110000000100000010001100000000100010000000000000101010001000010001000000010001000000100000000001000
0001000000000000100000000000000000011010000000000000000000010000100000011000000110000001001011011001001000000010001000001000000000000100000010000000100000000001011000010000000000000000000100000100000000001000101000000011010100000000110000000001000010
1000000100000000110000001000100100001000011000000010001110101100000001011000000000000100000010000000100000010000001000000000011100110001010000010000001010110000000010000010101000000000000101000000000000000000000001101000000000000000110000000010010000
0110011000010000000000000100010000001000000000100110001000000000000100000000000100000000010000000001001000110000001010000000000000000100000000000000000000000011000010100000010100011100000001000011001000000000110010000000000000010000000000010001010011
0101000000000110000000110001000000000100000000000000000000000001000001000000000100000000000100100010000000000000001000001000010000010000000011001000000010000000000001100000111100000001000010000000000000001101000000000000000001000011000100100010011000
0000000000000100010001110000000000001101000000000000110100000000010100000000010000100000100000011000000000000001001000000000000000000100000001000000100000000010000010100000001000000000000000100000000000010010000000000100000000000001000001000100000000
0001001001000100000001000000001101000000000010000010100000010010000000000000100100100000010100110011000000100001000000100100000110000110000000000001000000000001000010000110000111000000001000011000000000000100000000000000001000000011001010000000001000
0010000010100000000110010100000010000000001010000000000001010100000001010001110100000010000000010100000101000000000100000000000000111000000000001101000000001000000000110000000000000000100000000000100000000010010000000000000000001101000000000010000000
1000000000000001100000100000000001000100000000010000100000000000100000000001001000100000000000001110010000000001000100000100001000110100001010110000000000011000110101000000100100000010000000010000000000001000000010001001000101100000000101000000000100
0000010000000000100000000001011000000010000000010000000010000100000000100001000010000011000000010000000100000010010000010000000001000100001010000000000000000000100001011000000000000000000011000100000000100000000001010000100100000001000000000000100000
1000000000000000000000011010110000000000010000011000010000000000000000000000001000110010100000000000010100000000101000101001000010010000000000000000000000100100000101000000000000101001000010101000100000000000000000000000000101000000000000011011000000
0001010001000000000001000000000110000100010000000100000000010000000000000000000000000000000000100000000010000000000000001000000100000000000000010011001000000000000100100000010000000001100000000000000000000110010100010000000001000001001001000011000100
0000100001000000000010000110011001100110000000000100000000000001000000100000001000000000110000000000100100001001101000010000001000000000100010000010000000100000100001000000000000010101100000000000000001000000000000010100000000001000010000000000000100
0000000000100001000000010001100000000000100000000100000110000000000001010000100000001000000000010010010100010001111000000100000000101000000000000100000000000000000100000001000000000000000000000100001000100000000000100000001001000000000000100100000100
1000000000000000001010000000000000000000000000000000010011000000010001010000100000000100000000000000000100000001100000000010000000000000000010011010000100010001000000000000100000000000000000000010110100001100010010000010000101100000001001010000011100
0001000000010000000010010001000010010000010000000001000010000010000000000000000000101000001010000010010100000000010000001001000100000010010000000010000000100110010000000000001100010110001000110100001000000010000010000000000000100001000100000000000010
0000000000010000110000010000100001000010000000000100000100000010010100100010000001000000001001001001000100001000000100000000000000000000100000000000001000000010001000000101001000100000000010000001100000000000000001000000000011010000000010000100011000
0000000010010000000000000011001001100001000000001000100000010000000001000001000001010000010110000000100100000001010000001000100000011001000000110000000000100000100010000001100000010000001000000001100010000000100010010000100110000000100011001100010000
0001001001000001100010110100000000000000010000100000000010000010000010100000000000000000000000000100000000001000000000011000110000000000100000000110000100000000001000100000010100000000000000001000000010000000001100000000000000000010000000000000001110
1101010100000010000000010000000100000000000010010000100000000000001100000000000000000000000001000001000010000000000010001000001000100010000000000000100000000000000010001100010010010000001001011001000011001000001010001000010000010010000001000000000000
0000000010000000000010110000000001100000000100000000000000010000000000001000000001001000100000010010110010011000000010010000000010010001000001000000000000000000001000100110000000000000000000001100000000000001100100001000000010100000000000000010001010
0000000000011000000001000000000000010000000000000010110010100100000000101010000000000001101100000001100000010000010000000000010000000000000100000000000001001000000000000000101000000011100000000010100000000010000100000000100000000001000000001011000000
1000000010001000000000000000010001000000000000100000010000000000000000100000010000000100010110100000000000111100100001000000000000000100010000000000100000101000001001000010010100011000000000000010000000010100000000001010110110000110001000000000000000
0000010000100000000000000000000000000001010000000110000111000000000000001100101011000000011000000100000000000000000000000000101000001000001010000000100101000001000000000000000000001000010000000010000000000000000000100000001000000000000000000000010001
0000000001000000000010001000001000000000000000010001100000010010100001000000000000000001000000010000000000011000000000100000000000000000000000100000000100010100000000000000001000010000100000000001000000000000000000000010100000011000000100000000001000
1010000000000000000111000000000100000000000000000000100000000000000000000010000100000010000000001001000001001100001000001010000000000100100100000000000000110000000000011000000010000000000000001100001010000000000010000100000000110000000000010000000000
1010000000000000000000010100010001000000000000000000000010101000100010100001000000000000000000000000000100110111000000011101001000101001000100000010000001000000000000000000101001000000000000000000010000000010001001000000011000010011000000000000000110
0001000010100000000000000000010000000110110011000110100000000000000001000000100000100010010010001000000010000000000000000100000000010001000000001000001000000000101001001000000100000010001000000000001000000000001000000001010000000000000010000100000000
0010100000100000000000100010000000010000100000000010010000011000001100000000000000000100000001100000000001000000100000000001000000000100001000100110000001000000010001001001010000000010100001000000000011100010000000000001011000010000000000100100000000
0100000000000000000100001001000000000000000000010110010000010001000000000000000000100000001000001000000000000001000000001010000000010010000001000010000000000100100001111000000011000000000010000000000000100010100000001110001000010100010000000000000000
0000000000101000000000100000110000001000110100010001010000000010000100010000000100000100100000001000110000000100000000000000100110100000000000000001100001000100001000001001000010010000000000000000000000000110000000010010000010000000000000100000010000
0110010000000100001101000000000000100000000100000100001000000010000000000000000000010000000001001000010100001001000010000000010000000000010000001010010000000100010000000000000001100000000000010000000100001110100000010010001000010000000000000010000000
1000010001000000000000000000100001000000000001000000001011000000000000000000000100000001100000000000000010000000000000000000101000101010000000010000110000000001000000000001000000100011010000011001100010000000000110000001010100110000101000000000100001
0001100000000100100010001000100000000000000000010000000000000010000000001001000010001000001000000000000100000000000001000000111010000100110000000000000000000000010000100001100000110100000000000000100000000100010000001000001101001000000011000000000000
0010101100001000010000001011000000100000100000010001011001000100010000000001111000101000000001010000010000110011000000010001000000011000010000110000101000010001001000000000001111100010101010000010100000010011000001000101100000000000010000000000100000
1101100000000110001010100100000100000000101000001010000010000001000001010000000010000000000000000000000000111100000100010100000000000000000100000100000000000000000100100000000000010000000010000001000010000000011000110000000000000000000000010000000000
0001100000000001000000000000101000110000010000100000100001010001101000010000000010000010010001000100000000000100000000001010000000001001100010000100000000000000001000100001000100010000100010101000001001000001010010001000001000010000000000100000000100
0101010000010000000100011000000000000010010000001010100000000000000000000001000000110000000010000000000000000000000000000001000101000001010001100000000000001000000000000000000110000000010000010001100110000000100000001000000000000001000001000100100001
1001000000000000000100000100000000110000001000000000000000000010000000010011000000100010100000000000000100010000000000000000000000100000000000000100010000000111100000001000000100000000001000100100100001100000010100100000000000001001010010000000001010
0001000000000001110000100000000100010010000000000010000000000000001000000100100001000000010000000000100000011000000101000010001000000000000100000000000000100000010000000000000000000001000010000000000000000100000000000000100000100100100000100000000000
0010000000000000000001000000000010000100000110100000000100000010010000001100000000000000000000000100100100110000000000001000000000100000110011010000000000000001000011000001000010100000001100000001000000001000000000110000010000001000010000101000000001
0110000000100000000000000001001100100000010000000001000000000100000000101100000000010100000000000000001001010000000000101000000000111100000000000000000000100111000000000000010000000000000000101000100010010000010001100000000000000010000001000000111000
0000001000011000000010000010000000000000100010000001000100001000000001000000000000000000000000000100100000000001010011001000000000000010010100000000000100000000000001000000000000000000010010000000001000000100000000000000000011000100000000000000000000
0010000001010000000000000010010000000000100010000000000010001100000000010000000000000001010000000000000000000011000000000000000000001010000000000001000100000000101000000011001111000000000010000000010000100011000001101000011000000000010000000010000000
0000000000010000000000010000110000001010000101000100001000000000000000100000000010100000000000011000000000000000000000000000001010001000100011000111000000001000000000000110000000000110000000010000000000001001000000001000000010000001000000000010001000
0101000001010000000000001010000000000000000100010101000100000000000100110000000000000000000010000000000000000000001000000000000000000000000000100000100010000100000000000000100000001100000001000000000010000000100100000000000000000000000010000000000000
0101000000000000000100001000001100100000000000010001000000010000001011110010000000001001100100000000010000100000000000000100000100000000000000100100100000000000100010001010000000000001000000000000000000000000000001000100000000000011100000001000000000
0100000000000000000100000010001000000010011000000000000000000010010110100000000010000000000000100000010000010000000010010010000000000000010000000000001000100000100000000000100000011100001000010000001001001000010010001000000110000110000000000000000000
0010001001100001000000000000001000000000000001000001000010100000010000000100000001000000100001000000100010000010101000000001000100010000000100000101001010100001011100100100100000000000000110010010000001011001000000010000000000000011000000000000000000
0000001010000110000000100000000000100000000100000000000110001000010000000100010000000010000100000010001000000000000000000000000000000000011000000100000000101101000000000001000010000000000011001011000000001110011000010000001100100100000000111010010000
0000110000000000000100000000000010001100000110010000001001100000000000000001010100000010001000000000000010000000000001000100110000000000000001000001000011100000010000000000001000010000100110000000001000100010011000001000000000011000000100000000101110
0100000000001100010000000001000000000100001000011000011010000001110010000001000000000000000000000001000000000000100010000100001000000000000010100011000001010001100100000010010100000000000000000000010010010010000000000100000000110000000000000001000000
0000000100000000000000010000100000010000000011001000000000000000000101000001001000000010000010000010010000000000000000000011010001010001000000111000000000000000010100000000001000100000000000000000000000000000010100000100100100110010100011110001000001
0000001000000000000000000000000100000110000010000101010001011000010000001110001000000000010000100100000010010000000000000000000010000000000000000000000010000000011000000010000100010011000000000101000000000000010000000000000100101010000100000010000010
0000000010000001000000100000011100100000000000000000010101001000001000000010000000000100001000101000000000000000100000000000001001000001000000001001100000000000000000010100001000001000100010000000010110001001000000110000100000000000000000000000000000
1000010010001000000000000001001010000001000000000000100010100000000010001010100001000000001000001000100100000000000000100000000010011000000000000000000101011000011000000100001001000000000000100000000000000100010100000010000100000000001000001001001100
1000001000000000000000001000000000100100000001001000000010010000101000000000100000001100000000001011000000000000000000000000110000001000010000000000100100000000001010100000000100100000001000010110000110001010010000010000000000000011100001010000100100
0001000000000000001000000000010000000010000000001000001010001010000010000000010000010010000100100001000000100000000000010000000101000000000010010110000000000010000000010001010010010001001000000000000000000000000000000001000000110100000011000000010000
0000000110001000000000000000000000000010011100000100010000000001100010001000000000001000010000110100010000000001000100000111100000000100000000000000001100000001010000010000000000100001000000000000000000000000000000000100000000110000000100000010000000
1100000000001000111000000000000010000000000100000000001100001000000001001010100100000011100000000000000000000010100000000000000010100000010000000000100000000000000000000100100000000100000000001000000000010010010000010000000000000100000000100000000000
0000100000000000000000000000000000000011000000000000100001000000000000100000000000100001000000000000000000000000001000001001010000000000000000011000000000000000011000000101000000000001000000001000010000000000000000001000001000110100010010000110001000
0001000000001000000000000101000000010001000000100000000001000000010011010000001000000000011001010000010000000000000000000000000001010000001010000000000000100000000000000000000000000000000100010000000001010000000000010000111100000000000000001000000010
0000100000000000000101000100000000000010100000000000000110010101000010000000010000000000000000001000010000010000010000000000101000000000100010000000010010000001001000000001000001001010000000000010011001010010000000000000000100000100001101000100000010
0000000100010000100000100010000000001100000010010000000000000001010000000010000001001100001000001000001001000000010101110000000001000000000000001000000010000000100000000000000000000000000000111100000010001010000001000000000010000000001001000000000000
0000000001010000000000000000010010100001000000001010010000010000000000000010100000000001000000000010000000000001000001100000100000000000000000010100100000000110000010000000000000010001101000000100100000000000000000011000010100000000000000000000000000
0000100000010000000000100000000000000000010000010000000000000000000000000000000010000000000010100001000100000000111000000000000010000000000000000000000000100100101100000000010010100010110000010000010000000000001000000000010000000000000000010101001101
0000011000000001001000000000000000000000000000000000001000010000001000000000001100000010111000001000000000000000101110000010010001000010000000000000000010001000101000000000001000010000000010000000000000000000001000100000100000100000001000000000010000
1000000000100010000000001100000000000000000000110100000000011000000100000000010000000110000100011101000000000000000001011000000000000000000000000000000100000000100100100001000100000000000000000000000000000000000010000000000000100110000010001000100100
0000000100000000000000000000000001010001000000011000000000000000000000000001000000000000001011000000000000000100010100000000000000010000000000000010010000100000001000000000000000000000000001000000000000100010000100000000000000010001000000100001000000
0010000000000000000010100100000000000000000000100001010000000000000000100000010000000000000000001000000000000100000100000010100100000001000001100000000010000100000000000000000001000000001000100000000000000001000001000000000010000000000000000010000000
0000110000100000000001000000000001000000010000000110001010010000100100000000000000000000000100000000000000000100001000000000000000000000000010110101001000000100110000000000000000000000000000000000000000001000000011001000000010000000100000101000000000
0011000000001000010000000000000100100011000000100010000011000011100010000010110000000100000011000101110100000010010010001000100000000000000000000010001110010100010000000010000001000000001011100000110000011100100000000000000100100101010000000000101000
0001000010000000000110010000100000001100010010001101000000000000000010000101001000000000000001100000000000010000000000000000000000000101000000001000000000110000001000000001001000001011000010000010000011000001000000000000001001000000000000000000001000
1000001000000000100000000000101000000000000010000100000001000001000000001000000010000010000010001000000000001000000000000000001010000000000100100000000100010000000000001000000000001000001000000011000011000010001000000000000010001000101000000000001101
0000110001000100000000000000000111000000010000000000000000000000100001110000000000110000000010001000100001010010000100000000000010100001000000000010011000000101010000000000000010000000000001000001001110010000001010001000000001110000000000000000001000
1100001100000000000000010111001000010000001100001110000000010000001000000000101000000000000000000000000000010000000010000000000110101000000100000110101011000100000010110001000001000010000000000100100000010000001100000001000000000000000101100100000010
0000100000000110000111000000010000100000010000001000010000100100001000010100000010000000100000000000110000100001001000000000001000001000000100000010000000100000000100100101000000001010001000000010100011000000000000101000001011010000000000000000000001
0010000000110010101000101001000010000100110100101001100000000000001000100000000000000000001010110001000100001001000000001010110000000100000001000011000000100000000001101100000000000000000000010000000001000000000000011000000010100010000000000001011000
1001000000001000000000000100001100000001000001100001100100000000000000100001000010100000000000000000000100000000100000100000000000010110111000000100000000001000000000100000000000000000000010000001101000010000010000000000000000101010100000000000100000
0000000000100000100001000000000000101000001000000000000000000000001000100010101001110000010000000010000010100000001000000000000001001100010010100010101100010000000001100001000000000100000001010000000010101000010000010000000011000010000010000000000000
1000000010001000000000000010010000100000001010000100010000000011000001000010100011000000000000000010001010100000000001010000000000100100010110000100100000101110000010000100000001000000000010100000100000000000000000000000000000000000000000011101001000
0000000001000000001001000000010000000000000001000010001010000000010001000000000110000000000000110101010000100000000010000000000100000010000000100001001000000000001001000000101010000000000000101000100000000000000000000011000001110000000111111000000000
0000100101100000000000110000100000001000000000000000000000101110000000000000000000011000000110011000001101000000001100111000010010011000000000100000000101000000000011000100000000000000000000001000000000000101000010100000100001000000000000000000000000
1100000000110011000010000000000000010010100000000000010000000000000100100001100000000000110000000010000000001001000000101000000010001010101100101000001000000000000101001000000100000000100100100000000000000000001000000000000000010000000001000001000010
0011000110000100000010000100000000000000000001000100000000100000100000000001000100000001000001101000000000000001010001000000000000100000100100100000001010000000000000011000000000000001010000001010000000000100000100101000000101000000010000000000000000
0000010010010100100000000000000011000000001110000000000000001100001100010000010000000001010000111100000001011000000000000000000101000000000000000100000000100100001000100100000000000000000000101000000000100001000000100000001000000001000000000010000010
0000001010010100000010000000100100100100000000000000000000110000000001101001000000000000001000111000010000001000100000000000000010001000000000101000000000000001000100001000001000011000100001001010000000000000000000000000100001000000000100000000001001
0000000010000000000001100110000100000010000010000000000010000001000000000000000010100000000000000001000100100000000110000001000000000000100001000000000000000000000001000000000100000010100000000100000000100010100001001100100000001000000000000001010000
0000000000101000000001000001000100100101011001000010001010000000100000000100000100010000000101100000100000001000100001010000000001000110000000111001000000000000100000000000100010010000000101011100111100000000000000001100000000000000000000000010000000
0000010101100010101000010000100110000100100000110000000000000000000000000100000001000101010000000100000010000100000000000000010000000000000010000000000000001000010000000000000100010000000000000000000000100110110001000010000000000001010000010001000000
1000000000111100010010000110100000000011000011000001100000000000000010000000101100000100010100000100100000000100000100100000000000010100000000000000100000100000000000000000000000010000000001011000110000000000010000001000000010000000000001000000100000
0010000000000100010000000000010000000000010000000100000000000000000000001000000000010100000110010000010000100010011000001000000000000000111000000000100000110010000000100000000000100010000100000000100001000001010000000010000000000101000000000000000000
0000010001000001000001010000000010000000010000000010100000010000000000000000001010010000100100000001000010011000010000000010000000000010000000000000000000000000000000100000000000001000100000000000000000010100000000000001010011000000110000000000110000
0101000001000100011000000000000000000000100000110100000000100000000001000001000000010001000010000010101000000001010010000001000000000000100000000000010000000011001001011000000000000000000100000001000000000000000010000000000010010000000000000000000010
0011000000101010000000010001010010110100000100000000100010000000000000010000000010001000000001010000000000100100000001000001000110100000000000000110000000000001100000000000001010000000000010010000000000000000000000100000001000000001000100000000001000
0000100001000000000000010110000000000110001000110000001101000000000001000000000001000000000000000000010110100001000000000100010010000100000100000000000010000010100000000000011000000100000010000000000000000000000000101000001000000000011011000001000001
0111000010001011001100000100000000000000000000000001000001010001000000011000010000010000000001000000001000100000000000001000100000001100100010000000000000000010000100010000000010000100011000100000000000001010000010000000000000001000001100000001000000
0001000000000000000000100100000000001000000001101000000000000001000001001100011000000000000000000000000000000000000000100010000000010101100000000000000000010000010100000000000000000010100000000010000010100000101000000100100000000111000100000000000010
0010000000100000000100000001010000000000000000111001100000000000100000100100000001000000100001001000010000000001000000001000000110000000000010000000011001001000000010010010000000000010100000000000000000000000000000001100000000001100000101000000000100
0010000100000000001000010000010001000000100000100100000000001010000100000000000000000000000000010100000000010100001000000011000010000000000000100000000100000010010000011001100000000100010000000000010000100000000011010000000000100010000010000001001100
0100001000000100010000000100001000000000001001100000000100000000100001100010000100011000100000000000000000000100010000000000100010000000000001000000010010001000001110100100001000000010000000000000000011000000000110010000010001101000010001000100000100
0000100000001000000010000001000000000000000100000000001000000000000101010010100010000010000001100100000000110100000100000001010000001000001001100000001000010000000000100000010000000001110000100100000000000010000001000000001000010000000001101000000001
159 157
183 142
