250 250
0011000000001111010000000100000000000100001010101000010010001001000000000000000100000000000000001000000000000100000000001001000110000000000010000000000000000000010000110000000000000100000010000100010110000000000001001011000000010000000010000010000000
0000000000100001000000001000010000100000000010001110000000000100000100111000010001001110000000000000000000000000000000000010001101001001100000001000000000000100100000000010000000000000101000000000000100000000000000000000101111000000101000001001000010
1000000000110000000000000000000100001000000000001100000010010000000000000000000100000000000100000000100000000000101100000010000001000000001100001100000100000000011000000010100010010010000010000000000000100010000000001000010010001010000000101001011000
0000010000000000000010110100110110100000100001100000001100000000010000000000000001001000100000000100001000001000000001000000000000010100000000010000001000001110000010000010000010001001010000000010010001001000000010000001010100100000000001010000001100
0001010000001000000000000000100100010000000000001000000000000000000000010000000000000101000100000010100000010000000100101001100000000000000000000000000000001000010000000000000000000000001000000001000001001000100000001100011000000000001000100000000000
1000000000000010000101101000000010001000000100000100001000010000000000000000101000001100000110100000000010000001000100100100100100000100000100000000010000001000000000100001000100000000000000000011000000000001000001001010000100001100000010010000000000
0000001000000001001000010000000100010010100010001000000001000100100000100111001010000000000001100000000000010110100000000000001010000000010000001000000000000000000000000000001000000100000100011000000100100100100000100100001000110000010000100100001000
0010001000000100100001000000000100001001000100001001110000010000100000000110010000000000010001100101010000000000100000000000001000000010000000010100000000010000000000000001001001100100000000111010111100000100000100000100100000010000000000001001000010
0000000001010000000010100000011010010000000000000001010000100001000000100000000110010100001000100000000000010100000000000100000001100000010000000001010000000100011100000000101010001010000101110000000110000000100010001000010100000000100001010010000000
0010001001010000000100000000000000000001000001010000001001110000100010000000100000000000110100100000010000000010000100000100001000010000000110000000010011001000000000000101000000100010000011000000001000000000000000000010000010000000000000000000000000
0000000010101110000000010000000000000010000000011000100000110010000000000000101000001100000000100000001000000000000000010000000100100000000000000000010000100011100000000000000000001000000000100000000000000001101001010000000100001000000000000000000101
0000000000101000000001001100000000000000010001000100000000000000110000000000001100000001000010000000010100010000001010001001001010110000100100000010100000000000000000000111100000000000000001010000010010000000000001000000000000000000000010000001000001
0001100000010000010100000000000000000000000000001000000000010000010000000110000000000000000010010000100011100000000000000000010110000010000000000000011110000100101000000010100000011010000010010000000000100000000001010000001000010000000000000000100001
0100000100000010100000100001000000001000000000110000000000000010000000000010000000001010000100000101100100000110000000001100000010001000100000100000100000000010000000000000000001000010100000000000010000000010000001100000000000000010101000000000000000
0000000101010001000000001000000001000100010000011001001000000001000010000000010000010001001000100100000000000000000000110000000100010111000001001000100000000001000010010001010100000000010100100000100100010000000000001000000010001000000101010000000000
0000001110000000010000001000000000010000001011000000001000000001011000000000001100000000000100010010000000001000000100010000000010000001000010000001110000000010000010001000000001010000110100000011000010000001101100000000000000000110000000010101001101
0000000000001100010000010101111010100000000001000000100000000110010000110000000000000000010000000000001100000000000001001000000000000001000000100000010001000000000001100000000000000010000000000000100000000000000000001000000000000000000010000100000100
0000000000000000000100000000010010000000000000000000001000000000100001000000010000101100000010000000100100000000100000010010000000000000000100000010001000000000000000000000000001010001010100001000000000000000001000000100110000001010000001100001000000
0000010001000000000000000111100000000000000000000000000010000000000000000001000000001000000000000000110000000000100000100000010001010000100100010000000000000000100000000000000010000000010000000010001100010100000000000100000011100100010000100100000100
0000000000000000000001000000000000000010010000000010100000010010000000000100011000000000100101100000100001000100100010000000010110000010000100101001100000000000011000001100000000000100000010100000000000001010000000000101100100000000000100000000000010
0100000000000010010000001010000001000010001000001000000100000000000110010000000000000010000000000000000001010000000100000000100001000000001010000000000000010000000000000011101000100100010000000010000010000000000000001000001001000010000010010000100000
0000000000000010100010000000001010000001010000001000001110100000000000100000000000000000001011001100000000100000001100100000000000000000100001000000010001010000001001000000000000000000000100001000000001010011000000001000000001000000000000010000000001
0001000000000010000000001000110001000000010100000000011100000010000000001101001000000100000010001000000101100001000101000000000000001110000101010100101001001000010001001000011000100000000000000000000000000000001010000000100100000000001011000000000000
0000010000100000100010110000101010000000000001000000000000000100100010000100101000010000000000001000001100000001000000000000000000100100000000101110000000000000000000000000010000100000001000000100010000000110000000001000001000000001000000000000011010
0000000001000100000010000000001010000000000000000010001000000000100000001100100000001101000010000000010000100101001000010000000000000000000000000000000100000001000100000000000101100000000100001000000000001000000000100010000000000000010000000000000100
0010000000000010000010010110000000000000001000110001100010001000000001001001000000000100000000010001101000010000000000000001000010000000100000100000111100010010000101000110000010000010000000100000000110000000000000000000000010000000000010100100000000
0100000001001000000110100010000000001100000000000000000000000000000000101000100000100000000001010000011110010000000000000000001100000001000000001000000000000010000001000000000000100000000000000000100000000010000010001000000010010010000000000100000000
0010100000101000000000000000000010000100000000000000000000010000000000000000000000000000001100010000010000000010000010100000100100000000100000000000000000011100000000010010000000000000000000001100000000000101001000101000000000000000000000110000001000
0101110000000101010000100000000000100000000000000000000000000010001010000100101011000111000000010100001000000100000001000011000000000000000000001010000100000000000000100000000000000000000000010100001000000000000000000010000010011001000010011001000000
0000000010000000010001110000000000000000000000000000011101000000000000000001011011010000000101000100110001010000110000111001000100010000000000001001000100000010110010000000000000000001000010010000100100000110001000000000000110010000000000100000000010
0000101110000010000000001111001001000000100000100001010000010100100000000000100010000000000000001000100000000010000100000100000000000001000000000000010100010000000100100011001010010100000011011000000000000000010000000000110000000000000011000000000100
0000010101000100010010100001001000010000000000000001000000101000100110000010000000000000100001000000001000000100011000000100000000000011101000000000100000010010000000000000100000010000010000100010000000000010010000000010000010000000100000010011000001
0110000000001001010000011000000000001010000000000000010000011000000100010000100000000000000000001000110001000000000000001000000010000100000000000100000001000000000000010000000000000100000100000000010111000010010000000000011000001010000000000001000000
0000000100100100000110100100000110000101011000011000010000100000000000000000000001100000000001000000000000000000000000000000100000010000000000000000010110000000000000000000010000000000000000001001110000000100001001000010100000000000010000000010000010
0000011011000000100000001000000000000000010000000000000000001100100000111000001000100000000000010000000100010000010001100000000001000001100000000001010001100000000000010000000000000001000000000000001000000010000100000101001100000000011000000010000000
0000000000000000100000001000000000000010000110000000000001000000001000010010000000100000000010100000000000000010000100000000000100000010000000000000000000000000000110000000000000110000000101000000000000000001000011010110000000000000000000000010000011
0000000000000010100000000000100000000000110100000000010001000010000000001000010001010000000000000000000000001000000000000000000010100000101010001000100011000000001000010000001000001001000000000000000010000100001000000000000100000101100000000000010100
0001000001000000100001000000100000000000000001000001000000101000000100000000000000010000000000010000101010001000000010001000100011001100001011000000010001000000000001001010001010000000000000010000000000111000000101010000001000000000100000100010000000
0010100000000101100000000000000010100000000110100001000001000001000000000100110010000000000000000001100000000001011010000000000010000000000010001000101000000100100001101000010000100110000100010000011000011100000010001001001000000001110000110001000010
0100000001010101001001000100000000010000000000010000010000000000010000000000000000000001000100000010010000010010000000001010000010001000011000000000000000000000000101100010000000010100100000000000010001000000101010010000101000000001001001000100000101
1000010000010100100000000000000000000000000001011010010000000000000000000000100000000000000010000000000000010010000000000001001100010010000000100100100000001000001010010000000000000000000010000000010001000100001110000000000011000100000001011000000001
1010001100000001000100000001010010000000000011000000000000000000000000000010001000001000000100100000000000000001000001000010001000001001000000000010000000100010101001000001000000000001000111010000000000000000000000011001000000000000000000000000000000
0000110000000000010001000000000000001000100000010000100000000100000011100000000101000101000000000000001000000000011000100100100000000001000100110001000000000001000001000000001000101000000001100001000000100010011000100000001000000000000000000000000000
0100000000100000000100100000010000100010000000010000000001000010000000000100000001000000000000000000001000000000000100000111000000001100000000001000000000010000000011000000000011000000100100001000000000101110000010000010100000000100000000000000000001
1001000110110100000000000000000010000001010000000000000000000000000001100000000000110000010100000001000000010000011010000000000000000000000000010101000000000000000000100000001100000000000000101010100000011000010000001001010110000000001000001000000010
0000100000000000000010000000100000100000100100000000110000001001000000110011000000000000100000000010000000000000010000000110000110000000000110010000000100000000000110010000001010001000000000000001000100011000000000100010000000000010000000000000010000
0000000000000001000100001000000011001110010010000000000001010010100010000000011100000000110100011000010101011010001000000000100000000000100000000000100001000000100100010001000001000100000000100000010000100000000001100010000000011001010000001000000000
0011010001000000000000000000001010000010000001000000000011000100010001000010000010010000000000100001000010000010000000001000000000001000100000000001000100000010001110010001001001100101010000101001001000000100000000000100000001000100100000000001000000
1000010100100010000000000000000110011000000001000000000000010000010100001100010000001100000010000000100000000000000010000000000000001010100000000110001000100010010100000010000001000010000000100000001000000000000010000010000001000010010000001000000000
0001000000000100000000000000001000110010000000000000010100000000000001000000000011000000010000000010110100000010001001000101001100000000010010000010000100100101001100000100000000000000001101000010000010100000100000000000100000001000000100000000000000
0000000001000010000000000100001100100010000001010000000001100010000000000000000010000000000000000000001100010000000000000001010000000000000000000010000000000000000000001000001000000001000000000000100000000001000000010000000010000001101001000110000001
0000000000000010000100101001010000011010010000010010000000100000000000000000000100001100000001001000100000001100000000011000100000000001000000100000010000000000010000000000000000000010000010000010000000010000001010100001000100000000000100000000000000
0000010010010000000010100000000000010011010000000000100010100000001001100010000001100100000000000000010101010000000000001000000110000001001001001010000000010000000000010000000001000000000100000010000000000011000010100000100000000000000001010100000010
0011011000010000100000000000000101100001000001000000000000000001000001000000000000010000011000000000000000000000010100000000000001000011100010000000000000001010000010010010010000010000010100100000010000000000000000000011000000000010110000000100010010
1000011001100000000000000000010001001000000001000000100110000000000000000000000100010000000001000000000111000000000000000000010000000000000100000110100000001000000000000000000000110001110000010000001101110000000000000000100000000000110000010000001000
0010000000000001000000001010000100001000010010101010100000010000010000000000000110101100000011000100011111000000010000001000000000000001000100100000010001010000000110000100000100000010000001000000000010000000101000001000000010000000000100000010000000
1000000010000000000000000100000110000000001110000000000000100010000000000110000000000000100000000000010000000000100001011000000011000000001000000000000000000000000100000000100000000000000000000000000000000000000001010100100000000011000100001100000010
0000000100011110010000010001000000000000000010000000010000110010100100100000001010001000000010000100011000000100101001010000010001000000000010100010000000000001001000101000001001010000000000000000010000100010001110000000100000000000000100000000011000
0000100000000000000000000001010101000000011100000000000000100010001000000000000000000001000000000000000000000001000001000000101000000000000000010000110000000010010000000000000010000000001000000100101100100000000001100010001000000000010000000000001000
0101010000000011000000000001000000000101000100000010000000000001100100010000000000000000000000100100010100001010110001110110001010010010100000000000001000100100000000000000000000100000000000001001000000000101100000001000000001010000000000000000001000
0100000000001000100001000011000100001111000000000000000000000000100100100001000010000001100010000000000111010000110000000100001000000000000000001000000000101000000000010000000000100000000000000000000100100000100000000000001010010000001100100000000110
0010000010010000010100000011000000000000000000100000000000101000000000001100000000000000000100101001000111100110000011000000000000010000010000000000010001001000000001001000000000000000000100000000010100000000000010000100010000000000100000000000000010
0000100110100000011000001011100001000000001000110000001000000000100000000100000001011000000001000100000000000000000101100000100100000010000000000000000000000000001001100000011110000000000001000000000001000000001000000001000100100000100001101000001000
1000110010000000000000010000000000000001000000000000101010010000000100100010000100000000000000010000001000001000000010001000000010100001000010000000001000110000000000011000000110001000000001000000101010000000000000001000000000000000000010000000000000
0000000000000000000001000000000000000001000000000010001000100000010000000000000100000000011000000001000000100100000000000000000000000000000000000000011000001000001010000000000001000000001000000000010000100011000011011000000001000000000000000000000000
0000100001011000000000110000100001010000000000001000000000000000000000001001100001010000000000000000100000000001000100000000001010010011001000100000100011110000000000000000000001010100001000011000100100000000010001111000000010000000111000010100000000
0000000100000100000000010000000000001100000000010001000000000000001000000000010000000000000001000000001000001000001100000010000100001010000000000000000000000000101000000001001000000110001001000100001000000100000010000000000000000000100000100001000000
1000000100000010000100100100010100010100100000000110010000000001100000001000000010000100000000001000000000001000010010000000000001000100000010000100101100000000100001011010000010000000000011000000010000010000011000000000000000011000000001000101000000
0000100000000000000010001100000000000000100000100000000000000100010100000001000100000001100010000000101000000011100000000101000000010000000000001011000010000000000000000000000011000000100010000000011010101000000000010000100001000000100010000000000011
1000100110000000000000000001000000000110001000000000000000000000101000011000100011000000000010000000100100001111000000010000001100000100011011011010001110100000000000001000000000000001100000001000000000000000000000001001001000010000000000100000000000
0001000000000001000000000111010000101000100000100000001000001100101010000000010000000010101000110000000001000000000000001000001000001000000000010010010010000011000000000000000000010000100001000001000000110000000000000000000000010001000001000100101000
0000001000000010000011000100100100001000000010000000000100100110010010000000100000010001001000000100000001100001001010000000100001001000000000001100100100010000010000100000000000000000000010000010110000000010000010011001000000010000010000000000000001
1000000001000000000000010101011101100001011000000000000100010100000010010011110000110100100100000000000000010000001000000000001000000001100000000010000000010000000100010000010000100110010000000000000000010000000000100100010000111010000000000000100000
0000000000001000001000101000000000000000000000010001010100001011100000100101100000010000011011000000001000000001000000100001100000010000000000010000100000100000100001000000000100100000000000001000010000000001110000000000000110000010100000000001000000
1100000001000000000100100000000001000001101000000000000000000100010000000000100000000000000001100000001000100000000000000010001001110001110000000000100000000000000000000000000000000000000000000000000000000000000100000000100101000000100000000000000000
0000000000000110110000000000011001000000000100010000001011100000000000000000001100000000000010000000000010011010100000000000001000001010000000100101010110100000000100010001000000001000011001100000001101000000000000000000000000000000000101000000000000
0000000000100000000000000000100000000000100001000000000000100101000000010000011001000000000100011001000000010000000000000000000000000001100000000000100010001100001000000000001100000100000000010000001000000000000010000110001001000001010000000000000000
0010110000001110011000111000010000000000000001000010000000000001000111000000100000001110000100000000000001000000001000000000000001000010100000100000001000000000000010000100000100010010011000000000000000000000000000000111000010000001100000000100011000
0010100000000000000100010011001000000000001000000100000010000010000000100000010000000100000000000100110000000000000000100001101000010000100000000001000000001000010000000010010001000000110000000000000110000100000011001000000010011000000000000000001000
0000000000010010000000100010000000001000110000111100000001000000001010100101100000100000000001001001010000000100000010000000000000010000011011101000000100000000100001010010000001100000010000100000000000000010001001001000000000100000010010010000000100
1000000000000100000000001000000100001000000010100000110001000010010001100000100001100001000001010001100000000100000001001010001001010000000010000000000101000100010000010010100011001000000000001000000010000000010101010100001000001000001010001000000110
0000000110010100000000000000000000000000000000000000000010000001010110011000000001000100000010000000000000100000010100000000000110000001000100000000000000000100010000000100000000010001010000010000000100100000000001000000100100000010000001000000001100
0010000100000100000001000001011000100100100000100000000010010100000010000000001001101000100000000000001010000000000000001000001000000000001000000000000000000100000000010000110000101011000001000100000000001000000000000000000111001000000100000000000000
0000000000100001110010010000100010000010000000000000000000000000000000000000000000010000000010100000000000001000000000100010100000010000000000000010000000001000000010010100010000000000000001000001000000010000001010000000000000000100011000010100000000
0000000010000000001000000001010001100000000000000000000001000001101001100110000001001000010000010011110100000000100011000001000000000001001000000001010001000000000100000000100000000010000000110000000001000101100011000000100000100000000001000001100000
0000010000000000000000000000000100010011001000000000000001100000100011000000000000000011000000000001001010100000100010000000100001010000000000010000000000000100100000000000000100000110000100000000000101000000000000000000100000000010001000000000010010
0010100000010000000000111100000010000000001000011000000000000000000010001001100100000000000001000000000000010010001001001000000000100000000000100000000000010000000000001000000000000000000000000010010001000000000000001000000100000000000000010000110000
0000000000000010000000000000000010100001101000101100010000000010100100000000001000001000000000000001000000000001000001000010000010000000000100000000001100001000000000000010000000000000001010100000100000101010000000000000010000100001001010000000000001
1010100010000000010000000000000001000000000010000000000100000000110000000000100000010101000000000000100000000000000001100001000000000001001000000000000000000000000100001011000001000000000011000000011100011011000000000101010000000110000010000100010000
0000010000000000000000010000000100001000000001000010000100000000000110000000000010100000010000000010000010000000000000001000011000001000001000000001000000000000000001000001000000000000000000000001010000000010010000101010100000100001100000110000000000
0011010000000001100001100000000000000010000000011001100100000000010100000010000000001001000101111000000000000000000000000000000000000000110100010000000000101000100000000100010000000100010000000010000000000000001000100100000000010000000100100000100000
0000000001111000000010000100000000000000010000000100001010000100001000000000111001000000110000010000001010000000000001000000010000000000000110000000000000011001000111000000000000100000000100000000000000000101100000001010000000001001000000110001000000
0000010010000000000000000100000000000000000100000000010000010110001001000000100000000010000000000000000001000010000000000000000000000100000000010000000100000000001010001000000010001001000001000110001000000001101000111001000000001010100000000010001000
1010010000000000001100110000001001001000100000000000000110000000000000000100001000000001010010000000000000000000000010010000110000000000000000000100000011000000001110010000100000100000100000100000101100010001100010000000001001001000000000000000001000
0000000000001101000000001100100000000000010101110010001000000000000000000010000100000010100000000000100000000000000000000000010000000000011000000000000010000000100000000000100001010000000000000000000000000000000000000000010000000000100001010000010001
0100000001110010000000100100010001001000011000010010000000000010100000000001100000001000000100010000000000000011000001000000000010000000000000100000010010001010101010000000010100000010000000000110000000000010000000000000010000000000000000000100010000
0100001000000000001000000100001000000010000100000110000010000000110000000110010000010000010100100000000100010001000000100111110000000000010001100100000000100000000000000101000000100000000000000000001000000000000000000000001000000000000000000000101000
0000000000111100100100100101101100000100000010010000000001110000000000100110000000001100100001000010010001001010000000000000000000101000010100100010000000000000000000100000000000100001000001000000000010000100000010001110000000000000000000101000000000
0000000000100000000000000000000100000010000000100000000001000000000100000000101000000000000001000000010000000000000010000100000000000000010000010110000000000000000101000000010010011000000100000000000110000001001100100000100010000000000000010100010000
0001101000001000000100000000001000000001100000001100000000000000000000001000110001000100000010000000001000000000000010000000000010000000001010011010000000001001000000000000000001000000000000010000010010000010000000100000100000001010000000100100000000
0000000010000010101000000000000001110000000010000000000000100000000101000000000000010000000111000010000000000000001100000000000100010010101010000000000000001000000000010001001001100100000001000000001000000000001010000000000000010000001110000100000000
1000010001000000001000000000000000000000110100100000000001001000001000001000000000000000001000000010000000000000000000101000000110001000000001100000110000000000000001000010000000000000000101010000000000010010001000000001000000000010000000000010010000
0011100000000000000100000000010000000100001000100000000000000001000011101000000101000000000000000000000000001010000001001110001100000001000000010000000000000000000000010000001000001000010001000010001101010010000000010001101110000000000100000000000000
0000101010000010000001100000100000010000000001110000000000110000000000000010010001000000010010000001000010100000000101001000010000100000000001000010001000000111001100000001000010000000000001000000001110010000001000000000000000000000000100001101000000
0000000000001000000001010010001010000000100000010001100010100100000010000100000010000000100000101001000010001001100000100100010100000000000001000000000000000111010000001000110000000001100100000010000000000100000010000010000001010001001000010000101000
0010010000101100010010000000000101010000100100001000000000010000010001000000000001000100001000000000100000000010000000100100000000001001000100000110010011000000001000000000100000000000000001000000000000100000000000000000001000011000000000100010001000
0001000000100000000010000000000000010000001010001000000000011000101000000011001000000011000010000100010000000000000000000000000010000000000010000000011000000010000101110000001100000010010010011101000000010000000011000000000100100000000101100000010100
0000010100010000101000001011100000100000000000000000000110001000000000100001001000001010001001101100100000000000000000100010100100000000000000000100100000100000000000000001010000000000100000000100000010010001000000000000000010110000100010100000000000
0100000000010000000000001000000000000100000000000000000000000100000000010000000001000000000001001000000001000000000000001000100000000000000000000001000001010100000000010000000001100000000000010100001101000011110101000001000000000000100000100000000000
0010000011011000000001001011000010001000000100000000000010100011001000010000000000000111101100100000000000100000001001100001000000010001001010101000100000101000001000000110010000000000000000010000010001100101000000010010010101000011100010000000001000
0000000001000011100000010000000000000000010000000000010000000000000001011000010000110000000000000100000100100011010000000000101000000000000100010000100001000000000000000010010000000000000100100100001000101000001000001000000001000000000110001110100010
0000000010000000001000010000100100010000000001000000010100100000000001000110011000100000000001000000000010000100000010000110000000000100000100000000000000000001000000011000001000000000000100011000000010000000010000000000000001000010000100001100000011
0000010000001000000010000101000001100000000010010010000000010100100000000001000010000100000000000000000000000001011000101001010000000000001000000000000100000001100000100000000101001000000000000001000010000010000000000000000000000000000101000100100000
0000000000001010000000001001100100001100010001000000010000000100000000000000001010001011100100101001001001100001000000101000001100010000100001000000010101010000100000000000000000000100000000000011100000010000000000000010011000000010100001000000001001
0000000000000100100000000001000001000000100010000000000001001001101000000000000000001000000010000000100000000011010000000000000000010100000000000000000010000100000001100000000010001000010011010000100000000010000001100101011001001100000000000000000110
1000000000000000001000100000000001010010000000010000000110100001110000010000000100000000000110000001000010000000000000001000000011000100000001001000000001000000001000110010000001010100000000000011100000000000000010000010000000010001000000100001000000
0000000101000011001000100000000001000000001000000000000000000000100000110010000010100100111000010100010000100001000000010000000001111000000000000000001000101000000011000000101000000001000000010000000000000000100000100010000000000000001000000000000110
0001000100000100110000001000010100100010100001011000001010000000000001000001000110100000000000000000000111000100001001000011000000000010000010000100000000000000000000100100000001101000010000001000000100010110000010000100100100000100001100010010000000
0010101000001000010000110001110000000000100000000110000001000000001000001100000000001000000000000000001000100000000100001000000000000000110000000000000010000100000000000000000000001000001000001101000100000110001000000100000000000000000010000100001000
0101000100000000000001000000000000000000000000000000000100010000100000101110100001000001010010000100110000000011000000000000001010000010000000110100000011000000010000000000100000001000000001000010010001000000100110010000000000101010001000100000000000
0000000000110000010000001010000011010000000000000000100000000100010000001000000000000000001000100001000001000000000000000000101010000100011000100000000000000000000001000000000100000000000000000000110000001000001000010111000010100010000000000000001000
1010010000110010000001001000100000101100000001100000000000000001100000000010000100000011000000000000000110001000000010001000000000000010000101000011001000000000000010100001100000000100010001000100000000010010000001001000000000100010000000000000100000
0000000110000100110010001100000000010000101000000000100000001000000001000000000001000000100000100110000000000100010001010000000010000100000001000000000000000100100001000100010000010000100001100000000001000000000001001010101000000000000110000101000100
0001000001001000000000100000000101000000100000000000000000000000000000010001000001010001000100000000011000001000000000001000001001100110000010100100010000011110000010000100000001000100000000010011100001100000000100000100011010000100000000000010100100
0001000000001000000000000000000010010000001100000000000010000000000001100001010001000000000000000101000010000000001010110010000110000000000001000000001000011000000010010000110000000000001100011100001010000000000000000101000111100010010000000000000010
0000000010000001001001101000010000010000001000011100010000100000010000000000000000000000000000100000100010100000000001001000000001000001000000000000100100000000100000000001000001010000001000000010000100100100001000000000000000000000000000100001001000
0101001010000001000000000010100000000001000000000011001000000001100110000000100100010000000110101000000000001000000001000000000010110001000000010000000000101110010000010000001000001100000100000001001011001001000000001110000000001000000000010000000001
0100000000000000000000000000000001010000100000000000011100000000000010000000001000000110000001000000010001000100001010000001010000010000000000001100000000000010000000100001000000100000100011000000100000000000000001100110000000010001010000000000000000
1000000100100100000001000000000000100000000000000000010001011100000000100000100000100000000000011010010000000001000000000000010000011001111000010001000000101001001010000000000000000000000000001000110100010000000101011010000000000000010000000010010000
1001000100000000000001000010000010100100000000010000000001010001100000000000000100000000000000100000010000010001000011000000001000100100110000110000000010000100000000100000101000000000000100100001100000001000000000010000001000101000000000000100000100
1100000000000001011000000010000010000101100100000100001000001010100000001000100001000000000000000000000000000000100000000000100000000011100000001111000010000000000110000000000000110000010001001000000000000000000110011000000000111001010000110000010000
0000100001000000000100000010011010100011000000010010001000000000010000000000100000000000001001000000001100011000001000100000000001001000000010010010001000101000000000000001010001000000000011100110000000010000000100000100000000010000000000001010000000
0000001101001000100000010001000000000000000000001000000000100010000000000000100010001000001000000100000100000100000000010001100000001100000000001100010010000000111000000000100100010100010001011000001010000000010000010001000010000000010110000010001000
0010000000100001000000000110001101000000000100010000100000100100000000000000000101010010000100000011000100000010000010100101110000000000000001000000100000000000100000000000000010000010000000000000011000000010000000000000001010000000000000111000001000
0100000000110000000001000000001000000000100000100010000000000101010000000000001000010010000000100000000011000000001110000000000000000000001000000000001000001000001000010000100000011010000010000001010000000000000000000000110000100010010001000000000000
0000100000000000000000000010000000000010000001000000000101100000000010000000011000000001000000000001000000000100001000000100000000000001001000001000000000100000000000000000000100101000000000000000010011010001100000100010100100000000000000000000000000
1000000010100101000000000000000001000000000000010000001000001000000000100011010000000000001000000100000100001101000000000001000001000000000000000000001000000000001010000000010000000000000000000000000100010001000000000000000000100001001001100000000000
0000000000000000000000100010111100001001010100100000000000000001000100011000110010000101000000000010000000010010000100010110011100000001101000000010000100000000010010000101000010000000000001001010001010000000100010100100000100000000001000010000001000
0100101000001100000010000011001000000010000000000100000100000001000000010011000000001000000100010000010100100000100100011000000000110000110010100001011001000000000001000100000000010000011100001000000010000000101010001001000100000000000000000000000100
0000000000000010010000000011000010000001010000000000000100000001000010001000010010110000000000011000000001000010010100000000000001000001000001101000110000010001001000010000001000010010000000000001000000001000000000010100000000010000000000000100101000
0001000000100001100000000001000000000000000100000000001000101000000101011000001100101000000000100000100110000001000000010000101111000011000000010100001000000000100000000110001000010000010010100000010100001000000011001000000000000100000010000000100000
0000001000000001000000000000000100000001000000000000001010100000100100001000001000100000000000000000000001000000000000000010000000101000000001101001000000000001010000100000000100000101010000001000000000100001100100100100000000000000000000000000000001
0000000000000010000000000000010000000000000100000010000001000000000001000010000000000010000000000001110000000000000000000100000010001000000000000000001001000000000000000000000000001000001000000000000101001000000000001000000000000100000000000010000000
0101001000000010000110000010000110000000000110100001100000000000010010101000110000000000100000000100100100001101010000100001110010000000100100000000101010001000000010000000100100000000010000000000000000001000000000001000000010000000000001000000001000
0110010100000000000000000000001010010011000001001001010000100000011000000000000000000110001000010010000100000100000000100000110000001000000100001000000011000000000000000000000100000001000010100001010010000100010000001000000010001010010000100101000000
0000000000000000000010000100000000000000001000000110100000010010000000000100000000000000001010000001000100100000000100000000000111100000001010000000001000000000011000000100000000000100001001000100000001000000000110001000001001000000000000100100010000
0010000001000000000000000001000000000000100101100000100010000000000101000000000000000000101000000000100000100000000000000000100000001011000010000001100100110011000001000000010010001010000010100000001011100100001000000000000000010000000000100100010000
0000000000100000000000000100000010010000000000000011000001011001100010010000100001101000100000000101000000001000100000000000001000000011000000001001000010100010100100000000100000010010000000000001000100010001000000101010000100000100000010010010100000
0000100000000000000001000000001000010000000000000000000000000000000010000000010000010010001000000100000000001001000000110000001100000000000000100001010000100101000000010000000000010010000001000000001000000100000100000001000100000000000000000001000100
1000001010000000100000000000000000100000000000000101100100110000000000001001000000000001110000001001000001000001001000000100000000000000000001000000001100011000001000000000000000000001011100000000001000000000000000100000000000001000101011000010001000
0000000010001000000010000101000000000110001000000000000000001000000000001000000000000010000001000000000100100001001000000000000000000010000100100100000000011000100000000100000000000000000100010100000001100010000000000000110000000000001000000000000000
0100110010010100001000000000100000000000000000000000000000000010000101000010110011101100000100010100010100000100100010000000000100000000000001011000000000010000000000010000000100000000010000000010001000010001000000011100000000000000000000000000001000
0010001000000000000000010100010000000000000100000000000100100001010000000000100001101001000000000100000001000000000010001000000100000000000010000000000001001000010001000000010111000000000001000000000101001001000000000000000001000000010100000010000000
0000010001000010000000010000000000010000001000000000100010000000000010010001110101010000000000000000000100000000000000000000010010000001000010010000100100011100101101010100010000000100001010001000000000010000000011010000100100110000100010000000000000
1010000110000000001000000001010100011011100001100010000000000000000000001101010010000000000110001000010101000001000100001011001000001001100000001010000000000000000000001010001010000010000100010010010000000000000000000000001100000110000101010000101010
0100000000000000001101000000000000000001100100000000000000000001000000000010000000000000100000001000001010000000100001010001000000000000000001010100000000000010100000010100000000000001000000010010000000000000001010000001010000000000110001011000000000
1001000000000000000001110011000100000000000000000010110000000001010000000000100001000000000010011101000000000000000000000001001100010000010010100000010000000001100000010000010000001000110010010000000001000001110000000000001001000000001000000010000000
0010000000000000100001000000010001000110000000110000010000110000001100000000000100000100001001010011000000011001010000001000000000000001010000000000000100100000100000000000000001000010000000001000010001000000011000000000000101000000000101000000001001
0000110101010010001010001100001000001010000000000000000000000000000001000000000001011000100000011011101000000100100000000000000000000010000000000001000000100000000000000000010000001001000000000000000000000100100000010011000001000001000000000111010000
0000000000000000000011010000010001000000100010001010001000000000100010010000000000100010110010000011010010000000000000100000000000010000000010001100000100000000000000000010010000000000000000010100010000001101000010000010000000010100000000000000000010
0000001000000010000010000001000000001010010010000000100000000000000000000000101000000001000001001110000000000000000000100000000000000000000000000000000000100110100000000100000100000000000010000100001000000000000100001000001010000000010000001000000000
1000001000000010010001001010000000100011001010000000001010010000000100000000100000000100000010000010000100000001010000000000001001000000000000000000000000000001000000110001010000000010100010000000110000000000010000000010000000010101010000100100000001
0100000100000000001000000000001000001010000000000000100000001000111000001000000111000000000000010000000000110001000000000000000100001000000100000000010100000000000000001000000000011011000100000000010100100000000000010111000100010000000000000000000000
1010010000010001000110001001000000100000000000000000001001001000100000000000000011001000001010100111110000000001000000000000010000000000010000001100010000000000001000000011000100000000000100000000001001000000110000000000000000000000000100000100000100
0000000000000000010000000010000000000000000000000000110100000000000000100100000000001000000000100000000011010000000000000001100001000100001001000110000010001000010000000101000100100000001110001101000110000000000000000000010100101001000000001011001000
0000000001000000000000000000000000010100100000000000010000000000000000000000000001010000000010100010000010010000010100000001001001000001000001000000000000000010101000010100010011000000000000110000011100000010000010000110010100001001000000000000000010
0010010100000000000100110000000110000100010000000000010001000001100000010101001000011100000000000101010000010001100110011010001010000000100001001010001010000001000000100000100000000010000000000000000000010000000011110000010101000100000000001010000100
1001000001000100000000100000000010010001000010000100000000000000000000000010001000000000000100100010001000000100000100000000000000001000000001001000000101000001000000000100001000001010000001100100000100000000001000101010100000000000000000100100000000
0000000010010000100010000000100000001000000100000010100001000000001000000000001000000001000000001000000010000000001000100011100010000000001001010000000010001000000000100000011000000000000000000000000000000010000001010000000000000000100010000000100100
0000001000000110000000000000000001010000100000000010000010001000100000000001000000110001000000000011000000001100011100000100001000000000100000000010000000000000000001000000000000000000010100000000010000010000001000010010111001000100000100000001010001
0000000000000000000000000000000011001100001000001000000000000000000001000000000100010000000000000111010000010000000000000000000000000000101010010000000000100000000000010000000010101000000001001001000001010000010000000100000001000000110000000000001000
0000000000000001011000000000001000100000000010000000000000100100110010100000000000010000100000100000000000101000100000000010000000001010000000000100000000100000000100000100000000001010000000001000000100010000000000000010000000000000100010010000000000
0000000011000100110000100000000000000000000000000000000000000010000100001000000010000000000011000100000010001000000010000000000000000001100000000000100000000100100000010000000000000100000000100000001000000000000000000000010101000000010010000010100111
0000000000000000010000001000000111000000100000000000000001000010000010000000010000000010000000000010000000000001000001000000010001001000000000000000000100101000000100000100000010001100001100001000000001000000000000000000000000010001001000010100001010
1000000000000011000000000010011000000000001000000000000000000001010000000000001010000000000001000001000100100001000000000000100000011100011000000000001001000000001000010000000000001000000000010000100100010000011000100000100010110000000000000000001001
0101000000000100000000000001000000010000010000100000000000000101100000001000000000100100000000010010000110000010010010000000000000100000000000010010000000101011110100010000001000000000010000010000000100010000010000000100000000101100000000110100100010
0100000000100100010000010000000000000001000000000000001010000000000000000000000000011000000000000001010110100000000000100000100001100010100100010000100000000011000000010000000000001001000010000000000100110000010000000001000001010000000000000000000010
0000100000010000110000011100000000001010000000001010000000000100110010000000010000100000001100011000001000110000000000000010010000000000000000000000010000000100001000000000110000111000000000000000000111010000000000001010000010000000100000000000000001
0001001001100100000000110001000100000001001000000001100100000010100100000100001000100010001100111001000110000000000000001000010010000100101000000110000000001000001000000000110000000100001001000001000000000011100001000010000000000001000000100000001000
0000000000000000010100010100000001000100000001010000001000000000000000000000000100010100000000000000010000000010100000000000000000010000000000000000000000110100000000001000001100000000001000010000010000000000000000000000010000000000100000000000010000
0000101000000010100000000001000000000010000001100000000000000000000001000001010101000000000110001000000000000001000000000001100100001001000001100000000000110000000010010100010000001100001001100001100010100000011000000000101010010000000011000010010000
0000100010000000010010100001000100000000000100000010000001000011001010000010000000000000100001011001000001000000000101000100100000000010010100000000001000000000001010000000001000000000000001000000000000001000000000000101001000001000100010000000000010
0000001001000100100001100000000100000000000001000010001001000000001100100000100000000000001011000000000010000011000000000010000000010000101000001000010000000001000000011011001001010000000110010000000000000000000011000000000000000010000001000000001010
1001000010000101000000000000001111001010100000000000000001010000000000000000000000000000000010100100000000001000000000000101000001000100010001000010000000000001000000000010100000000010000000000000001000011011000101001010000100000101000100000000000001
0000011000000000000000000001001000000000010100001001000010000001001000000111010101000000000010000010001000010000100011000010001100010100000000000000000100000100000000110000000000000000000100100000000100100001100000000000000000000000000100100010011000
0010001000110000000010000001001001010000000000000010000001010010001011000000100000100000000000100000000000000000100100000001000000001000000100100000100010000010010000000000000000101110001000010000000000100010011001000100000000100001000001010100000000
0000101000000000000000100000000000000000100000000000000000000000000010101000000001000100000000010000000000000001000010000000010000010000000000000000100000000101001001000000100000110000000001010000000000010000000000000100000010100000001010010000000000
0010000000100100010000001000000010000000000000001010001001100000100101000000001000000010010100010000000001010101000100001000000000000000010000100001000000000000000001001000000000000010110001000000000000010100000010000000000010100100000000000010000000
0001000000000111010000100010000100000000101000000000000000000001100000000100000010000000000100000000000000000011010110010000100000000000010110000000010000010000101000000000011100000100000100000000000000001000000000010110000100010000100000000000010000
0001010000011000000001010001000000000100000110110000000001000001000010010000111010001111111100100000010101010000000000000010000000000000000000001110010000010000100100011010000010000000110100100001000101001010000000000000001000000000000000000000000000
0100010000000000100100000100001000100000100010101001000000000000000000100010000010000000000000001011000001010010000100000000100000010100010000000000000001000000000000001000010000000000000011000000000000000000000100000000010100000111010001000010010000
0000001010011000000100001000000110001000100000000000000000010000000000000100000000000000100100000001000000000000000000000000110000000100100000000110000000000010000110000000100001110010000000000000000010010010011000001000100000000010101000100000100000
0010000100001000000001010000000100000100000000000001111000000000000000000001000001000000100000000000100000000000010101000100100000000010000000000000001001010110000010000000000001000000000000010000001000000000100000100001010000010101001001100000000000
0000001100000000000011001000000000000000011000010100000000010001000001000101000000000010000000010100000110000010000110011000000000000000001000000100000100000010000010011010000000000101010010000110110101001100000000010110010010000000000000101000010000
0000000000000010101100010000000000010001100000100000100001100010000001000010010010000000000000000000000011000000010000011001000000000101000101000000000001100000000101000000000100000001000000000001000100100000000000000100010010000000001100000000000000
0100000000000000000000010001000000001000010001000110000001100101000000000000011100001000001000101011010100000000001011000010000100000000000100001000000000100000011000000000000010000100000000011000000100000000000100000001010100000000011000010000000010
0000000010000100000010000000000010000010000000000110010011000100000000000101000000000100001000000010000000000001000000100000001000000000001010001000000010101000000001000100001101010000000000000000100000000000010100000000000000000100001000000000000000
0010101001000100100000000000000100000010000101000000010001101001001100000000000001000000000000000100000000010000011010000010000000001000000010010100000000000000001011010000000110000000000000000000110000000010000000001000100000100100100101000000011000
1000000000000000000000100010000000000000000000000000001000000000000000011100000101100000000101001000000001000000000010000100000000001110101000000000011000000000000001000000001000000000000000000000001000000100100000010000000001111000000100000010010100
0010000100000000100000000000000000010110010000000000000000000000000011000000000000000000000000000010100000000010000000000000000000001000000000100001000000000010110001000010001000000001010010000000010000100000001000000000000010100100000001011000010000
0001100000000101000000000101010010100000000000000010010000000000001000000100010000011100001001001000010000010000000001001000110000000000000000000000000010100000000000000100000000001010110000000000000010000000101110101000100000000000010100110000010000
0000000010100100000000000000000000000000010100000000010000000000000000000000000010100000001010100001000010000100000000011000010000000000001000000100000000000000000000000000001001000001000000000000000000000000010000000010111001000100100110000000001100
0000011001100111000000101010000100000001000000000000010000001010000010000110001011001000000000000001000000000000000000100010010001000100010110000000000100111001000000010000000001000100100110000000010010100001000000000000100000000000110000000000100000
0110001000000000000011000010000100000000001001110000001101100100101100000000000100000110000000001000000000100000000000000000000000000000000010000010000000000000001000101100010000001100000100001001000001000010000010100000110000000000000001000000010000
0000100000000010000000000010000001000000000000101100010000000000010100000000000000101000000100000010000000000000111010001000001000100100010000000000010010010000000100000000000010001001000000000000000000000001111000000001000110000000000110110101001000
0001100000010010000000000000100000000100000000000010001001101000000000000000000010001000101000000010000001101000110100000000000001000010110000000000100000000000010000000000000010000000100001000100000000000000000000000100000000000000000000000001000001
1100000010000000000010001000000000010000100000001000000001010000000100100001000000100001000000000000000000001000000110000000000000001000010000000000111011001000000001100010100001000010011110000100000000000010000000000110001100000000010000000110100100
0000000000000100000001000000000100000000000100010000000101000000010000011000000000001000000000010000100010010001000000000000000100000000110000000000000000100000100000001000000010110000011000000000001000010000110010100100010000001000000000000001000000
0100101000100010100001001000000000101000000101000100100000100000000000000000000000000101000000001000010001001000100001000100000000100000000000000000000000000011010000010010000001100010010000010000100000000001100000000000000010000011010000010010000001
0000010001000000100000100000000100010000100100101010000010001010000000011000010000000000100010000001011010000100000000001000100000000101000001100100001000000000000100000000000000001000101000000001011000100000000001110010100001101000001000000011001010
0000001000000000010000000000000010000001000001000000110000101000000000000000010011000010010110001000000010010000010010100001011000100000101001000001100000000000000000100100000001000010110000011001010001000010000000010100100100000010000000100001000001
0000000000010100100000000001000001000000010100000101000001000000000000001000111001001000000000001000000010000000101000000110100000101000000001000000010110000000100000000000000000010100000001110010000110000000100000000001100000000001000000000000000000
0011000000000000000110100000010100000010110000100000000101100000000100110010000000100010000100000001011000000000000001010000001000001001011000001000010000000000000000000001000001001001000000010100000000000010100000000000000000000000001010110000000010
1000000000001100010001100100000000000000010000000010000100100001000000000000000010010000000001000000000010000000000100001000000000000001010100000010100010000000000000000000000000001000000000000000000001000000000000000000011000000000000000000000010000
0001000000000000100000000000000000110000000001001001000000011110000000000000000001100100010101000010001000000000010000000000000000000000010000000000000000000010001010010001000001000010100000000000010000000000000000000000000010100000000000011000000100
1000100000001010010000110000001010001000010000010000001010100000001010000100100000010101000010100000000110000100000000100000101000100000000000000101001000000010000101100000000000000000000000010000000000000000000000000000000001000000000000001000010000
0000000000000000000000000000010000100000010000000010010000001000010100010010000000001000100000000000010000000000010010000000000000100000000100000000000000100000000100000000000000000000100000000000000001100000010011000000000000001000000000010000000010
0000001001001001000000100000010001001000000010000000010000010101000000001000010000000000010001000000000000101000010001000001000100000010000000000000000000000110001000000001000000000000010010000000000010011000000001100100111000001011100000010010010000
0110000100011000000000000001000011000000000000000000100010101010000000000110010001001000000010000001000000010010000000101100011000000000000000010000011000010000001000100000000001100001000000000010001000000000000010111000010100100000010010101010100010
0010010110000000000000000110110000011100010011100001000001000000000000000000000101000000001001000000000100001100000000000000010000000000010000001001000000001010000100100000010000000000001000001010100101001100000000100000001001110000000000000000100000
0100000000100000000010001001000010000000000001000010000000000000001000010000010110001001000000000001010100000000001000100000000100101000000010000010010000001100000000000000000010000000000000000000100000010000000000000000000010000000000001000100001000
0100010000001000000100000000000001100000010000010000000010000000000000110000000110100001000100000001010000011100000001100000001010000000000100000000000001000010000001010100000001010000000100000000010000000101101001110000100010000000001100010110010000
0000010000010000000000100010000100001000000000000000000001001001100000010000000000101000000010000000000000000000100000011100000000000100000001001000000000000100001000000100000010000000000000010101000000000000000100000000001010000010010000001000000001
0000000101000000000100000000100000000000101001000101000000010000100000000000000010001000010101000010000000110000000011000001000000000110001000100111100010000000000001011001000100001000001000000000001000101000001000100001101010000000001001010000000000
1101010100010100000001100001000001000000100000000100110100011000010000100000000000000101000000000001000110000010000010000000000010000000000000000100000000000100000000100000000100000010010010110000100000001000000110000010000000100110010000100000000001
0000110001000000100000110000000011010000000100000001000010100000000000010000000000000010000000001000010011001000000001000000010000000110001000100000000010000000000000010100001000000000000010101000000111000000001000001100000000000000000000001000000100
0000010000010000000000100000000100000000100110000100000000001000000000000010000000100000000001000000000000000000000000000100000000010000010010000000010000000010001001101101010000000100100000010001100001010000000000100000000100001000000000001000000010
0001000001000001100101100000001100100000001000100000000000000000000100001010000001000010000011000101000000000000010000001000000010000000000100000101000000000000010110000000000001000000000001000000101100100000000011000010100100000000100000010001001000
0000100000000000000000000001000001010000000110000000000001000000010000000100100100001001000000000000000010010000100000010000000000000000000000010010000000000000000000000100001100000100010001000000000000000000010000000000000000101000000000000000000001
0000000000111000110000000000100000000100011000000000000100010000010100010000000010110000000000000000001100000000000010000000000000001001010001010000000000000010000000010001001000010100001000000000010010100000000111101000000000000000101000000100000010
1000000000000000001001000000010000000100000000000000000010000011000100000000100000010000000100000000000000010010010010000100100010000001000000000000000000010000001110000100011001000000000000000000010000000000000000100000000001010000000000000000000000
0010100000100001000010001010000000001000000000000000000100010000001000001000000000100100010001001000000011001010100000010010000000000000100100000000000010010010010100100001100000000100100000100000000011000001001000000010000000000000000000000000000000
0000001000000010000000000000000100000111010000000000100001001000000000100000001010101010000000001100000011010000010000111110010000011000000010010000010000000001000000000001001000001101000001010000100010000000001000010000000000000000010000000000000100
0000000001011100100000000000101000000000100000100000100000001010000000000111000010000000000000000100000000000100000000000100111100000000000101001000100000000000000000010000000000000010000000000000000100000000010011010000000101001000010000000010000000
0000001000010000000000000000100001001100010000010000010000000000000000010000000000100001000000000010000000101000000011011000000100000000000000000000000000010001000000100100000000000000000100000000000100010000011000000000000010000000000010000111000000
0000000010000110001000000000001010000101000000000000000000010000100101101000001101000000000001000100000000000001000100000100000000000010010001010000000000000000010011000001000100101101000000000010000010010000000100000000110000100100100000001000000010
0001100000010000000001001011000000000000000000000000010010000100000000000001100100000000000001000000001000100010000100100000000010000001010001000000000100010000100000000000100110110000000000000000010010100100001011101000000011000100000000010001001000
0000001000000000011101100000000000000100001000010000010000000010100010000101010000100001101000010000011010010001000000000000000000000000000000000000100000001000100001011100000000001010011000000000000100000000000010000110000000100000100000000000000100
0100000000001100010010000010001010000000000000000100000000001000010000100000100010000000100000000010100010000000000000010000100100000000010000000000000000001000011001000010100001000000000000000000000000000001000000000001100000001001100000100100110101
1000000010101000000100001100010011001100001000010001000001001000001000010000000101100000000100100000001000001100000000100000100000001000000100000000010001100100000100010000000000010010001101001000000010000000010000001110000100000000000100001010110010
0000111000001000000100100010000000011000000000000000000000000000000000000000000100000000000001000000000001010000100000000001101000000000000000100000000000001000000010000100011000000000001100001001001000000100000000000000001000001010001010000000010000
0001000000001000001000100000000000000000000110010000000100000010010000100000001110000000000100010000000000011100100001001001000000000000000000000000010000000000001100100001000100010100000001000000000001011000000000010000000000010000000000001100000000
0000000000100010100100000000001001000000000000000001000100000100000000000000000000000000100000000001010000000000000100000000000000000000000000000000000001001010010000001000000110000000000000001000000000000010000000000010001000000000000000000001001000
1000010000010100010001001000000000000001000000000000000000000000010100100001100000000000000011000000000000000000000000100000100000101000000001100000000000000100100000000000000110000000101000000000000001000100000000000000000000100000000100000001001100
1000000000100001000010001000100010010000000000111001000000001000000100000000100010000000000100000000001000110100000001001000001000000000001000001011001000000011000000000000000000001000100100010000000101001100010100000001000011100101000000001001001000
0000000001000000010000000100000000000010100000100100000000001010000000000110010000010000100000000100000000000000000000000010010101100001010000001010000000010000000010010000000000011000000100000000000000000000000000000100001100000001000100000000010000
0010000000100001000000100000000000000100000000001000000000101100000101000110101001000000000000000100001000000000010000000000001010010000000000000000010100000001000000000100010001000001000000100000000000000101100000000000100100000000000000100001000000
0000100000000000000001000001000000100000000000010010101000100000001101000001001100001010000000010000000100001100000001110000000000000000100001011000010000100000000100000000000100000100100010001100000000000000010001001000010000000000000000000100001010
0100100000000011101000101000100001010010010010001000110000110000010000000000001001100000000000100011000100000000001000001000000001000000000010001001000000000010100001000000000000010000000000011101000010000000010100000110000000001000000001000000000100
0000010000000000010000010000010000100001000000000010000000000001000000001000000000000000000010010001100001101000000000010000000000101000000000000000000010000001000000011000000000000110000011010100100000001000100110001000100000011000000000010000001100
191 26
231 30
