250 250
0000000100000010000111010000000100000000100100101000000000000110000000001001010100010110001010000000000000001001000100001001001000010000000000000000101010000010000100010000001011000000101000011000000001000000000000110101010000000000001100000001000010
0000110010010001000100000000000001000000100000000000000001100000100011000000000000000010000001000100001000110000001001010011000001000100001000000000010000000100000100000010100000001010000000000010000000010000010010000001000000100001100000000000000000
1000000000000000010000010000011000000000000000000001001001000001010000001100110000000000101000000000000001000000000001100100001100010100100000110100000001000010000100000000000010000000000000001000010000000100000000000000001000000001000100010000010000
1100000000000000011010000010000010001000100000100000000001010110000010000000010000000010010010001000000011000101000000000010000000001000100010010000010001110000010000000011101000000000000000000000000000000000000000000000010110000101000000000010100010
0101000100101010000000000000110000000000100100000000000000000100000001000000000000000000010001000000000100001010000001000000010000010000001000000000001000000000000000000010000000000010000010000000001000110001000000000010100000001000010000010011001100
1000010001000000000000010000010000000010000000000000000010000110000000000001100000000000010000000100000000010011100000000000000000010000000101101000000000000000010100001000001001000000010000000000101000000000000100001000000011011000000100011000001000
0000011000001110000000001000000001001000000000000000001101000001000000100001010000000001000001000000000000010000101000000000010001001000000000010000000110101000001000101000000000100000000000010001000010000001000010100000100000000000000000000001000010
0001000000000000100000000000000000101001110000000000000001100010000000000010001000100001100000100000000100010001000110011000000011010000000000000010100000010000000000000000100000100010000000000011000000000000111000100001000000000000000000000000111000
1000100000001000001010000000000000000010000110000000000000100000000000000000100000010000000000000100000000000000010010000000000000000010101100100111001000010000000000000100000000010100000010010100000100000010000101110000100000000011000000000100000000
0000000100000110000000100001000000000000000001000000000100010010000100000000000000000100110010000000001000000000100000000000000000100010000000000000001100000000000010000100001011000000000000000010000100010000000010000000000010100000000001000000010000
0000000000000001100000000100000100101000000100000000110000001000110000100000000000001001000000000001000000000001011000000001000000000010000000000010010000000000000010010100000000000010000000001010000000111000001000000001000000000000000010010000010000
1000000000000000000000000000001000000000000000000000000000111000000001000100000000111000010000010100000000000000000000010100000000101000101000010000001000001110000000100000000001000011000000000000000000000011011000000000010010000000001110000010000010
0000000001000010000000100000000010001010010000110001000000000001000110000010000001010011001000000000000010010000000010000100000000000000001000000000000000000001100000000110000000010000000010000000001000000100011000100000000001000000000000001000010011
0000000000000000000101000000000000001101000000010010000001110000110010001000100001000000000001001000000010100010100000000001001000000000010000000010000000001000000000000000000000001000001000100001000010000001001001000000000001000100000001000000000000
0000000000011000000000000000000000011000000000010000100000111000010000000010000000000100000001001100000000000000000000000000000000010100000010000000100000000110100001010000110001010010000000001010000100000001100001000000010001000000010010000011000010
0100000011010101000001000000000000001100000000100000011000100011000001001010000100000000000000010000001000000000000000001000000000100000000000000000001010000000000100010100000001100001000001001110100100100001000101000000110001001000000010000100110001
1000000000000000001000001001100000000001001001010010010110011010000000000100100000001000001000000000100000000000010000000010001000100000000000011101010000000001000000011010000101000000000010000100001100010110000000110000000010000100001100010000000000
1001000000000000000000000000000010100000000000000010000000000000000100010000000010000001000000110000000000000000000000000000000000000000001000000001000000000100000000000001000000000000000000000000000000000100000011000000000001000000000000000000100000
1000011000000000000010001000110000000100000000100000000001000100000100001010000001000000001000000000100000001000010000000000000001010000010000000000000001100000000110000000001010000011000100000000000011000100000000010000000000100010010000100000000100
0000011000000001100000000000000010010000010000100000101000000000010000000001000010000101000010000000010000000101000010100001100000000000000000000000000000000001100100100001001100000000100000000010000000101001100010000000010000000001001001100010000000
1001000000001000000100000001000001110000000000000110000000000100000000100000101000000000001001000011010000011001100010000000000000001100001000000000000000000000000001010000000100000000010100011010000011000010110000000011100000010000000000000000001110
0001110000000100011000101000000100010000000110000000000000000001000100000000010100000000010010000000000000010000000010100000001000100000010000100101010000000000011000100000000000100000010001000100000001000100000010000000000010001010000011000000000000
1000011000000000000100010100001000001000000000000100000000000000000010010000000101101000000000000100000000000110000010000101000000000000000000000010000010000000000000000000001000001000010000000000010000000000001000000000001000001000000000110000000000
0000011000000101101000000000000000000000101000000100000101000000001001000001010000000001010001000000110000000100000000000000101000100000000000000000010000000010001010000101000000000000000100100000100001000000000001000010000000000000000100000000010000
0000010000000100010101000010001010100000000000000010000000000000001000100100000000000001100000000000000101001000000000000001000001101000100110000000000001010000000000000000000000001010010000000000000000000000000000100111001000000000000010000000000000
0101000000000000100001100000000000011010000101010000100010000000000000100000000011001000000000010101000100001000001000000000000100000000000000000000001001100001010000010001100100000100100000000000000000000000000000000101000000000000000001100101000000
0000001000000101000000000101011000000001000000000000010010001000000010001000010001001000100000000000100010000101000001001001100000001000001000100000000001000010000001001000000000010000000000000000100000100001000010000001100010000111000100000000000100
0110000000000000010000000000000000010000100000000011000000000000000001101000000100000100000000000000000000010000001001000001000000000000000000000000000010000000000100101011000000000000000000110000001110000000000000000000000000000000100000000000010000
0010000010010000000010000000001001000000000000100000000101000100010000000010000111010000100000010101001000110000000000000000101000010000100000010001000000000100101000001001000110100000010000000000001000000001000001000100000010100001111001000000000000
0000000000000000000101000001000001100001010000000000000001101000001010000011000000000000000000011000000000100000000000010000000000100000100000001000001000000000001001000000100000000000101000001000001000000010001000001000010000000000000000001001001110
0000000000000000001110110000101010000010000001100100000000101000000000000100000010000000101010010100000101010110000110000000000010100000010000010011000000010110111000100001000000000000000000010000000000000011100000010001101001000100100000000000010000
0000010110010100100000000100000000000000000000000001010000000000010000010000000100000001000100000000000100000000000011010001000010000000000000100000000010000010010000000010001000000000000101101000000000000011000110000000000000100001000000000000000000
0010000000000000000010000000010000000001100000000000000000011000000000000011011000010000000000010100010000000110000000000000010000000010000000001000010010000000001000100000000000000100000000001000000000001000000000000010001000000000100000000101100101
0000010000000100110000100000000100000000000101000100010000100000000000000010000000001010000001100000000011000010010000000000001000000000000110101000000000000000010000000000100000000000010000000000010001101110100000000110001011111000000000000010001011
0011001010010000000001000000000100000000100001000100011000000010000000000000010000000000010100000000010101001100000000000100000000010000010011000000000100000100000000001010000000100000000010000100000000001000000000000001010110000100000110000000000000
0100000000000000001000000000000100000100000000111000000000101010110000001010011000100000000100001000000100000000100000010001000000000100000000000010100000101000000000001000000000000001000000000000010000000100011100000000000001000000100110100000000110
0100010000000010100000001000000100100100000000000010001110000000001000000000000000000000100000010000000000000000000010010000001010000000000000000101000110000000000001100000000000000000000000000000010010101010010100000000000000000000000000000111001000
0000000001000000000010000000001000001000000010010010000000110000010000000010001110010000100101010100000000000000000101010000010010001110000001001000000000001000000010011100011101000000001100000100001010000000010000000000000010010000000001000000001000
0001000110000000000000010000100000010000100000000010000010000001000000001000100100000000010100110000010101000100000100100010001000000100001000000000100011010000001001100000000010010010100001001100001000000000100000101000000000000010100100001000000100
1000000000100100001000010000000100000000110000000010000100100010000000010100100100000010000000010010000000010001000000000000010010001010110000000100010000110000001001000101000111100010000010000000000000000000001000010100001010100000000100010010000100
0101000000000100000000000010000000000000000011000001100000000000010000000000000000000000000001000000000010000000000000100000110001000000000000000101001000100010000010000100000010000010000000000000000001001000010000000100100010000010000001000000000000
0000000000100110011000000000000000000000101000000000100010000000000011000001001000100000010000010000000000000011010000000100000000000100010100010011000001010000101011000000100010101001000000001001100000000000000001000010000010000100001100000000000000
0010000000000000000100110110000000000000000000001010000000100010000000000001000000000001010101010001000000000000000100000010010000000110000000000001001000100001100100000001000000000100000000000000000111000000000000100000000000000010000000100001100011
0000100000001000100001000000000000101000000000011000000000100000100000100001000110100000000100000010000000000100000000000000000000000000100001000001000011000000100000000000000000000000000000011000000000000000000110000000010100001000001000110000011000
1001000000100000110000010010001000010011000110001100000110000001000000001000001000000010000000000001010000000001000001000000000000010110000000100000000000000010100000000000000000100000000110001100000010001000000000010000000000000000100000100000000101
0010001100000100010010000010000001000000000100010000001010000001100000001000000000000000100000100100100000000001001100010000000000110000010000000000000000000001000010000011100111000100000001000100000011100000011000000000010100000000100000000000000000
0000101000000000010000000011000101000111001000000010000000101000000010000000001001010011000000000100000001000100000010100000000000011101000001100000000000000000110000010011100000000001010000111001001000000110000100010000000000000100001000000010010010
0100101001000000010100000000010000001000000010000010000000010000000000000000010000000100000100000010010000000011000001000001001000000000001010000000000101000000000100000010000000010000010000000100001000010000000000000000100000000000001001100111100000
1001000000000000001101011000001000010010000000000100010000010000100000000100000000000010010000100001001000000000010000000001000001000000011010000000000100001000100000000010100000000001000000000000000000000000000010100000010000001000010010000000000100
0100100001010000100000000000100000000000100000000001000011100000000000000000000001001010010000000000100101100100100000010010000100000001010000001100000000001000011000000000001000100000100010100000001000000001010000100100001011000000000001010100000000
0000000000000100001011001000000100000000001000000000000010000000000010000001100001011000000000000010000000000000000000001000100000000000001000001000000000000000000000000000100000000001111010000000011010000001000000010011110000100000110000000000000000
0100010000000100000011000000001000000000010000000100001000000000000001000000000000001100010000000000000000000100000001000000000000010010000000010001000000100010000000000001000000000100100010011000001000000011001100010000000100000001010000010001011010
0000100000000000000000001000110001100100000000001000000000000000000000000101001100000000110000001101000010100000000100000001000010000000110000011001000000000000000000010100001000000000100001100100011010110000000000011000001001000000110101010000100010
0001000000000000000000100100000000000000000111100000010001100001000010101000000000000110000001010100000000000000011100000010111100000000000100000000100100000001000100000001000000000000000010000000000001101000000100000000010010000001000000001000000010
1000000000000100000000010000001000010010000000010100000000000000010000000001111010000001010000001100010100000000000010000000010000001000000000000000000100000001000000000000000000001000000000000000001001110000011000000000000000000001000001000001010000
1010000000001000101001010001000001000100000000000000000000000100000000000000000101001000000000000010100001111100001000010001000000000010000000100000001000100000000000000000010100000000000000000000000000000000010000000000000000000010010010000000010000
0100000001000000010000110100000011001100000001000000100000000010100000000000000000000010000000000000001000110000100000000001000000001000000000010000000000010001000000000000000000000001010110010000010000010000001000000000100100000000001000000011110111
0000100100000010010110101011000100000000010001000011000101000011000010000000100000001000000000001010001100000010011001001000010010100001000001000000000001000000000000000001000000000000000000000110000110000100000010000010001000000000000000010100100001
0001000000000010100111000000000100010100001000100001000000001000100110000000000000010010000000001000000000000011101000000000010010001001100000000100100100000100000000101001000010100100000000000000000000000001000010010001110001010000000101000101000010
0000000000000000010000001001000010000000000000000001000010001000000001100000000000000100000000100110010000000000100100010010010000100000000100000011000000000100001000001011000000000100100001000000000000000000001100000000000000000000000101000000001000
0000000010000000000000000101000000010000001000000000000000101000000000100000101001000000000001100000101000000100000000100100010000000000000100000000001000110000000000000000000001000000000000000000000000100010000000000010101100000000010000100010000010
0000000000010000100100010100000001001010000001010000010110000000000100000100001000000000000000000000000000110000000000000100010000100000011001000110000001000010000100010100000000110101100000100000000000110000000000100001000010000100000000000001001100
0000000000000000000000100000000000000000000001000000000001111000100010100000100101000000000000001000000001100000000000100001110000000000000000000000100000011011000000100001000000000010000100001000000000100000000100100010111000000000000000011000000000
0000001000000000000100000000000000100000010000100001001010100000001000000001000000000000000100000000100010000000001001100000001000000010001001001010000000101000100001000110110011000000101000010000000000000000010000001000000000001000000010000000100000
0000000000000000000000100000010001000010000010001000000010000000000100000001000100010010000101000000000011000100000000000000000001001000100010011010000000000000000000001010001000000000010001001000000000000100000011000000011010000000001100000001110000
0000011000011000000000000000000100000101010000010000000000100000001000000000000000000000000101000000010001010000000000100010100100000001001000000001000000000000000000000010001010010000000000000010000000000101010001000000000000000001100000000000010100
0000001010100001000000000100000000000000000100010000000000000000000000000001000000000000000100000100101001100100000000100000110001010001000001010010000001011000000000100001100000000000000000001000000000100100010000000000100000100001001000000100110001
0000011000000100000000100010100000000000111100000100100000001001000000000000000000110000000000001000010001010000000000000000000010000010000000000010010000000000000000110010100001000000000100010000011100010100000000000001010000000000001000001010001010
1000100000000000011000000100100000001100001001011000000000001011010100000000001001001000100000001101010001000000000000000100000001000100000101100100001000000001000000010100000110000000001001000010000000000100000000000000000010000000000001000100000001
0000000000100010001000011010000000000000000001000100000000101000000110100000000000110010000000000001000001000000101000000000100000000000101100000000000000010000100000000000001010000111000001001000011001000000001001000010011100000100000000001010010000
0000001001000100100000000010000000010010010001000000100000101110010011000010000000000000100000000110101010000010000000100010000010100000000100000000001000000011000000000000000000000001001001000000010001000001001100100000001011010000000001001000000000
1000010110000001000000100011000000001000000100100000000000100001000010110000100100000000000000000000000001000000000000010000000000000101000000110000110000010001000000000000000100000100000000000000000100000100000000000000001000000000000000000001010100
1001000000000100000000000100000000000000010100001000000000000010000000000001011100000000000000000010000000000000000001000010000000000011100001000000000110010000000001000010000100000000100000001000100101000001000000001100010000000000101001100001000000
1000101000100000000000000000000001001001000000000000000100000010000010000001010101001000100000001000110001010000110001001100010000100000100000100100000000000000000000000010000000000000000000000000000000010001010100001000101000100001000000000001001000
0000001000010000000010001000000000100011000001101000010010000110010000000000010001000000000010000000000000000010000000010000000000010010000100111000000000000000000000100101000010010000000110000000000001100001000010000000000000111000010001010000010000
1000001000001010001100001100000010000000000100001000000000100101000001100000000101001000000100000000000101101000000000000001010000100000000100000000000011001000000001000011000000010000001100010000000000000000000000011000000000000000000010001110000000
0000000000001000000100000000010000000001001001000000010000000010001100010000000000010000000000000000000000000000010000000000000100100000000100000100001000000000000000000100000000000000100000000000000100000000011000000001000000000000000001010001100100
0100001000010100000100100000000000010000000000000000000000000000100000001000000001000000101000000000000001100001001100010000010001000000100001000000001000000101100000000000000000011010000000000000000000000000100000001000000000100000010000000010101000
0000000010101001000000000110000010000000000001000001000000000000000000100101000000100000000000000000000101000000100000000111001000000000111000000100000000001000101000000000000001100000110000000000000000000000100000000000100000000010000100000000000000
0010000000000000010000000101001001000010000000000000000001000110000100100110010011000000110000000001010000000000000000000001000100000000100100000000001000001000100010000000010100000000000110000100000100010010000000100001010011000000000000000000000000
0000100000100110100000010011000000000000011001000001000001001001100000000000001100000000100000110000000000000100010000100110000110000000001000000000000000000000000000010100000000010100000000010001000010000000000000010001000000000000001100011000100000
1000001000010000000000000000000001000000000000001000010001100100000000001010001100000000011010000010000010000010000000001000000000001100000000100000000001000000001000000000011100000000000000001000000100000000010110010010000001000000000010011100000001
0110000001001000001100000000001001000000000000000100000000001001000010000100100010000000000000001001001100001000011001000000001000000100000010000010100000000010000000100000000010000011000010100000100000000001000000011000000100100000001000000000000001
0000100000001001000110001001100000000001000000001000000001000000000000011001110000101000010010010100000100000101000000000000000100010100001000100010000010000000000000110000001000000000000010010000000000000010000100000001000011000000010010001000000000
0000000001001000000000000101010000000000000000000000000000000100000011000001001000000000000000000011000010000000000000010000000001000010000000000000000000000110100000000001001000000001000000001000000000100000001000111001000010000000000100001000000000
0100000000000000000000000000000010000000011000011000000000101010000000010110100000001100110000000010000000010000000001000000000001100100010010100000011000000110000000000000000011000000100101110000000000100000010100000000000000000000010000000110000000
1000100001000000000000010000000001010010001000010100110100000100000000001000011011000101000000000000001000010100010000001100000100000100000100000000001000011011000100110101001000000000010000001000010000000000000001000000000000010000110001100000100010
0000010000000001000000001001001010000000000100000000000001000100000000000000001000010000000010001000010001001000100010000010000000010011100001000100100100001000100000010001001101001000000000001000000000000000000000000000000010001000001000000100001000
0100000000101000000010001000001000001000000000000000000000010001000000000000100010001000000100000010000000100011000001010000000110000000000000110000000010000000000000100100000000000110100000000000010000000011000100000100000000000001000001001000010001
0100000001000000010000010001010000000001000011000000010000000100000000010000000000000010000000110010001001000000010000000000000000001000000100000000000100010000001001000010010000010000000000010000000000000010000000000000010100000000001010111000000100
1001000000000010010100001100000000100101000000100100000101000000000000000110000101001000000100000000000100000010000100000001001010000000000000000000001001010000100010010000100000001000000110011010000000100100000000001100000011000000000000001001100000
0000000011100000101000000000000010000101100000001000010000000000001100000100000000001010000000000100011000000101000000010001000000100001000010100000111100000010001001001000010000010000000001000010000000000101010100000000001000000000001000100000000000
0100010000000100100010000001100000000100000010010011000001011000100010000000000000100010100000010000000000000001010000100010000100010001010011011000010000100011000110110000100000000000010000011000000000010000001000100010000000000010000000000000001000
0000000100001000110000000000000010000000100000000010000000000000000010000000100000000000100000000001100000000000000000000100000000010101000100100000001000000000100100001000000000000000000000100000001000000000000000100000001000000110010000011000000000
0000100100000001010010000000010001000000000100100000001100000011000000000000001000000000000001000100000001000101010000000100000010001101000000110011011011000000100001010000000000110000000001101001010100010000000100000100000000000100000000001110000001
0000010010100010000000001000000100000000000000000000000010000001001000001100000100000000000100000000000010000010000001000000000000000000101011000000000000100000100000001110100001000000011000000011100001000010000001100000001010000000000000001000000000
0000000000000000000000000001000001011000000000000000100000000000100010010000000000000000000000001100100000000001000011100000010001000000000100000010000000100000000000000101101100110000000010100000000100000000000000010010000000001000000001000000000000
0000010000000000101000000001000000000000000000001000000000000100001000000100001000000000001001100001000000000000010000010000000000000010000000010010010000000000110000100000101001000000001000000000000000000000010000100000000000010100100000000010000000
0000001000001010000000000000010000010000000100001001000100000000000010010000101001110001100000000000110000100100100000010000001000001000110000010000001000000010100000000000000001000001100001000001100000000000001001100100110000000010000000001001010100
0000100000000110000100011000010000000000000000000000110000000011000001100010001000100000110000000001000010000000100001000011000000101000101000010000000000000001000000000100010000000000000000010000100000010000010000000000000000001000010000000000000010
1000100000000100000110001010000000011000000000000100001001000000000010100010000000000100000000001001000010101000000100000000000010000100100000001010000000001000100000000100000000000011000000000000100111000000101100000000100100010100010100000010001001
0101000001000100010000000001100000000010101000000000010000000010001000000000000000100000010000000000100001000010011100000001000000000010011000001100000101001000001011100001000000000000100000000110000000001000001000001000100000000001010010000100000100
0001010010000000000001000000001100000000010010000010000010000011001001100110001011000100000010110000000000100000010000000000100100000001000000000000000001000000001010000000000000100000000001010000001001010100001101000000000001010000000011100010100100
0000010010001000000000000000101000000000000000000000000011100000000100000000000000110000000100000000101000000000001000001000001010000000001001000001000000000000000000001000000000000000000000001000000010010000000000010100000100010000010101001001000000
0001000100101000000100001010000000100000100010000011100000001010000000000000010001000100000000001000000000100000000000000000000001000000000000000000010000000010000000000110010000000001000010000000010000000011010001010001000100010000000100000000000000
0000000000000000000000110000000110000000100100000000000000000000000000100001000000001000001000100000000001001000000010101000000001100000000000000010000000001000100000010000110100001100000000000000000010000000010000100000000000010001001000000000010100
0101100000000000100000001100000000000000000000010000001010001010100100000000000000000000000000100000001000001000000000010000001100001000000101000000000000001110010001100000000000000000010000000000001100100000000000000001010000000100000000000010000010
0010000000110010010000000001000100000000000000001001000000010000000000000000000000000000000000100000000000010000010100000001100000000000001000011011000001000100001000001001011000000000010000000000000000101010000001000001100000001000110000000000000000
0000100000000100011010001000010000100110000100000000000010100101001000000000010000000000010000110000101100001000000001000000100000000000001000001000000000000001000000000100011000000000000001000000100000000100000000000000000000011010010000000010100000
0000101010010010001110110000000000000000000100000001001001001000000100010000000000000000000101010000000010000000000100100110000001000010000001000000010000000010000010011001100000000101000000000001001101010100000010001000101000000001000101100000010000
0100001000000010000000001101000100100011000010100010000000000010000001011000110000000000001001000000001000010000001001000001001000000010000000100010000000100000000010010010011010000000000011000000000000011010000001000101001000100100011000000000001000
0000000001000010010100010010000000000001000101000000001001001000100010000000000001000000000000001001000000000001001100010000001000000000000100100000000001001000000000100010010000000100000010000100001000000000001000010001100011000010010100010000000100
0000000100010000000000000000000000000010100010010000000000010000000000001100001000000000110000000001001000000000000000001000110100000111000000100110000000000000010000100000101000000110000100100100000000100000010000000000000000000000000010000000000000
0000010100000001001000001101001100010001000000000000000001000010001000000000000000000000000011000000000001000000000100000100010010000000000101000001100000000000000010000000000110000000000011010000100000110010000000100000000000000000000001001000010000
0000010000000000000000000001100000000000010000000000100000000010100000000000100000001000000100000010000001000000000100010010000000010000000011100000000001000000000100010000000000000011000100100011001000000000000000000000001000001000101000000100000000
0110000000010001000100000000000000000100000000001000100001000000000100000100000000000000100010000100000000000000000000000001001000000000000000000000000001000001000110000000001000000000100001010010000000000011001000101010000001010000000000000000010000
0101100000010100001000000100010000000101000000100000000000000010000100000000100000000001000000000100000000100100100110000010000000000000000001000110001000100000000000011000111000000010010000000100010001000100001001100000100110100000000110000010000000
0100000000111000000000100100000000100000000000000000000101000000000001000000000110000100001100000000000011000101000000010100010000000001010000000000000001000010000000100000001000110110100000100001100010000000000000000000001000000000000010000000001000
0000100000000011001110000101100010000100000010010001000100000000000000010000000100101000010011000000000001000000000000001010000010010001001000100000001000001000000000101000000100100000111000000100000000000000000000010010000000100010000000010000000000
0101001100000000001100011001100010000100000000000010000001011000000000000000101000111010000000000000000000111010100000010000100000100000000001000010001000100000001000000110000000100010001100110000000000000000000000000000100000000000000000100000000000
1000000001000000101000001010001001010000001000000000001010000000000010110000000000100001010100000010100000100000000001000000001001000011000010000000000000110001000001000000000110000000000000001001000000000001000000000010000000110110000000000000100001
0101100001001001000000010001101000000100000000010000100000000011010000001000000000100101000000100000001100000100000000110010010000000000100000001000000000000001000101000000010001000101001110000000001000000000000010010010000000011000010000100000000000
0000001001000000000100100010000100100100000000000000000000000000001101110000001001000000000000000001000000000000000001000010110010000000101100011000000000001000000100000000010010000001111010010010001010010100100000010100000000010000000000001000101000
0000001001110000001000000000010000100000100011110010000000100000100000001000000000100000100100000000000100100010000000100000000000000100000100000000100000101000100000000010000000100000010001010000011000101100000010000010100000000010000000010000000010
1100000000100000000010100000000000000000000000100000000000000000000000000111000010000000000000100110000000001000010000010000000000100000100000001011100000010000000001010000000000100000000010010000000000000000100001000001000101000000000000000100000100
0000010101000000000000000001001010000000000000000000000100000000000000100010010000000000111000000100001000100010000000001000000000000100000000000101000000010000000000000000000000001000000001000100000000000011110000010000000000000000001000000000000000
0111000100001101000000001000000000000000000000100001010100000011010001000000000000000000000000000010001000100111000000100000000000001000000000110011000110000000101000000010000000000000000000111110001000111000000000111001010000011100001000010000010010
0001000110001000110000100001100100100000110000000000000001000001000000000000000000010000010000000000000000010100000001000000011000001000000000000000000000000000000000001000000000001010011000000000101000000000000000001100000000010000001000000010000000
0000000001100000011010000000000110010000011000000000010000100000000000010110000010101000000100000001000010100010110000001100010001001000000100010000000100001001000001000000010100000000001000000001000000000000100001000001001001000000000000001000100010
0000000010000000000010000100001000000010010001000000100101001100000100000010000010100001000011010001010100011000100000000000000001100000001000001000010010100101000000000100110100000000000010000000000000000001000100001100000000100000000000000001000001
0011000001001000000010100000000001000000000001000000000001100100010100001001000000000010000000001100100000001110000000000001001000001001000000000000000001000000010000010011000000000001000000001011000001000001100001000010100000001000000001000000000000
1000100110010010000000100000001110101000001000000000001001000110010000110010000000110000000000000000001000000001000010000000000001000010001100010100000000000100100100000000010000000100010100001010000000000000100100000000000000000001000010010000000000
0000100000000010000000000001000100100101000000000100000000000000100000100000001001000000110000000100000001000000010001000000100000001000000000010011000000000001000101011000001000100001100000001000000000001000000001000000000010100000000000000001000010
0000010010000100110000000000000000000010000000000100000100000000100000100000000000000100011010000000010101100000000000000001000001010000000001010010000000010000100010000100000000000000001011100010000000000000001010000110001000000000000000000100000000
0010000000001101000001110010000000000000000000000100001001000000100000000000000110100000000000000100000000100000101100001000010000000000010010000000100000000000000000000000000100000001001000000100100000000000100000000100000000000000001010001000010001
0000000000000010001000000000000000000100000000000000000001000010010000000001001000000000011000000100001001000010100000110000000001000000000000010000001100000000000100000001110000000001100000100100000000000000000000000101000100000000110000000001000001
0010001010000000000100000100001000010000101000000000100010000000001000010000000100100000000000010100010110000000010000100010000000010000000000000010100000000000000001000000000000000010001010000000000110010100001000000010000000000010000000001100010000
0000100110000001010010000000000000000000000000100000000000000011100000010001000100000110010010000000000000100000100010011000100000000000000000000011000001001000100000000000000000000000000101000000011001000010010000000000000000001000000100001000000000
0000000010100000000001000000100000000000000000100000100001010000000100000000010000001000010000000010000000100001100010000000010000100000001101000000000100000100000000000010000100000000010010000000000100000001010000000000010100001010010000000010000000
1001000000000100000000100000011001011010010100011000001100000000101000000000001000000000000100001010110000000000000000001000000000000000000000010000001001001100001000110100001001000000001010001000110001001010100000001010110100010000001000000000000010
0011000010000010000000000001010000100000000010000000000100000001000000010001100010000010000000000000000100000000101000000000011000000000000001000001000000010000010000000011010001010000000000000100000000010001001010000010101000011000010000011000000000
0000010010000000000000100000000100010000001000000001001000000000000110010000000010100000000000000100000000000011000000000010100000000000001000000001000010000000000000100010000000001100000000000100000000000010000000001000000000010000000000000000000000
0000000000000000000000000100000000000000000000000001010000000000000101010000000000000010110000000000000000100010010100110000010001000100000000000000001100000101000000000110000100001000001000010000000000100000010011000000000010000000000101000100000001
1010000000000000000001000011000000010000111100100110101000000000010000000010000010000000000000001000000000000000000000000010000000001000000010101000100000000000000000000000010000000000000010001000000100000001000000000000010000100000100000010100010000
0000000001000000010110100000100000001100110000000000100100000000010000000001010100000001001100000000100011001000000000000000000010000000100000000010000000000110001000000000010000000000000000100000010010000000100000000010000000000000001000000010101001
0000000000000100000001001100000001100001000110100000000001000000001100000000111000000100001000010100010100100010000000000000100010001000100000000010001000000010011001010100100000100000010010000001000000010100000011101000000010000010000110000000001000
0000100010001000000000100000001000000100010010000000100000101000001000010001000100000010000001000010000000010111001000000000100000000000011000000000110000010000000000000000000000000001001000011000010000100100000000000000000000100000111000010000010100
0010001000000000111000010000010000001000000001000100000000000001000000001000000100000000000000000000000100000100000001000000001000000100000100100100000100000000100011010000010000100010000000000001000000000001010000000011000101000000001000000000101000
0000010100000000001000100001010001000000000000100100100010001100000000000001000000001000001011000000000100011000000100000000101101000000000000001100000001000000010000100000001000000010000001000000000000010000000010010000000000100001000100010000000100
0010000000011000000000000000000000000000000000010111000000000000011000000100010101010000000000000000001101101000101001000000001000000000000100000010000000000000000000100000000000100010010000010000001000000000100010000100000111000000100010000000000000
1000001000000010010000000000000000000000001000100000000000001000010000000000000000100000000000000010100011010100000000000001000000000001000001010100011000010100100000001000000000000000010100000100101000000100000010000000100000000010000000000000000100
0000000100000010000010000000001000000010000000000011000000100000000000111101000000010000100000010000100000000000000001001010000010000001001000000000010000000001000100010010000000000010000000000000000000010000001010000010000010111011000000000000000000
0000010000000010010000001000011010001001100100000000000000000000000001000000000110000000000001010001000100010100000000000000001100100010000000100100001000000000000000101010001000000000011001000000000000110000000010111001101000000010100000000000000001
0000100100000000001001001000100000010001010000000001000101000001000000001000001001000000100001000000000000000100010000000000000000100100000010011000000000000000000000000000100100000000010000010000000000000000001010000000000000100000000000001000100100
0001000100100000010000001101000000000000011000010100100010000000000001011101011000000100100100000000001000010011000011011000000000000000000000110000100000000000001001010000000001000000000000010000010101000010001000000000100110000000000001000000100010
0000001100000100100100010000110000011001011000001000101000000000000000010010000000000000001000000000101000001100000010000101000000000001100001000000001000001000001000000000001000000100100000001000000001011000100001000000000001000000100010010000000000
1100000000011000000001000000000100100000010000010000100000000000100110100001001000000000000000000100000100000000001100000000000000100000000000001100100000100000001000000100001000001000010000000110000000000100000000001000000011000100000000000001000000
1001101000000001000000000100000000000000000000000000000000001000000000000000011010000001000010000000000000000100010001001000000000101000000010000000000110000001100000000000000010001001110000011100001000000010100000010000110001001001010000001000000000
0000100000000100100100000100000110000100000010100000000100110000000000110000000000000000100010001111010010010000100000010000100000100000000001000010000000001000000000100010000000000000000100000010000000001001000000000100011000000000011010101000001001
0010000100000000100001000010000000001101100000000000000000000001000101000100100000100001000001101010000000001000100000000001000110000000001100001000001000000100010000000100000000000000000000000001000001000001000000000001100001000001100000110011001000
0000000000001101000010000000100000010000100001000000000000000000000000000100000000100101000000010100000000000011011001001010000001001000110011000000000101000000000100100000000000000001110000000100001101000000000000000000000101000000101000110000001000
0001110001100001001000000100100000100010001101100000000000000010000101000100000000000000100000000000010100000000000000000000000000000000000101100000000010100010010000001000010001010000000000000000001101000101001010100001101000000000000000000001000000
1000000001010001101000000000000000011000000010000001100000000000001001000000000001000000010010000100000010010000100000000000001000000000000000001000000000000000000001000000000000000001100010000010000000100000000101000100000010000100000100000000000000
0011010000000000010000011010101000000010000010000000000010000000100000001000000000000000010000010000100000000000010100000000000000000010000000010001100000000000010000000000000000010101000011000100000001000000000100000101000000001000000001010011000000
0100100001000000000000000000000000001001001000000001001010010000001000000100100001000001000101000000000010100000110000010000100000000000000110001000000000101100000110000000010010000010000000000010100000001000100110000101000100010010000000010110000000
0000100000010100010000010000000011000001001000000000000101000100000000110000000110000000000000000010000010000101010000000100000000000000000000000000000101100000101001000000000000000010000100000000101000010010000101000000001000100000000000000000000000
0000001010110100000010000100000000000111000000101000000000000000100000001011000000001010000010001000100000000100100010010000000000001100111000000000101000100000011010001000100001000000001000000000011000001010000010001000000000001000100000110000000000
0010000000000000010001100000011000000000000000100000001101100000000000000000100000000000100000000100010000000000000100110000000010000010000010000000010010000000000000110010100001000010000000100100001000010010001000000000010100000010000000011001000000
0000100000000000000000000000000101000000100000000000000100001000100000000000000000001100100000000010001001001000111000010000000000000100100000000000100000011000000000000000001000000000010000000000001000000100110000000100010000000000000001000000000000
0001010011000000000010100000001000010110000000000000000000000000000000001000000001000010000000000010000001000100000000001110000000101001000100000010000000001000000000000100000001111100010000000100000010101000100001000010001000000000000101010000001000
0100100000000000000100100000001000100000001010000000000000001000000110000000000100000000001001000000000000001000001000000000100110100001000000000010001000000000001000000100100000101110100110000001000000000000001010000001000001000100000000000000000100
0100000010010000000000001000101000000100100000001000000110101000001010010000101010000000011000000000100001100010010000000010000010000000000010010010010000110011000000000100000110010010100000000000000001001000000000000000000001000011000000000000011000
0100010010000000000001000000100000011101000000000000000011001000000000001000010100000101010010100000110000001000000100000010000000000000000000000001000000010000001000000000011100001000000000010000000011001000000000000010010000100000001000000000001010
1010000100000010100000000001001000000000000000001000000000000000001001000100000000000000001001001000000000000000010010001000010001000010000000000000110000100110000000000101000000001010000100010010000100000000000000001000000001000000110001001000110000
1000000000000000000010100000001110000100001001110010000000000101000000001000010000000000100000000001000000010101000000011010001000100100000000010100000000000110100000001000000100010000000000000000010001010000001100000100110001000010000100010010010000
0001000000000000000000000000001100000000000000100010110001000000000001011110011000011000000000010000010000000000000010101010010000001010010000001000000001010000100010000010000000000010000100000011000100000000000001010000000101000000010000001000110000
1001000000000000000000100000000100000000100100000000000001010000010110000000000000000000000000100000001000000000000000001100000010000000000101110000000010010010000001100000000010000100001000000100000100000000000000011000000010000100111000001100000010
0000000010010000000000000000000000000000000100000000000001000000000100000000000000000000111010010110110000000000000010000000010000100010000100000000000011000000010011100100010000110001000000000100000100100100000010010000000000000100000010001000100010
1100000000000000001100000000000000100000010001001000000000100001000000000000000110001000000100000000100100000100000000000000010011000000000000000000000000011000100010100000100010010000000000000000110000000000000011100000000000001100000100001000110001
0101010001010000000100001000000000000000000100100001000000000100000000101001000000010000001000100000100000101010000010000000011000000000000000101000000001000001010000101001000000011111100100000000100010000010000000010100000000001000000000100000010000
0010010001000000000000000000000000000000001001000000000100000101000001010000000000111000001000100010110000000010000010000010000000100000001001000000000001001000100000100000000000000000001000000001001010000000000010000000000000000000000000000011010100
0000000000110000000000001000001000010000000110000010000001000000000000010100001011000000000000110100100010100100000000000100001010000000100001000010001000000000000001000000101000000010000000010000110010001100000000010000000010000000000110001011101000
1000000000000011001001000000000000000100001000000010000000000000000000000000001000000000000000001000000000000000000101100000001010001000001000000000001001000000000100011000000100001000011101000001000000000111100000000000000000001100100000100000000000
0000100000010100100000100000101000000011000100000100100001010000100100000000000000100010000000000100000000000000010000000100000000001000100001100010000001101010010001000100010000000010000100100000000001000100000001000100000000011011010000000000010101
0000000000010000000000000010000100100000100000100000000000000000000000000001100100000000000000000000000010001001100000010000000010000000000010000000000010000100000001000110000001000000000000110001000000000000000000000000000011000000000000001010000000
0000001000010001000110100000000000000000010000010100000000001100000001110000000010000000011000010001100000000000001000000001000000001000000000000000100001100000000100001000000000000100000000000011001001001000000000000001011000000001000000000100010000
0100100010000000000000000100000010000000010001011000000000001000110100000000000000000000000001001010101001000000001000000000000100000000100000000000001000001000000000100000000010000000000100000100100000000000000000000000100000000000000001011100000000
1000000000010000010000010000000000010000000000000100010010000000000000110100000100000000010100000000000000100101000010101000000000000100000000000100000000000000011000000000010100000010000000010100000001000010000000100000000000001000000000000010000001
0000010000010000010100000000010001000000000000000010000010100011101000000001000000000010100100001000000100010100001001000100000000100011000100000110000000100000000010000000100010001000010000100000001111000010000000010000000000110010000000000000000010
0100000001000001001000001101000000010000000000000000010000010000000000010000010000000000000000001000000000001010001100000001000000101001000001010100000100100000000000000000001000000000000000000001100101000000000100000110001000010000000000100010000000
0100000000100100100001010000000000000000100001000000001000000000010000000000000100010100101000001000000000000100000001000100000011001000000000110100010000100001110010000000100000011000101010000001000000000001001000000000000010000001001100000010000010
0111011000001000100100000011100001000100000000000100010001000100000000000010000101100000000001000000010000000001010011100001000000001000000100000011000000000000000001000000000010100000001001000010000000000000000000000000001001000001100000000110000000
0011000100000101000010000000000000001010001100000000000100101000011010101000011000100000100000000000010100000001000000000000000000000100000010100001000010001100100100001000000010100000001100100100001010001000000010010011100000000100000001000000001101
0000100000000001001000000100100000100000100000000000011100001100001001000000001000000100101000101010000000000100100000000001000000100000100001100000000000010000000000000100110000000010000000010000000010000000000000000100100000000000000000000100000010
0000000000000010010000010000000000000000000001001111110010000000000010000001000000000000000001000000000000000000000000100000000000000010000010000100100001000000000100000001000011000000000100100000000000000010000000101100000100000001000100000100000100
0000001010000100001000000000000000000110010001011010100000000000000000000000001000010010001000100100000011110011000001000000000001000000000000100000101001000000000000111110001000010000010010100000000000000100000001000100010001000000000001000000000000
0010000010000000001000000001000000000100000000001000000000100000000000000000000000000000000000100100010000000011000000001010000000001000000000010100001000000001000001100000010000101001000100000010100001010001100001001000000001100100100000000000110000
0001000000011011010000000010010000000000000000000001100000000000000000001000100000000000000001000000100000000111000000001000000000010000000100001000000011001000000000010000000111000000000110010000100000000001000000001000000000000000010000000010100000
0001000000100100000000110001000000100000001001000010000001011100110000000100100101001000000100000000010100000010101000100000000100000000000010000000000000000000001000000000000010000000000000000000001110000001101010001100011000000000000101000000000000
1000000000010000000001010000001000000100000000000000001100011000001000100000000000100000001000000000000000000000000001001000000000000000100000001000000000000110000000000000000000000000001001000100000000101100010100000000000010001010101001000000000000
0000010000000000000000010011000010001000001010010100000000001000000010000000100101001000000000000010010000100000000000000000000000000000010000100100000000000000001000100000000100001100000000000100010011100001000100000010010100011000000000010010101100
1000000010100000000000000000000000011011100011000000000001000000100001101110000000000000010000000010000000000000000000100010000010000000000000010000000100000000000000001100000010000100100001000000100000000000000000000000001010000000000000000010000000
0000000001000000110010001000000110000100010000000010000110000000000000001000100000100100001000000000000000100000000000000011000001000000000000010001111000000010010000000000000000001010100110010011000010001011001000000000000000000000110010000000000000
0000000000000000000000000000001000010000000000000001000100100001000010000001110100000000010000000000000000000100000000010000000000100000001010000000000000011000100000100000100110110000010000000000000000010010100000000010100000000000000000000000001000
0000010000000011000100000000000100000110111100000000010010000000000000000010000000010001000010000000101000000000000010000000000000000001100001000001000000001000000000100110000000000000000000000000000010000111000001000100000100000000000001000110000010
0101010000010000001010000000000001100010100000100000000000010000011000010000000000101001101000000000110000001000000000001000000000000110010000001101000100000010111110000100000010000000000001000010000000101100010100000010000000100000000000010000000010
0100100010001000000100000010000000000000001100000000001000000010100000010000000010010110000101000000100010010000000000101000000000000000000000000011000001001111000000100100100000000000000000000000001000000110000000001010100101000000100000001000101000
0000000100001000000000000000000000000010000001100100000000010000000000010010100000010001110000000000010000000100010000101000000000000001100001000000100011000010000001000000000000001010010000000000100100001000010000001010000010100010001000101010000001
0100000000000110000000000000100100000110000100000000000010000101000100001000000010000100100010000000000000000010100100000000001001001001000000110000000000000000000100000000000000001100100001000100010000001000001001000010000000010000000000000000000100
0110000001000000001100000000010000100110110100000010000001000001110001000000000000100000001010000000110000000000000100110010000000000000010000000000000000000000010001000001000000010001010000000000000010010000100100000000000000000100000000001000000000
0000000000100000100000000000000001000000000001000010000000001000010000000000000000001000000100000000000000001001000000000000010000000001011000001000011000001010000001010000000000000000000001000000100010110010010000100000000000010000000010000000001100
0001100110100000001000000010001010000000100100010010001000000000000001001000010010000000010000110000000010001000101100000000000001000000111011001000000000000001000000000001010000011000000000010100000001000000000000000000000101000100001100010100000010
0000000010000000000100000010000010100010110001010000000000001000000000000000000000010010010000000000110000010000100000010010101000100100001000000110100100010000000000000000000000000000000000000001000000001000000000010000001000000000100000101000000010
0000100000010100000100000000100000000001100000000000101000001000000000000001000000101000010100000100000010100000000000000100001000000000000000010011101000000001001000000001011000010000000000000001000010000000000101000000000000000001100010000000000000
0000000110100010001000010000101010000000101001000010001010100000000001000001000000000001100100000000000000000000000010100000000001000000010000000000000000001000000000000000001000000000001011000000000000100000000000000000000000001000010000000010000001
0100000000000010001000000000001001000010010000100001000000100000000010100000000000000000010010001001110000000000010100000000000010000000110000110000010000000000000001000000000010001000010000000101100100010010010100100000110000010000001110000000000000
0000100000000100001001100000001000010100000010000000000000000000010000000000101000000000100000100010000010100000000100100100000100000000100000011000000001010000100000001000000000110001000000001000010000001100001000000000010010100000011000100000001100
0000010100000010000000101001000001001000000001000000000010000010000010000000001000001010000010001110001000000000000000000101000000100000010000000010010100000000000100001100001000000010000000010000001000000000010000000001000000000100000000000001100000
0000000000000100000001100000000100000100000000001000000010000000010001100000000000100001010000000110000011001000000000001000001000010100000010000000000011010001001000010000001000000101001000000000000000000000101000000010010000100100100000000000100000
0010000100000100010000000000000000000000000000000000000000010000000001000001010000100000000000000000000000001001000100010001001000000000000000100000000001000000000000000000000000010000011000000000000100010000100000000000000010000101000000000000001000
0000001110100000001000001000000000010000000100001011001000000011100011101001000000001110100001000100000000010000000000000101110100000000000000001000010000001101010111000000000001000010100001000001001000000001000000010000000000000101000000000000001100
1000100000000100000000000000000001000000001100101000001000100000000000111000000000001000000000000000010000000010100010011000100000001000010000000100000000000001000000010101100000000010000000000000000100100001000000010000010001001010001000000100000011
0100000000000001010000010000000000000100000100000010010100000010000010000000000100010000000001000010100000000100010000000100110000000010000000000000001010000000100100001000000000000100000100000000100000100100100000001000000000100000000001001010001000
0000000000010010010000000000000001100000000000000000000000010000000000101001000000100000000000100001000000000000010000100000000000000000010100001100001111010000000000010100010110010001000000001001001000000000001001000101001000000000000100000010000000
0000110100010000000000000000000100100001010000000010000111010100000011000000000001000000000000000001000010000010000000010110000000000000000000100000000000001000010001000000000000100010111100000100000000000000000000000001000000101000001110000000000010
0000000000000100000000000010100001000000000010000000010100000000000000000010000100001000101000000011111100001000000000000100100000000000001010000000100000001100000000000010000000000011011000000000000100001000001000000000000010000010100001000000010010
0001000000001110100000100000001000000000010000000101000000000000000100000000000000110100000000000000000010010000000000000000000001010100000001000000000000000000000000000000000000100000000000100101001010000000010100000000000000000000100000001010100000
0000000000000000000000000000011001000000000110011000000000000000001000001000000010100000001101001000000000010001000010010000000000001011001110000000000000100000000000000000010000001001000010000000000010001011100000111100000001000110010001100000000100
0001001001000000001000000000000000000000011000010110000001010001000010000000000000001000001100000000110010000000000000000000001000000000000000000100100000110100100000000000000000001000000100000001011010000100010000000010110000010000000001010000001000
0000101000000000001100000000000000001100000001010000100000000000000010000000001000001000000000000000000000100000010000000010010000000000101000000110001010000000000110011000001000010001000000000000000000000110001001001000000100000000000000000001000000
0000101000110000001100000000000000000000000000010000000010010101000000000000010001000000000010100000010001000000001011001000000000000000011000000100000000100001010100010000000001000010011010000101000000100000000000000000001000001000000100000000000000
1000001000000001010110000100010000000110000001000000000001000010000110000000000000000000001010100000000000100000010001000110000000001100000000000010000110001000100001010000100110000000000100000001000010001000000000001001000000001000000001000100000000
0111110010000110000000000000100000010100000001000000000101000010000000001101001000000110000001010000000001010100000110000000000000001000001000000000000011001010000000000000001000001000100000001110001001000001001010000001000000000000000010010000000100
0001000000000000010000001000000100001000000001100010000000000000000001000001000000000100000001100000000000100001000010101000100000000000010001010000000000100000000000100100000001000000000000001001100000000000000000000000000100000000001000000000000000
0000000000001000000000001000000110100000001000000100000000000010101000000001000000000000100001000000000010000000000001101000100000000010001000000000000100001000000000011010001000001010010001000010100000000010001001000000000001000001000010010001000000
1000000001000000010010100000000010001000000000000000100100100001100000011000000100010100000000000000100011000000000010000000000100000000000000011000001000000000001001100100000000100000001111000000001010000000000000001000010010000011000100000000000010
0100000000000000000100000000110000101010011000100000001000000100000000100100000000100100000000000100100001001000000000010000001010100011000000100001000000000010100000101001001100001111000000000010000011100010001000101010000000100000001000001000000000
0000011101010000000001000101000000001001100100010000000000000001000001000000000001000000000000000100000000000010010100000000001110010000000000110010001000000010000001100010000010000100000010000000000001000000000100000010000000010000000001101100000000
0000000000010000001100000100100000000000100000001000000000100000000100101000000000000000000000010000000000001000000001000010000000000000000000001000000010000000000000000000001001000000010100000101001000000000010000010001000000011000000000000101000101
1000100000001010000000001000010000000000000000000001010000011000000010000000000000000000000000000000000001000000001000100000001101000001010000010000000100010011000000100000100101110000100000000010000000010101000010000010001010010001001000000000001100
0010111000000000010100011000000011000010000100001000010100000000010000000100001000000100000101000000000001000000100101000000000000000000010000000000000000000100100100000010000010000000000000100000000000000000010000010001101000001001000001101100000000
0100000010110010001000100000000010001100000000011000000001000000000011000000001110001010011000000000000000000000101000000000001000001010000000001000001000010000010101000000000000000000000000000000000100011000000000000000000000000010000000000100000010
0000000000000000000100000010001100000000001000000000000010010000001010100010000000101001000111010100000000000000100000000001000000000001000000000000000001100000000000000011010001000100000110000000000000000000100000000101010000010001100000000110010000
0100000001000000100000010000000000100000000000000000001100000010000001001000000000001110000000001010000000100101000010010000100110000001000000000010000000000000000001100100001000000000000101000000100000000000000000000001001010000000001000001000000000
0010001000010000001000000000010000000001100000100000000000000010001000010000000000001000000001000100000000000100000000001100010000010100100010000001001000110001100001000100000000000100000001110100000001100000000000010100000010001000100010000000010100
0001000000010000000010000000000000000000000000000000010100100000000000000000001001010100000001000000000000000000001000010001010000001101010000100000000001000000001000000010100000010001010100000100010000011011000000100110000010000001001101101000010000
0000000100000000000000000000101100001011000000101001010010000001010000000010000000001000001000000010000000000010000000000000101000001001001000001010000001011100000010000111010000110000001000000010001011100001100101000000000000001100001000010000100110
0011001100000001010001000000000001000000000000000010010000100001000000010010001000000101110001100000010000100110100010010010000000000000100000000100100000101001001000000000000000000101001000000100000110000000110100010100000100000000000111000000000000
0001000010010000110000001000110100000000000000001000000001000000000001000000001001000101000010110100000000001000001000000001000000010000100000001100100000000000000000101010000000001000000001000010101011000010000000000000000010000000010000100000000000
0100000000000000100001000000000101000000100000000001000000001001010000000000010110000000001010001100000000000000000000000000000000000000100001010000000000000001000100000010110001000000000000000000000011110000000000000100000011010000001000000000010000
212 144
84 149
