250 250
0000000100001001100110010000001001000000000001000000000010000110000110000000100000000010000001100001000000010000000000000000000000100000000010000001000001010100100000010110100000001000001100000000010000100000100000000000100000000000110010000000000110
0000000001000010010000010000000100101000010000100000010000001000010101000000000000010001100001100100010010001111001011010000001000000000000110000001000001000000010000001000110000010001000000000000110010000000010001000010000000101001100000000000000000
0010100000001000000000101010010100100010000000000000000010000011000000001000000000000000000010000000000100000000000000000000000000000000010000000101010000100110001001010000011001100000001001000000001000000000011000000000101000000000000000000000010000
0000000100000000100000001000010000100000000000100000100110000001000000000000010001000000000000100000000000001000001000000100000000000000000100000010010010001000000000000100010001000000010100100100010000001000000000010000000001000000011000000001110100
0100001001001000000100001000010000101001000000000000100000000000110000000000000010000000000101000010000000000000100001000100000010100000000010000000000010000000001100001000000000001000100010000100000010000010000000000001000010000000010000000000000000
0001000011000000000001001000000100010000100000001010000000010000000010110000000010000000000000100000001000000010000000000000000001100100010000000100001001010100000101000000000000010010000000000000001100100000010010000000000000001010001001110001000000
0001000000000001001001000010000001001001100001000000000001110000100000000000010000000101000000110000000000001000010000100000001000010100101000000000000000100001010000000000010000100001000000000000011000000110000001100110001000110100010100001010100001
1000000000001000010000000000000001010000010000100000000000000000000000010000000100000000000000010000000000000000100000011000000000001000010000010100000000000000000000000001000101000000101000000000000001010000000010010010000010000000010000001000100000
0101010000000000011100110110011000000000000000000000000000010000000000111000000000001000010000010010010000000001001000100000000000000000000000000000000000010000000001001000000100000000001000000000001101000010100000000000001010100100010000000000000000
0100000000100000001000001010000000000000000000000000010000000000000000000000000001001001000000100000101010000000100010000000101000010000010100001000100000010000010000100100000000100000001001001000000000110010000000100000101001010100000000000001000011
0000010110010000001000100000000100100100000001001000011000010000000000001000001011000000000010000010001000000000000000100000001000100000000000000000000001000000000000110000010010000001000111100000000001000000000000000000000000000000000000001011001000
0000000000000000001100000000000000110000100010001001000010100010000100011000000001000000000000010001010100001011000000000000000000000000010001010000001000000100000010000110000100000000010011000000001100000001100100100100100100000000001001000000010000
0000100100000000101110000000011100000000000101100000000100000101001010010100010001000010000010100100000000100000001001000100010010000000000001010100000000000010100100000000011110000010000000100000100000000000001100000000111100000000100001110000001001
0100000011000001110010000000100010000010000001001001001000100001010000000000000000000000000001100000100000000010010010000000001100100000000100000000000010011000011000000100000001000000100000000001010000010010010000000100000000000000000101000001010000
0100100010000000011000010000001001000110011000000000000100000000000010000000000000000010000000000000000001000000000000000000000100010001001000000000000000000000001001010000001000001000100000101011000000000000100000011000000010100000000001100010000010
0000000100000100100000010000010000001011100000000100110000000001000001100001000000010000000010000000000100001000100001001100000000000000000100101000000000000000000000000000001001110000000000000111000000100100100000000100000010000000001100001000000100
1000000000010000000000000101000000000000000000001010001001000000000000010000000000011000000100000000101000000000010000001000000100000000000000000001000100011000000000000000100010000000000000000000100100000000000000000000000010000010000000000000000000
0000000000001010000000000000000000001000100001000000100100000011000100000001000001001000000000000000010001010000001011000001101000000001001000000010000001000000000000000001110000010001010001010000000000010000000010100010010000000000010000010010000000
0000100000000000100000000101001000000100001001000000100011100000001010000000110100000010110100001000000100001001000000010000000000010010000010001000010010001000000000001000000000000100010001000011000000000000100000000001000001000000100010000100000000
0001010100100000000000000000011000010000100001000000100000011010000000100001000011000000000000000000000010000000000000000010000000000000000010000000100000110000010001000000100000000001100001010001000001000000000000000000000000010000100010000000000100
0000000100100001000000000101000000001001001110001000010100000000000000000000000000000000000000010000000000100000000001000000000101010000010000000011000000000000100001000100000110000000100001000000000100000000000100000000000000100000010000000010001000
0011100011000000000000000000100000101001101000000110000000000000010001100000001100000100110001000000100000100001000000000010100110100000100101010110001100100000000000000000110010000000000000000000000000010010000000100000010000000000000000100011000000
0000101000100001001101000000000011010100000000000000100001010100011000100001000000000000001011100111000100110000000101001100110000001000001000101000000010010001010000000000000000000000000001000000010000000100000000000000001100000000001001000100100000
0010001100000000000100010010100000000010100010000000000000000000000100001000100101000001000000100000001100000100000000000000000100000000101000100100000000100000000000000000000000001001100000010101000010000010000000010100000000011100001000000000001001
0000000000110000001001000000000010011000000000000000101000000000000010000010000000001000000000101010000011001000001001000000010000010000010001001000000000000000000100000100011001000010001100000000000000000000000000000111010100001100000000000010010001
0000001000000100001010010001000001001000001000000011101000010010101000001001000001010000000000100000100010000000000000000000000001000000000000010001010100000000000000000000000000110010010000000000000000000000010100000010000000011000000000001000000001
0000001000000000100000000000100100000001000000000000000000010010100001000000010001000100000000000000000010000000001000000010110110010100000000001010000000000000001000000000000111010100000000000010000110000010000000000111000000000000000000110000000000
0000001000000000010000110110000011000010010000010000010000001000000000000001000000000000000000000100000000010011000000000000000000011000000110000010100000000110001100000001000000001000100100000110100000001000011000010000010000000001010001000000000000
1000000010000001000000100000010010000110010100010000000000100100000001000001000000000100000001000000000001000000100010010000000010000100000000000000000010000000000000100000000010000000000010100100000000100000000000000100010100010000000001000000000101
1010001000000010000011000000000010001000001110110000000000000100000000011110000010000011101101000000001000100000000000010010000010000010000010000000000000000001000000001100101000100010100100001100100000100100000001001010000000000001000000000101000100
0000000000000000000000101100010000000000000011000000000000000000000001000001000000100010000100010000000000000000000000010100010001000000000001000101000100000010000100101000000000000100100000000100000100100000110001000000100000000001000000000100000000
0000010000001000000100000000110100000100000000000101010000000000100000000000010000100000001000010000000010000000010001010000100100000000010000100000100000000000101000000000000000100010010001000000000000000000000000100000001100000000000001000000000000
0000010000000000000000000010000001110010011001000000000010000000100000000000110000010000101000000010000100101010100000000000100100110000000001010100000010010000100010000000000000100000010000000000001000000010100000001000000000001010010100000000010100
0000010000000000100000000100000000000001001100000100100000000010000010000110100100000000000000000000001000000101000000000010000000101000100100000001000100000000101000010000001010000000010000100001010000001000100001100001010110000010100000100000010000
1100000100010000000000000001000000000000000000000100001000000000010000000000000100000101000100001000000000001000000100100001001000000100110010000000100000001000000100010000100000000000000000000000010000000000000000000010000000000010010000101000000000
0000100000000001101000000000000000110000001100111100010000000001000000000010010001000001000100000000000010000001100000000000000001100000000000000000000110100000000110100000010000100000010100000000000001000010000000000000110000000001000110001010100000
0001010000000010000000000001010010000010000000000000000000110001000000000000010000000000010000000010010000000001000000001000000000010011000011001000000000000000000000000000000000000010101000000100100100000000010000000001000000000000000010000001001011
0010010000010110000001001000101000100001001000000000000000000000000000000000000010100100000001000001100011100000000001000000000000000000001000001001100001000000011100000001000000100001000000000000000000000000001100000000100001000010000001000000001001
0000001001010010100000001000000000000010000000000010001000000101100000010000000000010010000010011010000000000000000110101000000000001000000000010000001000000100000000000000000110000000000000000000110000000100000110000000100010001000001000001100000000
0000000000000000000010100010000000000011100010000010100000000010000010000101000100000010001001000000001000001011000000000010000000000000000001000000000000000000010000000000100100000000001000010000010000000101100100001001000010000000111100011000110101
0010000000100000010010001000000010000000010011000001000101100000000000110000000000000100001010000000000000000000000001000000000000000000000110100001000000000001000000001000000010000000000101000000000011100001000000001000010000000110000010000000000000
0001010000010100110001001000000000000000101100001000010000001000101100101000001100000000000000000000000000000010010101000101000010000000001010100000010000001000000000100100110010100000000001000010000011000001000000000000000000000000000001001001000000
0000100000010001000000000100010000000000000001000000001100000001010010000100000000000000000000000010000000000000000000010000001000000000000100001000001001110000000000000000000010000000000100010000000010000000001000001000000000000000000000100000000000
0000000100000110000001001100010000000000000001010001000000001100000000110010010000000000001010110000001010111000000000100000101001000100100001000000101001010000000010010010100000000001001000010000000000000100000001010000000010000000000000000111000011
0000000000000000000000001000100000000001001001001000000000010000000011000000001000001000000000110100100000000101100000000100000001000110000000000000010000000000000000000000000000000000000001000001001010000000010001000000000000011100000000010010010000
0000000000001100001000010110001000100010110101000000011100100000000101000001000100000000000010000000001000101100000100000000010000000001001000000001000100000000011100100000100000010000000101000000111001010000100100010100000000000000000101000001100000
1000101001000000000000010100010001000000000000001000000000000000010010010000000000001001000000000000000001001000010110000000000000000000110101000000110000000000001110000000001000000000000000000000000100000010101000000000000000000100000010000000100000
1010001010100010001000000010000010000000010000100010001000010000100101100100011000000000100011000011100000110001000000000000100010000000010011100000000000101100010000001000000000000000010000010000000001010000100000011000000000000001000000001010000000
0100000100111000000000000000000100000001000000000000000010010000000000000000000000100001100000100000000000001000100000000100000000010000100001000000001000101001010000000000000000000000000000000000000000000100000000000000000010000000000010000010000101
0010000000000010110000010000010000000000000000100001000000001100000010000000000100000000110000000001000000001001000001000000001001000100101000010100000010000000000011101000010000000100001010000000000100000000000010100010010000000000000100100010000000
0100000010000000100010010000001001000011010000001000000001100000000000000000111100000101100000000000000000000000001011000110000101001100101010000001000000000010000000100000001000000000000001000000000000000000000001000110010000000001000011000000000000
0000100000000000000000001000001000000000001100100010000001000010000100100000010011001000000011000000000100100010010000000000000000000000000000000100100001000010000010100100000011100000000000001000000000000100000000010000000000010000000000001011000000
0010000000000000000000101001100001010000000000010000100000000000010001000001000000010000000000010000000001000000000000000000000000001100000000000010010100001100001000000100000000000000100100000000000000101010000100011101010010010001000001000001000000
0010100000000000011100000000000000000010000001010100000010000100010010000001001001010000001000010000000110101000000000000000000000010000001100000000110000000100000000000000000000100000000000000000000000000000010001000010000001000100000100100010011000
0000010000000001001000101000000001000000001011100001001000010010010100001000000001000000000000110000100000001000100001001000000000100100000000000000011000000010000010000100000001010001000100100000000011000100000000000000100001100010000100000100000010
0000000100100000000110000100100000100000111000000010000000000000011100000000000110000000011001011000011000101000000000010000010000001000000000100000010100000000000001000000000000000000000000000010000000000001001001000000000010001110100000010000010000
0111110100000100000010000000101000010000000000000000000001000000101001010011100000011000001001010010000100000000000001000000000100000000100000100000100000000001000000000000001010000001000000000001000001000000000000101000000010001010001000000100001000
0010010001010000000100100010001110000100011000010000001000100100010000101000000000000000000000000000000010000000000000000010000010001000000000011000000000010100000000010001000000000000010000000000000001110100010000000000001001000000001100001000000000
0000000110000010010000000010000000000001000100000010000000100100000000101001011000100000010000000001000010000001100000000000010100101000000000010000001000000000101000100000001010011010100010001000000010000000000000010000001000100001010000100000000001
0000110000001000000001100000000000100000000100100000100101001000011000100111010000100010011011110000001000000010010000000011000000000001110100001000001000000100000001000100100000000101000010000000001001000001000001001000100001000000010000010001001101
0001001000000101010000000000000010000000000000100001001000000000000100001000010000010000000000000000000000000000000000000000010000000000100100001001101000000000001101001000000100001001000100000000001000000000000001010010000000000000000010000000000000
0001000010000000100000000100000101001000000000001000010000000001000100000100011000000000000000000000100000000000000010100000100000100001000000001000000011000010001010000000010000000100010100100000001000000000000000010000000000010000100000000001000000
1001010000010000000011000111000000001001001000001000000000000000001000000000000101100010000001000100100000000011000000000000010010000000000000000000001000101010000000000000000000001001010000000000000000100000000000010110000011000000000000001000000000
0000000010000000000000001000010010000000000100000001010100100000001000011000000100110001000000001000000100000000001100000101001001000000010000000000000000000000100010100000101000000000000000101000100000000000010000000100000000010011000000000010010001
0000000010010001000100000000000100000000001000000000000000000001000110000100000000001100000100001011000000011000001000010100000000110000000100000000000000100000001000001000000001010000101110010000000010001001100000011001000000100000000000000010000000
0100110110001000010010000010001001000001101000011100100000000000000000000000100100010000000100000000001000001000000000000000000010000000100000000000000000000000100000000001000100000000001000000010000110000001010010000001100100000010000001000010000000
0000010000000001100000001000000000010000010000000010000100000000000110000000000000000100001110000001000001001000000000000001001000000000010000000100000000000000000100101110000000000000100000000010100000110010000000000010000000001000000000000000000100
0001000001000000100000000000000001000000000011001010010100001110100010000000010000000010000000000000000000100001000000010000000000000000000000000110000000001000010100100000100010000000000000000000010000010000001001100101010000000001001100000000001000
0000000001000000000100000010100000001000000001100010001000000010010000000000000000000000000010000000001000100010000010100010000000100000000000001000000100000110100000000000000000100000011000000000011000100000100010000000000000100000000000000000000000
0000000001000100001010010000010101001000001000000000000010000100000000000010100010000000001000000000001000001000010101001100100000100000010100001000000000000001001000000000000000000000001001000111010000000001000000000010000000010010010110100000011000
1000001000010000000000000010000000000000000000000000000010001000000000000000100011000000000001000011000000000100000010000000000000000000001000100000000001000000000110100000010010000001000000100001001000001000010001000000000000000100000100100101110000
1010111000011000000100000001000010000000010110010000010101000010000000100000001000000000000000001001000000000000001000000010001000000100000000000000000000000000000000001100000000011000000000101010000000000000000100000110000010000110000000000001000000
1000000000100000000000000010000010000001100001110000100000000000100000001010010000100000000100001000000000000000001000010000000000010000000000000000100100000000100001000000000000100001011000000010100000000000110000000001000000001000001010000000101001
1001000000001000000000010000000000000000010000000001000011000100010000000000000000000000100000000000000000100000101000100100100000000011000010001000000000100001000100000000000000100011010000010000010001001000001000000100000100000000100010000000000000
0000000000000000100100000100000000000100100100000000000000000000000110000000000000010100000000100000000000000000010010000000000011000000000000000001010000100000001100000000000010000000000000010000100000001000010100000010001100011001001010000000000010
0000000100000000000000101000001000010000010000011111001000001000001000100000000000000000010000000100001100000000000000000000000000000000000000001001000001000000010010000000000000010000010010000101000000010111000000001001010000001000000000000101000001
0000100101110000010100100000100100010000000010000010000010000000000010000000000000000000100000000010001000010010000000010000000000010000000010000010100000000011000000100001000100000001000000000000001000000001000000000001000000000000000000000000000000
0000010100001000001000000000000000000100000000001100000010101000001010000000100000000000000000000000000000000010000000000000000000000001000100000000000001000100000100110000000100100000100000100000011000000001000000100000000001010101000000000010010010
0001000100000000000000000000000100010010010100000000000001000000001000010010000000001010010001000010000000000000000000001101000010000000000010100000000101000010000001000000000011101100000000100000000001000011000001000000000000110000000000100110010100
0000100000000011000000001000000000000000000100000000000000000001000100100000010000000101000000000010000100001100000111011011010000000011000000000010000000000000000000001000100000001010000000100000111000000000000000000000011010010010000010000010010000
0001000000000000101100000001000000000000000000000010000111100000000001000000000000000000000000000000101010110000000100010000000000100010101000000100010001001010001100100000000000101000000000100000010000001010100100000000000000100010001000100100000010
1000110000000000000100000010000100000110000000000000000000000100001000100000010000000000000000000000001000000011000000001000100000000000000000100000000000001000000000000010000001010110011000000000100001001000000001001000000100001000110010000001000010
1000000100000010001100000000100000110000000100100010000000001000000100000100000000000110000000000001000000000001100000001000000100101000001010011000000000001001010001000110000001001000000000100000000000000010010000001100100110010000000100000001000010
0001000000000000000000100000000000100010000001000001100001111000100000100000000000000000000100000000000100001000000000010000000000000000100001011000100000000010000000001000000000010101000000000100100000000100100000010001000000000100000000000000000000
1000000000001000000001010010000001000001010000000010100000000110101001110011000000101000000000000110000010000000000000011000000000001010001001000000000000000110000010000000000001000000001001000000110000000000000000001000000000001000000000010000000100
0010001010000000000001100000000001000100001000000000000000000100000000000000000000001000000000000000000010000000000000010001010000010000000100100000000100001010000000000010000000000110110000000000100000001000000000011001000000100000010001000010000000
0100001010000010000000000000000000000000110010000000000010000000001000100000000010000000010010001100000010000000000000000000001000000100000000000000010000101100001000100000001000000101000000000000001000001000100001000100000000111000000000001000100000
0100001000001001000011100000010000000000010000000000000101000000000000001100000000000100000000000000000000000000000000001000000000001000000000010000000000000000000010001001000001000010010101100000000110000000001000100001100100010001000010001000010000
0100000000010010001000100000000000000000010000101000000000000000100000000000000101100000000000000000000011000000100000000110000000000000000100010000100000001000000000000000000000000000001000000000100000010100000000000000000000000000100010000000000000
0010011010101000100000110010000100100000001000000000000010000000000000000100000000100010000110111000000000000100000000000000101000000000100000010000000000000000000100000000100100000000100000000010000000101100000000000011010000000100000000110001100000
0001100001000000010000000010000000000000000000000000001100001000101000000001000000000000100000010100000101000000000100000100000010011000000100100000000000101001000001000010110000001100000010011000001000000000000000000000000000101001000100000000001001
0000000000000010000010000000000000011101000001000000100000000000000000001000000001000000010000100001100000001100000010010000100001000011100000001010000100010001000000110000000100000001001000000000000000000000000000000000000001100100110000000001000000
0000000000000100001000001001000000010010110000000100011000000000000100000010000100100010010000000010100001010110100110100000000110011011100000000000010000010000000010000100000010010000000000000001001000000000001000000010000001100100001000100000000000
0000000000000000000000000000100001000000000000010001000000000000001000010101000000100000000000000010000010000000000010000000000001000001001001101000000000000000000010000000000010011100000010100110000000001000000001010000000000000001101001000100000100
0001000001011000010100010000000000001110000100000000001001101000000000010000000010010000000000000000010100011011000000000101010000000001000110000000010010001000000000000000000001000000100000001000000000100001000000001101000000000000000011011000010000
0000011001100000101011000100000000000000000000100000000000000010000000000001000100001001000001001000000000100000001000011000010000001000000000001000000010000000000000101000100000000000000000000101000010000111000000101010000000010001000010000010010000
0100000000100010100000000001000000000000100100000100000000000110000000000001011000000000000000000000100011100000000000000011100001100000001100001010001000000000000101010010001000000000110010000100000000100000000000000000010010000000010100000000010100
0100001001011000110000000000000000010001000010000100001000000010000010000000100000000000000000001000001000000000001000010110001000000111110000001000000010000000000000100100010000000111000000000010000100000010000000010000000001000000000000001000010001
0110000000000100000001001000100000000000001101011000000000000000000000001000000000010001000000000001000100000000001011000000001000000000000000000000010000000000000000000001001000010001000000001010000100000000010000000000000000000001000011110000000000
1000000100001000001000100000000100000000000000000010000010101001010001100010000000100100000001000100000010000101000000000000010000010010000001001110000000100000001100000010010001101000000000000000011000101001000000001000000000010000000000010000100010
0100000000000000000000010000010000000010001001000100000000000000001000000000000000000000010000000000100010000100000001000000000100000000001000110100110100000010010000000000100010000000101000000111001001001100000000100000000000000000000000001010000000
1000000000100000010100000001000001100000000101000000001001010010000000000001000000010001100000000000000001001000000010010000000010000000000100010000010100100100110011011000000000000000011001000000000000100010000100001010000000000100001000000001000000
0000101100000001000000100000000000000001000000000001001100000000010100100001000000010001110000000000000000000010010000000011011000000000000000000010010010100110010000000000100000010110110001010000010101000000000000000010000000010000001000000000000010
0000000000000001000001010000011000100000100000111001010001100010000000100000000001000000000001100000000000101100000100010010000000000000001000000011000010000100010001001000001000101000000000110001010100100100000000000000001000000001000001000000000000
0000000100000000000000001000000000000000000000000001001000000001000000010111100100000000000010100000000000000000001001000000000000000110010010000101000000001001000010000000010001000000000000001000000000000000000010001000000000000000000010101000000000
0010000000010000010000000100101001000000000001000000000000000100000001000010010000010100010100100100000100000000110010000000010010010000000000010100101001000011000111000000110001010100000000100000010100100000100101000010000000010000111100000010000001
0000010001001000000000000000000000000101000011100000000011100000100000110000010110101100000100000001000000000000000100100000001010000000000001000101000010000000001000000000000000000000000000000000010000000000100000000010010000011000010000000000000111
0100000000000000100001001100100000000011010000000000000000001100011010000000000000000011010100000000000100000001010010000000000001100010000100010000000000000000100000000000000000000000100000001000001100101000001000001000110000000000000000000000000100
1000000001100000000000000100010000100000000101000000000000000000100000000000010100001111100000010000100000000000000001000000000001000000000010001000000100000000001100000100000000010000100010000000001001010100001000001010100010101000000010010001000000
0000100000000000111000100011000001000010001000000000000101100010010000010100010000000100001110100100000000010110000000000000010100000010100100110000001000100100000000000010000000010100000010000000010000010010101001000000100010101000010010100000000000
0000010100100001000001010100010100001000000000000000001000101000000100010000001000100100000000000000000000010000001000000000010000000000010011000010010000000000100001101001001000000100010000000010000001100011010001001100000010000000100000100010001000
0000000000000010010000010000000000000000000000000001000010000000000000100000100100000100000111000000000000000010010000000110000010000000000101000000000000000000011000001010010000000000000100000000100101000000000000010000001000010000001000010000100010
0000000000000000000001000001100000000000000011000010000010000000000000000000000000000000010000000001000100101000010000001001001010000000100101000000000000010000001000000001000010000000001110000000000000000100000100000000100001000010011100001000000010
0001000100000010001000000000000100000000010011000000000001100100110000000010100010000000100000010000010000000000101000001000100100010001000000000000000000110100010000101100010000000000000000011010000000000001000000101000000000001010100100000100000000
0010010000000001000000001000001010000000100000001000000010000100000100011101000101000100000000010000011000000010000101000000001010000000000000000000011000000000001010000100010100000000100001000001000000000000000000011001000001101000000001100001000001
0100101000000000001000000100001010010010000000010000000000000100111000011100000000000000000010000000010000000000000000010000010000110011000000110000000011010000100001010010000000001000000000000000010010000000001010001101000100010000000000000001000001
0000000000100000000011000010010100001000000100101000000001100000100001100100001000000000000100000001000010000000000011001100100000000010000000000100100010000000000001100000000000000000000000000000001000011000000000000000010001000010100000000000000000
0001000000000000000011000010010000100000010000010000001000100000001010000000000010000100000101011100000011000000000000001000000100000011000000000000000000000000000000000000000110000100110000000000001000000010000010000000000010000000001000110000000000
0010000000000100000000000001100000000000000001000000000100000000000001000000001001001100000001000000100001111000000000000000000000000100001100000001000000100001000010001000000000000000110001100100010000000001010000000000000000000000000000000010000110
0000000000001110010000100000000000000010000000000001000010000000110110000000000000000010100000010001000000000101000100100000101010001010000000000000010000111000001100001001010000000100000010100001000000000010011100100001000000000000000000000000010100
0101110100010100100000000111000001100010001000100000100000000000000000000000000000011010000100100100001000000000100011001000010100000100011000000010001100100001100010000000100010000000000000010010000000000010000000000010000001010010000000000000100000
0000000010000000100000000001000010000010010000000000000000010010100100100100001010000100000000100100000000000001001011000000000100000000100000000100010000000000000000000100000000001000001000010010001001000000000100000000101000100101000000100001000000
0000000000000000100000000000010010000000001001010000100000000000000000000000010000110100010000100010000000000000011000001001000000000000000100001100000100000001000000000000001000000000000000001000100100110010001001000000000000000001000010000010000100
0011100010000010110000000000000100000010000000100000010100000000000000010000000100110000010110000000000000100100001000000100101000000000001000001100001000000110010001100000010000000000100000000100000001000100001001001000000000000000100011100011000010
0000000000110000000001000000110010000000000000100000110000000000011000000001001000000001010100011100001000010110000000000100110000000000000000000000100010000000000000000001000000110000001100000000000000010000000000001000000000100010100000000000010100
0001010000010001000000000000001000000001000001010000011010000100001000000000000011000100000001000000000010000000000000100100000000010100100000000000100010000100000000000100010000010000000000001001001001000000000000000000001000000000000000010000010000
0000000000000000100000000101000110000001000110000011000000100001000000000000010000000000000000001000010000010000100000010010001000000001000000000000000001101000100110100000000001110000000100011010001000010010000000001000101010000010000001010010010000
0001000101010000001000001000000000000011000000110000000000000100000000100000001000001001000000000000101001000000000100000000000000000000000000000010000000000001001000100000010000000100011000000001000000010010100010001000000000000100011000000000100000
0011010000000000000010000010000000001001000000100000000000000001110000000000000001000100000000001000000000000100000000001100000000000000001100100001000010000100000000100010010000110000111011000000010101000001000000000000000000000000000000000000100010
0100000000100000000100001000000000000000000110000000000111010101000000000000100001000000000000000000010000011100000000100010000000010000000000000000000000000000100011000010010000000010000001000001000100000100100000000100000000000000000000100000010001
0010000001000100000000010000000000000100000000000000111001001010000100010101110000000110000000000100000000000000000001101010000000100011000000000000000000010000000000100000000001000000000000000000100000000000100000100000000011000000000110010000000000
0000001000100100000000001000000000000000100000000000000010000000000000000000000000000000000000000000000000001101001010100000000000000000000011000000010100000001000100000000010010011000000101101001000000000000000000000000000000000000010000010000000000
0000100000000000000100011000000000000001110001000000000001000001110000000010000001010000000010100010000000000000001000100100000000000010000001000001100001000000100000000010000000000010110101100000011110001110001000000000000100000010100000010000001001
0000000010000001000000000000000110000000000000000010010000001000010000010000000000000000000000000000000001110000000000100000100000000000001010100011000000110000000010010100001000000000010010100000000000000100011100000000000000001000000000110000000100
0100101100000110000000000010000000000000000000000100000010100000000010010001000000000000000000000000000100100110000000001000000000000101100100000110100010100010000001000000000100000100000001001000000100000000000000000000010000000000101000100010001000
0100001000000011010000000011001000000000000000100000110000100000100000010101000100000000100000000111000000000000000000000100000000000011000100000010000000000000000101000000000100000100000000000000000101000001001000010000000010010000000000010000010100
0110010100000000000001010000000011000000000000010000010000101101010000000000000011000000001000000010000010000000100000000000000000001000000000010000001000000001000000000100000000000000000110000000100001010000000000000000000110000010010000011100000000
0000000100000000000100000000000001000110000010000000000000001100000000000000001000001000000000010000110100000000000000010000000100100000001000000000000000001001100000000000000000000010000101000000000000000000101000000000010010000000000100000000000001
1100000010110000000000000000100001010000001000111000000010001001001000000001001001000100000000000100000000000000000001000000001000000000000001100000010011000100000100000001000001000000001100000000000000100010001000100001001110000100000010010000000000
0000001000000000100100000000001000000100010000000100000010000010100000000000000000010000010000000001000010000000011000000000000000000000001000000000000110011000000000000100100001000000000000101001000000000000000000000000011001000010110001010110101000
0000000010001000000000000000000000000000010001001000000100000000110000000000000000000000000000000000001010000010100000000001001000010101001000010100000000100001010000000000100000011000000000001000000000100000001000000001101010010001000100000100000000
0010000000000000100100001001000000010001000001000001010100010100010000000001100000000000100011000000010000000001000000010000000001100100000001000000001000110000001000000000101010100000000010000000000001000000100000000000001000000100000100000000000001
0000000011010000000000100000001110000000000000000000000001100100000001000000000000000001000000000001100100100011000000010000000100000000000100000000000101010000000010000000010000000010100000000000000010001100001000000110100110000101110000000100100000
0000011000001000010010000000100000000000000000010000000000001010001000000001110000000000000100100000000000001000000000000000000000100000101010001000100001001000010011010000010000001010000000000100000000000010000010000000000010000000001010000000000000
0000010000000000000000000000000001010001000000000110000000000000010000100000000000010000100001000000000000100000000000010000001000000000010100010001100010001001000000000000000000000000000010000000000000011000000000001010000000010000100000001000000100
0010000000000000100000000000010001000000000000000010001000000010001000110000000000000100100001000000110010011100000000000000101000000010000000000001101000000000100000000000000000000001010001001000000010000001000000000000000000011010011010000000000000
0000000000100010000010010000000000000000000000000100000000000000011000010000000100000010000001000000110100010000000100010000000000001000000000000100000010000000100001001000010000000000000000100100000000001000000010000000000000000000100100001011001000
0000011100000100000101000000000000010000110000100000000100101010000000000000010000010000000010000000100001100000001000011000011010000000100000000000000000000000100000000000010100000001000000000101000100000010000000000010000000010110001001001000000010
0000001000000011110000000000001000000000000100000000010000000000000010000000000000100000010000000011100000000110010000100011100001000000000000000001000000000000000000100000000000000110000000000100000000000000011010101010000000010001010000000000000000
0000000000000000001000000000011100000000001000000000000000000000000000000000011000010000001001000000000000000000000000000000000000000000011000010000010110100000100000100000000001001000000000000001001100000010110000000000000000000001100000000000000001
0000100110010000010000000110000000001110010010100100010001000100000000000000000000010000010000010000000000001010000100010000000001010010000001000000011001001000000001000000000010010010000000000100100010100011001001000000100001000010000001000000000100
0000001110001000000000000010000000000000000000010010000101001000001011001000010101010101010100100000011000000000010000000000000000000000100000010000001000000010000000100100000100000000100010000000100001000000100100000000000000100000000000001000000000
1001000000000100001000000001100000000000001100011000010000000100010001001000000000010001000010100001100000100000001001001100000000000000010000010101001100100001000111000000100000001100100000000000000000010000000010000000000100100000000000000001000000
0000011100110000000000001001100001010000101100000000100000000111010000000000000000000001000010000000000001000100100010000100000000000010000000001100000100100000001100100000000000000000101000001001011000000000100000001001000000000100000000000010100000
0010000100000000010011001000000010100010011000000000101010000000000000000010010001000001000000000110010001000000101000000010101010000101100000000011001000000000010100100010000000000000000000100000100000000000000000000000001000000010000000000010100000
0000001000000000001001110100110000001001000000001100000000000000000001000000000000000000000101000001000000000000000000001000010000001000000101010000000001000000011000000000000010000010000000001000001000000100100000001101100100000001000000000010010000
0000100001010000010000000000010100000000010100000000010000000000000000000000001000110010000000000000010000000000000000001010000000100000000000000010011101000000000000001000000011000000000000001001010000000000000000100000000000101011000000010000101100
0000000001000000011000100000100100000000010000000100000000000100000000001010100001000000000000000000000010000100010100000000010000000110000001000010000000000000000001000001000000000000010000000100100010000000010100000000000000000000010010000000001000
0000000001010100000000000000000000000010000101000000000000001100000001000000000110010000110000000010000100000001000000000001000000010000000010100010000010000000000000000000000100000000000000000011110000000011001001000010000000000110001000001000001010
0000000000101000001100000000101000001001000100000010000000000001100000100000010000101000100000000000000010000000000010000000100000000100000000000000000010000000000000000010111000000000000010000100101100001000100000000010000000100000000010100000010000
0000000100000000000000000100001000000000100000100001000000000000010000000001000001001000100011010000000000010111010000101000101010000000100101010000100000010000001001000100001000000000100000000000000100000001000000000010000100001010010000010000010011
0000001000111000000001000000010100000010100100001000000000011000000100000100001010000000000110000000000000100000000000001000110000000001000010000000000000000000110000110100000000000110000100000100000010001010010000000100000000000000000111000001000000
0000000011000110000000000000000000000010000001100010000000000000100000000000000010110001000000000000000000001100001000000010000011000100000000001000000000001100000000000100100000010010000000000000000000000000000000100001000000100000001000000001000100
0001001000000000000000000010000100000000000000000011000100100000000000000010001100010000010000001001100010001000010000010000000001000001001000000000000001000100000000000010010000000001000000000100010000000001000010111000000010010000000110001010110000
0000001011000001000001000000000001000101000110000010000000000011001000101010000001010000100000000000001000000000010000000110100000000000001001000100100000000110000000100000100000010000100000011000000001000000101000000110001000010000000110110000000101
1000010100010000101010010000000000000000011001000000100000010000000000001010001000111010000000010000000001010000000000010101000010010000000000000001000000000001000001010000010010010000010000000011100000000000000000000000010100001110100100000010000110
0000000011001010100000100000000000000000010000000000000000000101000010000000110001000000000001000000010000100000000110010010010000100100000000000000100000011100010100000100011000000010001000001100100110000000001000000001100001010100010000110001000001
0001000100100100010010001000000000000100000000001000100000100000000001000000101010000000000001000010001010000000000001000100000001000000010111010000000000000000000000001001000100001100000001001000010000000100101001000000000000000001100000000000000001
0000100000000000000000001001000100000001000000000000000011100001000000000010000100000100001000000100000010000100000100000000000000000010000011100000100000000000000001001100000110000110000000000101000010000010000000000000000000000000010000000000001010
0011000000000110000001000000001001000010000000000000010010001000010000000000000010010000001000010000000000000000011000000000001000100001000100000010010010000000000000001000100100000000110000000000100100111001000010000000000000000000011100000000000100
0100010000001110011000000001100000000000100001001000010000001100000000010100000000000110011000011000001010000010000000000001001000000000000000000001000100000000000000100000000000000000000010000000100001100000000000000000000000100000000101000000000001
0100000000000000000000010000010000001000000000000001000000000000100110111010000000000000000000100101000100101000000000000000000000000000011000010000000000000000010000000000000000000000000000000001000100000000000001010000100000000000000000011001100000
0000000001100000000000000011100000000000000000000001000000000010001000010000000000001011000010010011000001000000000000000000000000000000010000001000000000000000000001100001010000010000001100000000001000001000000001000000000010000010101101000000000001
0100000000010000110010000000000000010000000101000000100000010000010000010000000000000101000011100000010010001000000000000010000000000010011100000000000011001000001000000000000000011101000000000000000010000001000010100010000110000010100000100011101000
1010000000010001000000000000100011010101000000000000100010010100000000000100001000000000000000000000000000000101010111000000000100000100000000000001011110100101000100001100000001000000000000001000001010000000000001100100001000000000000000000001000000
0010001000010000010011100000000110000100000100000100000100000000000000101100000011100010000100100010000000000010000000000000101000001001101001001000100100000000000100000000000000000000000011001000000000100000000000100000001000010000000100000000001001
0000000001100000000000000000000000000010100110000001110000110010000001000000001000001000011100010000000000100010000000100000001100000001000110010000000010000010000000000000000000000000000000000011001000000100000101001100000010010001101000001000010000
0000000000101001100000100110101000000000001001000000000000000000000010100101101000001000000000000000100000001000000001010100000000000011000000000001000000000000010111000000000000001000000010100000000010010101000000100000000011000000010000000000000010
0011001000000010100100000110100001010000000000110000100010100000000001000100000010000000010010001001000000001100001010000000000101000001000000010000010100001010100000000000010000100000000000011000110000011000001000000000000000010000000000100000001000
0000000010000010000100010000000000011000000000000100000001000000010001000000000000011010000000101010000000101010000000000000000100000010000000000010000001000010001000001000100001000000000000100000000001001000100000000010000000010000000100000110000100
0000100001100000000001010000000000000000100000000000000001000110000100100011100000001001001100000100000010001000000000000000000100000000000100000000000000110010000000001001001100000000100000100000000000000100100000000001010000000000000000000010000000
0000011000001100001000000110001110101000000000000000000100010000000000000000000100011010110000000000010000001010000001010000000000100011001000100000000001100011110000010000000110100000100000000000000000100000000100001000001000000000000000000000010000
0000000000000000010000101100000000000000000000000000000001000100000001001000100100000100000000000001010000000000000001100000000000100000000001001000000000010000010010000001000010000000000000000000000000100100000010000000010000101000000000010010000110
0000000110000000000100000010101000100100000000100000000010010000001011110001001010010001010100001000000000001000001000000000000000000100001010010000000100000000000010000000101000000000010010010010000000000100100000000000000001100010100010000000000010
1000000000001000100000100010000011000000000100100000000010100000010001000110010000000011000000000010000000100110000100000000000100000000000001000011000001000000100101000010010101000000010000000010000000000000000100000000000000010010001011000010010000
0100000000000001000000111000001100011000010000001000100000000000000000000000000100001001000010000100000001000000000011000000100011100000000010110010001000000000100000100000001100001000000000010010100000000000000000000000100000001100000000001100000000
0001101000000110111000010000000000000000001000100100000000001000100000000010000100000000100110010000000010000100100010000000100100000001000000000001000000000001010000000110100001010000001000101000000000000010000100000001010101000000000100001001010100
0000000000001100000100010101000000100010000011100000010000000000000000000000000000000000010101100100000000000001001000100000000000100000000001000010001000000000000111000000000000000100000000010001000011001000010100000100010000000000101001100110110000
0000000000000000001100010000100100000000001100100000000000010100010100000100010100011000000010010001100010000000100000000100000100000000000000000000000010000000000100000110000001001010000000000011001110100110001000000000000000000000000111000001000000
0000100000000100000110000000100000000000000001000000010000000000000010000000010000000000100000000000000010110000000000100000000000100000010000000010000010000000000001000010000010000001000010000100010000000000000010000010000000001000001000000000110000
0111000000000000100000001000000000000000000001000000000000000110000100000100000001000010000011000010000000010100011110001000000100000001110000000000100000000000000000001000010101000000000001000010000100000000100110100000100000100100000000000000000010
0100000001000100101000011010000100001010000000000000000000000100000100100001000000011010001000000001000000000000000000001100000001101000000100001000001000000010100000000000000100000000000100000000001000000001000011000010101000000010011000010000101010
1010000000000000000100000010110100001000000000000001100000000100000000100100000000000000000000000000000001000001000000000011000000000000000000001010001000000000000000100000000001000000000010000000000011000000000000000000000000101001000100001101000100
0000000100000000100000001000100000000000000000000001000000000010001100100001110010010000110100000000000000000010000110100011000000001000001000001100110000100100000011001000001000001000001000000100101010000000100100000000010010001001100000100010001101
0000000010001000000000010000000000100000001001001000101001000001001000100000010000010000000000000001100000010000000001100000000000100000000000000001000000000000100000010001000000100010000000000100100000000000001010100000000000000110010001000000000000
0000011000000100000011000000010010100100000000001101000111000100001000100000000001000000000000000000001000000000010001000100101001110100000000110001000000000000000000001000000000000010001100010100000000010000000010000010000000010001100000010000001000
0100001000010000000100110000001000100000100000010100001000000101001000000011000100000000000100000000000000000000000100000100000100011100001100000000000000000000000000010000000001010010000010000000110000000000010000000000000000000000000000000100100101
0000100011010000000000000001000001000000000100000001000000000000100001010000110000000000000000001001000000000010000000000101000011000010000100010000010000000000010010000000100000100000010100010100000000000010100000000000000010001000100000000000000010
0000000100000011000010000100000010000000000000001001000001000000001100000000000000000000001000100101000000000000000000000100100011000000011000000000000000000000000100010101000000000000000010000000000000000010000000100000000100000000111001100000100010
1000001010000000000001100100000000000000001000000001000010001110000000000000100010011000000010000000001000001000100000010000000000000010000000000010010000000110100000010100011000001000011000000000110000111010010010000010000000000000100001100000000010
0110101100000000100101000100000000100010000000000000100000000000000000000000010001100000001100001000000000000000011001001010000010110100001011000000000000000110100000010010000000000000000000100000000000010000101010000010000000000010000000001001001000
0111000101010111000000000000000000100100010001000010100000000001001000001100100000001000010000000000001000010000000000100101000100000000011001000000010100001000000010000000010100000111000000000110001001001001000000000000000100000000000000000000101000
0000001101100000000000010000010001000001000001000000001000000000000010000010000001001000000000000001011000000010000000000000001000000001000001001100000000100000010000000010000000010010000000001000000000000000100000000000000000000000000101000000000001
0011001000011001000110100000010000100000001000010100000000000000010010000100010000100001000000010000000000010100000010000000101000000000010000000000001001000000000000101000011010010000110001000010000000100000000000001001001000000010100000010000000100
0001010000010000110000001000100000011000010000000000000010000000000000000010010000000000000000000001100100000010000110000100100000100000011000001011000000010010101000000011000010000010001000000011000000001000000100000000000000110100001000000010001000
1000101000010100000000000000000000000000100001000100001000000100000000010100000101000001000101100011011001010100101000100000000100000000000000000000100000010001101000000010000000010110001001100001010000000001010100001000010000000000000000000111010000
1010000000010101010000010000000100110010000000000000010100001110000000010000100000000000000000000001000000000000110000001010000000001001000000000010000000000000110100000000000011000000000000010000100000100000000100001000000000100000000000000100100000
0000000000100001001000010000000001000000010010100000101001100111000101000000000010000000000000000001000000000001000000000010000000100010000000000000001000000100000010010001100000000000100000100010000000000100000011001000000000001001000100000000100001
0000000000010010001001100000000000100000000011000110110010000000100000010100000000000000001000100000000000000000000000000000100001000000100000001101000000100000010000101001010000000011100101010000000000110100010000000001001010000000000000000000000000
0001010000000000000001000010101000000000000100000100001000000000000000100000000001001010000000010100010010000001000000000000000000000000000010000010000000010001000000010000000001000000010010010000000000101000110000000100000000001000000000101000100000
0000000001101000000000000000000000000000000000010000000001001000001000000001000000110010000000000000100000000010000100000100100100000010000000100000010001101100010000001000010000010000000000000000010001100000000000100001000000010100001001011001101010
0010000011000010000100000000010000000000000000000000001000000000000000010000111001000000100000100100000000110000000000010000000000000000000110000000000101000000000000000100001110000000000011100001001000000000001000000000000100000001001000010000000001
1010000000000000000100000000011100100000100010100000010010000000000001000000000000001001000000000001000010001000000000000100000001010101101000010100111000000000010000000000000000000000010001010100000001100001100000000000010000000000001001101100000100
0000001100000000000000001000000000010000000010000000000000001000000000000000000001000000100100000000001000000000010100001000000000110000010000011000010010000000101000000000001000000000000001100000000100000000000010000000000000010100000001000000000000
0010001000010100000010010100100100010000000010101010000000001000000001100110100000000000101000000010000000000010000010000000001000001000000010001000000010000100000000000111000010000000100000000001000000010101001011000110000000000000001000000010000100
0000000010010000000000100001000000000100100000000110100100000101010000000100000011010010000000000010100000000000010010000100000000000000000110000100000101001000101000100011000000000000000100001000110000000000001001000001000000010000000000010000100000
0001000110101000000000000000000000010000000001000000000010000001000000001000000100101000000000000100000000001100100000000000000000000001010010000001001000000000000000010000000000000011001001001000100000001000010000001000000010001000000010000001000000
0000000000000001000000010010000000000000000000101000000000010000000010000000000000001001000000000000000001100000011000000000001000010100100000000000000000100000000001010011010100001100000100000100000010000000000000010100000000000000100001001000000100
0000000000000011010000000000000010100100000000010010000000000100100000000010001000000000000100010000000010010000100101000010000000100000000000100100000011010000001010000110000000010001000100010010000000101001010110100000000000000000100000000000000000
0100000000000000000000000001100000010000000100000000100000000001000000000000000000000010101100000000010000101000000000000010000000000010001010000000000000000000000101001000000010000000001000000000011000000000000101001000000100000000000011000000111000
0010000000100100100100010001000000000000100100000000100101000000000010000000000010000000000000000100000000100001100000110000000100000000000100000000000000000001000000101000001100000001000111000000010010000010000010000000001000100000000000100000000000
1100100000000100010000010000000100110001000000001000010000000100101000100101000000100101101000000010000100000000000010100000110000100000000000000001000100100010000000000001000100000000000000000110000001001100100010010100011100000001000000010000010000
1000000000000000000000100000100100000000000010010001100100010000000011010000000000000001000010100101000100000100010001010100000000000100000001000100000100100000000000100000000000000000000000100010010000000001000000010100000000000000000101000000100101
0000001100000000000001010100111011000000000000000000000010010100000000000010000001000000100001001000100010001000000000000000000100000010000000011000101000000000010000000000000000000000000000011011100000000000000100000000000000010010000010000010000100
0011111000010000100100000000000000000010101000000000010011000000000100100100000000010000000000001000000000001000000010000010000000000010001000100000000000001010000000001010000000000000101000000000000000000000000001000010001000001000000000000100000001
0100000000100000000000010110000000001000000000000000100000000010000000001110001001101000000000010000000001000000000000000010000100010000101000000000000100000001000000000000000000101000000100101000101000101010000000010000010101000000010000000100000001
0001000110000000010000000000000000000010000000100000000000000000000000000100000000000000001010010000001100000010001001010100000011000001101000100010000001001000000010110000000100010000100000000000000001001000000100000000010001000000100000000100000000
1010001001100000000010010000011010011001000000000000000001000001000100010000100000100100011000100010000100000100000010000000110000100000000000001000000101100000000001000111000001000000001000001100100100000000010001000000100000000000000010000100001000
0000100000000000100100000000000011000010000010000000001000000000000000000010000101000000000010001000000000001100101000100010001000100001101000110000000000010010011010000001100000100100000000000101000000011010000010000000100000010100110010010100100110
0000000000000000000100000000000000110100100000000000000000100000000000000001000010010000010000000000011010000100000000000000000100001001000001010000000000000001101000010000100000100000000000000000001010000001000000100000100100001010100000000010000000
1000010010000100000000010001000000000000000001001000001000010000000010010100000101100100000000000000100100000100011000011001000000000010010100000000100000010000100000000010000000000000101100001000000000010000000000000000000100000000000000010000000000
0100000110100000000100000000000001100000110100000000000000000010011000001010000000000000000101000000000101000000001000001001001000100000010000000000001010000000000000100000000000000100100000000000000000000001000000000101000000000000000110100000010000
1100010101001010100100001000000100100001000100000001100100000000100000010000101000100000000001000100000001100010010010100001000001000000000000000000000000001000000010000000000000001010000000000001100010001010000000000000000000001110011000000001010000
0010000000100100010000000000000000000010100100010000000000100001000010000000000110100000000000000010010000010100000100010000000001001110000000010100010000000110000000100100000000000000110000000000000010000010000110000010000001101001000010100000010010
0000010000000000000100000010100000010000000011000000000001000000000001000011000000000100000000000000010001000001010001000000100000010000100010100010000000000000000000000010000000000001000000100000000000000010000000011001010000000000000000000001001011
0010101010000000001000010110000000100000111000011001000000100010011010000000100000110000100000000010010010000001000100001011010001100000000000000000010001000010001000000100000100010000000000000000000010100100001010000010000001000000000000010100000110
0001000000001000000000000000001100000000000010001011000000000001001011000000000000010001000000000001000000000001001001000010101000000000010000100100101000010000000001010000000000000100000011001000000110000011011000000000000000000000111000000000100011
0000000000000100000000000001010101000000000000000010111000000010000000000010001100100100101000001010000110000000100001000000100000010010100000000000000001000100100001000000000100001000001000100000100000000000000000000000000000001001001000001100000000
0001000001000010001010000100000100100000010000101000100000000000111001000010000010000001100000001000001100110000000000001000001000000000000000010000000000110000010000110001000000000000000000001101100010100000111000000000001001000010000101011011000010
0100010010000101000001100000000000000000101001100000000001000000111000000000000000000001001000101100001000000100000000001010010000000000000000011001000001001000000000001010000000000100000000100111000000000000001001000001011000000000000000000010001011
0101101000000010000000010100000000100101010000000000000000000000001100000000100100000000001010000100101000010100000000100100000001101000000000010000000000000100100000000010101001001000100101001000001010000000000001010000001001001000100001000000000001
0000000011000010000000010010000000000100000010110001100000001100000100000101000000010101000000000100000000000000110100000000010000000000101000001001110000001000000000000010000110000001000011000000000000100000010000010011000100010010000000000000101000
0101000000000000000000100010000100001000000000000000000000000010010001000010000000000000000100000000000000001000000001000000100100000000000000000000010100000000010001011000010000000001001010000001000010000000110000000000000000000000000001000000001000
0010010000001000010000001000000000101000000100000000010000000000010000000100000000111001001000100001010000001000000001100000000000001100000000000000000000010010000010000010000000000100000000100100100010000000000000000100000100100000000010001000000000
1000000010110000011010000000000000000100000000001000000000010000000000000000100000000000000001000111001001001110000000000001001000100000110000110100000000010000000000111100000000000010010001010000000001001000001000000000000110000000101000000010100000
1101000010100010000010000000000100100000101000000001100110000000000010010001000001000000010000001000000000001101011010000000000000010001010000000000000101010000001000000010100010010000000010011100000000100000010001001011000000000001000011000011100010
0000000000000000000000000000001100000010001000000100000000000000010000000001101000000000110000000100000000011001000000101000000000011000100100001010000000000010011000000001100000000100000000001100000100001001001000000100010000000000010000000000000100
1000000110000001001000010001000100000000101000100000100000100100000001100011000100000000011000100000001000000010000010000110000101010010000000110011010000000100001000000001000000000100000000101000000000001000100000100000000000010001001000000000000000
1000000100000000010001000010000001000000010000001000100000000000000000001010000101111000000110010000100000100000000010010000010001100000010000000010010110010000000000001000000000000000001000000000000010000000000000000000010010000010001100001100010000
0000000010000000010000100000000000000000000000010000000010000000000000101000000001000000000000000001001000000000000100000000100001010000000000100100100001000001000010000000000000101000000000000000000100100010000010001000010000000001000100100000000000
68 244
2 235
