250 250
0000000000000000001000000100000000110100100000000111000010100000010000000010000001100000010000000000000010000000000000000000000011000010000000110000000100101010000000001000000001001000000000000000000000010001000000000000000010000000000001000000000001
0011000010000100100000100000010000010010000000000000000000000100001001000000000000000000000001110000000001000000000000100000000000001000000100001000000100000000000000000000000000000000000010010110000000010100000010111100010000101000000000000000000001
1000000000110010100000000111000000100000011010000000000000000001001000100100000000010000000100100000000010000000010000000000100000000000000000000000100010000010000010000010001001000000000000100000100010100000000000001010101000001000100000000010000000
0100010001000000001000000000111000000000000000000001000001000000000010100000000000010100011000000001000100010000000000000010001000000101000001011000000000011000001001010010011010010100000101010011000000100000100000001100000000000000001001000010000100
0000001000001000000101100000000000000011000001000011000100000000000000100100000000001000100000110001001100000100001000000000000000101100001000000000000100000000000000101001000000010100000001000100000001000010111000000010000000000000110010000000000000
1100000000010001000000000000000000111000000100000010000101000000000011000000011000000000010010010100000001000010000000101000010000000110000000000000000001000000011000100001000000000000010100000000000000001001000000001000000110000000000100000001010000
0000001000000000000000000001000100100100000000000100000000001010000001000001000100000110001110011100001111000000100000000011000000100110000000000010010000000000001010000100000001001100001000000000100000000000010000100000010001000100100000000001000000
0000000000111000101000101000000000110010001000100000000000000000000000000000110000000000000000000001010111000100100100000000100000011000010010010000000000100100000001010000100000000000010000100011001000100000001001000001000110000000011000000010100000
0000110000000000001000000000010000000000100000000010000000000001001000000000000110100000000000000000000000000100000000001000110000000100000000001000100010100001000000000000000000000000110000010000000001100100100001000001000000100000001000001000000000
0000101010000000000010000000000000100000011000100000000100101000000001001000110000000011000001100100000000100010000010000000100001000000000000000001000110000001100000001001000000000000000000000011010000000110000010000001000000000000100001000010010000
0000010000001100000000000100010001100000000100010010010000001000000000101000000001001100010000000010001000100000000001001000100001000000000000010001000010000000001000001000000010001000000100000001010010000100000001010000000000000100000000000010100000
0100100010000000000000000000000001010100000000001000010100000000000000001000000001000000010000000001110000000000000100000001100100000011000000000000000010010001000010001000000010000110000000000001000000100000010100110100011100011001100000100000000000
0001000000001110100000000000000000100000100000100000000000010000001000000000001000000000000110110000000000000000000000100000000000000010000000000000010000000010000000000000000000000000100100000000001101000000001000101000000001000010000100000000110100
0000100001000000000000000000000000010000001001000000010000001000000010000100100000000000000100000011010100000010000000001001000000101110001000000000010000000001000000010000100010000000001000010000110000100000001000000000101000100000000100010010000001
0000001100000000000000000100000100100000001001000100000100000001001000000010000010010000000000000000000000000000000000000010000101101000100100000011000100000010000100001000000000100100000000100001101000000000000001001010100000100000000000000100100000
0010000011000000010000000000000010011010000000000010001000001001000000000000001100100000000001110000001010100001100000000100000000001000100000010010010101000100001000001100110000000000110000010010000110001000000000001000000000100010000000000000000001
0000000000000000010000000010011000000001000000000000000100000010000000000000001100000001100000001000000000001100010000000001000111000001000000100000000000000100000000000110000000000000010000100101100001000000000000000000000010000000000000000000100000
1000000000000100011000000000000001000000000000000000000000010001000000000001100000000000101000000000110000101000001000000000000000000000100000000000000000010000010000010000010000000000000011000000101001000000001000000110101000000000000000001001000000
0010100000000100100011001000100000001010011000000000000000000000000011000010000000000000000000111000100101010100010000000101000111000000000010001000100000000000010000101001000010000000000000000001000100000000011001010100000010001100000100000000101010
0000001110000000001000000100101111010000011000100010001010000100000000001100000000000011101000000000110010000000000100000000001000000100000110001000001011010001000000000010000000000000010001100000000000000000010101000001110100011000000010000001010000
0100001000000000000000111101010000100000000010011000100000100000010001000000000000001000000000000000001000000010000001000011000001000000000000010000001000110000000000000000000000000010001000001000000000000000000000000100101000011000000000100000001000
0000000000000000000000000001011000010000100000000010000000001001100101000101000100000010000000000100000000000100001000001010010000000000110001001110000000100000000000001011010100000010000001100000000000011000110000000001000001000000000010000001000000
0001000000001000010000000000010001101000010000010000000000000100000000000010000000000000000000001000010000010010000000000000100000110100000010000000000000000010011000000000000000100000010110000001000110001000000000000000000000001100000001011000000000
0000100010000001000100100001100100000000000000100000011000000000000000000110010000011000000000000001000000000101001000000100110001000000000110100100000000100100000110001000111000000000100000000001000001000001100000000001000000001000000000100000000000
0010000000001000000000000001000000000000000001000100000000000001001100000000010000000000001010000000000011000000010010001000000001100000000000000001000000010001000000000000001000100010100000010000000100000001000000111000000000000100000001010010010010
0000000100000000000000010000000100010000001000000100000001100011000100000000000100011010100000000000000000110000000001000000100010000101000001000000000100001100100000010100000101000000000000000000010010000011000000000001100000000000110000000000000010
0000000010000100100000000000001011000000000000110000100100000000000010000000010000000000000000100000000000000000000100000000001000000000010001001000000001000000000000100101100000000000100000000000000000000101000001010010110000000000010101000000000000
0000000100101000000000100001000000001000000010010000000010010100000000000000001001000000000001000000010110000000010000010000000110000001000000001100000000010000000000000000010101000001000000000101000000001101000010000010000000011000000000001100010010
0000010000000000101000000010001000011100110000000110100100000110000000001000000001010101000000000010000000100001010000000000000000000000001000101010101001000010000010001000000000010001110010000100100100010000001000001100101000000010100000000000000000
0011000100011001000001001000010010000010010000000000100010100110100010000000010000001001000000010001000000010000011001010001000010000000000000000000000000010000000011000010011100000010000000000000000000000000001000001000000001100000001000010001000000
0000011100000000101000001000010000000000000100000010000010000000000000101001000000100001010001000101001000000000000100001000001000010000001000000000000010010000000000000000000000000000101100000000000001000010110010000100000001000000110000000010101010
0000000010000000010000000000000000000000000001000000001001000000010000100000000000000001010010000000000000000000001000000000001000001000000000000000100000010000001100011100000000000000100000000100100001000100010000010000000000000000000000000000000000
0000000001000000010000000001001000010100001010101000000000000100000000100000000010100000100000000000001000000000001011000000000010011100000001000000000000100000001001000010100000101000001000000000000000000000001001000000001000010000000000001000000000
0000000000000001010100001000000110001001010000000000110010100000100000010110000000000000100000001000010000100100000000010101010000000010000100001101001000000100000001000010000000000010010000010000010000000010001000000110000010001000000000000000000100
0000010000001000000100100000000000001000010010000000001010100000000000110000000001000000000001000000000000000000000100100000000001000000000000000100000000010010000001000010000001010010000000000001111000000100100010010000000000000101000010110100000000
0000000010000000000000000001000000010001000000001000000000000100100000010000001000001000000100010000101010000001000001101100000010000000000100100000000000000010000001010100000000000001001000100000001000000000000110010000000001100000010100100000001010
1011000001000000000001010001001000001000100000000000100100100100000000010001000101000010100010000011000001000000000000010000011010000000000110000000000000000000100000000100000100000000010000001000100000001000000010000001000000111000000100100001001001
0000001000000000001000110000000011001010100000000101010101000100000110000000000000100000000010000000000000001000010000001001000010000001000100000000000000101000000100001000010010000010000000001110100010000000000010000000000000000000000001000000000000
0010000010000010010110000010010000000100000000000110000000000000000000000100000100001010001000100000000000001000000000110000000100000000010001000000010010010100010000000100100000100000100000000101000000010000000100000001000000010101011000000001000010
0010000000100010000000100000100000000000000101000010000001000010000001000100100000000000000000000000010000000100000000010101000010001000010000000010000000110000000000000100011001010000011000010000000000000000000010000010010010010000011000000100010011
0000110000001000100010000000000000000000000000100010100001000000000010000000000000001100001010000100000010001010000000000000000000010000000000000000000000000000000010000010000000000000011000100000000000100000000000100000110010001100100000000000000000
0001101000000000000000010100000010000000001100000000110000000000000010011000000000000010010000000000000000100000000100010010000000100000000000001010001010100001000100001000101000000000000000100000010000011000000100000000001000000000010100010100001000
0000000000000100000111001001000000010010001001000000000000000000000110100010110100001000000000000000000000001010011001100100001000000000010001100000000000001000000000000000100000001000001000000000100010000000000000000010000000010000100000000000010000
0000000000000000001000000000000000010000000001000010000000000000001010000000110001000000000001000000000001001010010010000000000010000110000000000000110100000000010000000000000010000100000100000100010000000000010000000100001001001000000000001000100100
0000100010000000000000011100000001000000000100000100000000000000000000000000010000000000011000000001000010010010100000000000000000100000000000000000000110000000000000101000000000000000000100010001000000000000010000000100000000100000000000001000000010
1000110000000000110000000000000100000000000100000000000000000001100000010100010000101011000000000010000000000000000000000001001000010000000000001000000100011001011000000000010001000001101000000000000000100010000000001101010000000000001101100010010010
0000010100100001000010100000010001000000000100101010001011000000010100000001101000000000000000000000000010000001010000000000000000100000011101000000000010000000001000000000001000000000000100000000000000010000000000001100100000110000000000000100000000
0000010000000000100000101000000110010001101000000000000001011000010100000000110001000001000000000001000000000100000100010000010101000010000000000001000010000001010000000000001000101000000000000000010001000000010001000001000100100010000001100010000001
0000010010001000010110001010000000000000100001000000000000100100001110000001000000100110000001100000000010000000000000000001000000000000010000010000000000001000001010000000000000000000010100000000010100010001110000000000100100001000000000000010100100
0000100100000100000000100000001000000010000000110000000100000000000000000101011001000100100000000100000001000000010000010001000000000000110100000010100000000011001000000100000000000000100000001011010110000000000010010000010001000000000101000010000000
0000000001001000000000010000100000001000111000010000101100010000000110000000010100000000000000000100000000001000000000000000001000000000001000100000001001000000000000000000010110000000000000001000100000000000001010001011000000000100000000000000000100
1100001100000000001000000001100011010001000000110010000001000000000000001000000010010100111100000000000110100010100110100000000000000000100001010000000101000000010000000100000100000000000000011000000010110001010000000000010000000000000000000000000000
0011000000000000000000001000000000100000100000000000100000000100000100000000000000010000001001000000010000000000010100000000000001000000101000000000100000000001000110000000000000011100001000000000100010000000000000001000010100000110000001000000000000
0000000000000000001100000000000000000101000000000000000010100010010100000011001001000000000001000000000110000000001100000000000000000010101000000000010100100100000001110000000000101000001000000100010000000011000000000001000001111000010010100000000000
0000000000000000000000000010001000100000100000000000000101000000000000000000100010000110110100000000000000000000000000001000000000000001000000000000000000000000000000001001100001000010000100010000000000000001010010000000001100000100000100000000100000
0000000001000101000001000000000000000000000010010100000000000001000110000010000000000010001100000001000110001000000010001000000000000000010010000000000001000001000100000010000000000010000001001000000100000000000110001001100000000000001000000000100001
0001000000100001000100011000000100000001011000000000000000001100000000000000000000000100000000000100100101000000000000000100000000000000000000000000010000000000100001000000000000000010000010000011000000100010000001110010010000000101000000000100000110
0000001011000100000000001101000001010110000100000000010001100100000010010010100000000000000000000000100000000000000000100010101000100000000001000000100100000000000010000000110000010100000001011010100000000000000000100000110001100000000000001000100000
0001001000000010000100100000000001000000000100100000000011010100000000000000000100000000000000010010100000000000000000001101010000011000000100000100000000000000000010000000000100000001000010001000000011000010000000001000000010000000000000000000011010
1000000110100000000000010000000101100000001000000100100100000000000000100100000010001000001000000011010000000000000000000010001000100001000000010000000000001000000000001100100000000000000000000000101000000010010000100010000000001001000010000000000000
0100100000100000011000001001100000000000001101000001000100011000000000000000000100000000010000000100000000000000000000000100010000001100000000010001000011011101000000000000000010100000001110000000000000110000000000000000000100010000010000000100000010
0100000000001000000000110000000000010001100001010010010011000000101100000000000100110000000010010010111000000000000000110000010010010010000000010001000000000100010000000000000010001000001000100000010000000000000000000000000010000111010000000000010000
0010000000000111000000001000100110000000000000000000000000000001100100000001010100000000000010010110000000100000100000101000000000000000000001001000010000000000011000010000000010000100000000000000000100000100000101001001000010100100000000000010000000
0010000000000000000000000000000010000100000000001011000001110000000000000000000000000010000100001000000000000100000100010001010000100001100001000000100000010000000000000000000000000100001000001001000000000001010000100000000000000100010000000000000010
0000001000000001000010000010010100000001110000000000001000000000000101000000000000000110010000000001000100000100000100100000000000000000001100110000000000000000100000010000010001110001000000000000000000100000000000000010000010000000000000000000101000
0000000000000010000100010000000000101000000100000010000000000100000010011001000000101100000001000001000000000000000000000000000000100000001000000000001000000000010000000000010010001000001100001000000100000010000000000000010000101000001000010000110000
0000001000010000010100010000000000000001000000101000000010000000000000010001000100111000000100001100100000010000000000010001000001000000000000000001001000000110101001000000000001000001000000000000000000000100010000000000010000000000000001000010010000
0000100000000010000001100000000101010000000000000011100000000000000000100000000000000000000000001000000100000000000000000100001000100001000000000011000101000000000000000100001000000000010100000100000110000100000100000000001010000010000100100000100000
0000001101000000110100001100000000100000001100000110000101000100100100010010100000001100000000000100001010000000110100101000010000000000000000000001011010000000000100000000010010000000100000000010001000000100010100010100000000010000000000001100100000
0000000000001000100000010000000000001000000000100110000010000000100101011000000000000000000100000000010100010001011000100010000000100000001000100000111010000000001000000000000000010000000011000001000100000011110000000100011001100001001001000000000000
0000000000100000000001000000001000100100000010100010010010000000101000101000000000000001100001000001001010010000000000100000010001010000001001000000000000001010000000000100000000010110000011001000000100000011000001001000000100010000000000101101000000
1010011010000010001011000000000000001000000100100000000000100101000001000000000010001010000001000001000110001001110000000000011000001000000000000000000000100000001000000000010000000000000000000000001100110000000000000001000100000000000000010000000000
0000000000100010000000010000011000000000001001010000001000110000100010000100000000000000001000100000000000000000100000000000100001111000100000000001001000000000010000000011010000001000001000000110000000100000000000000000100000000000000000010000000000
0000001000010001000000000000000101101101110000000101000000000000000000001101010000000100010010000100000000000001000000000000000000000000000000000000100000001001100011000001000000000100000000000000010000110101001001000000100001000000000000000100000000
0010010101000000000100100011100010000010000010000000001001100000000000001000100000000000100000011000000010010000000000000000010000000000000101010000001001100000100001000101101000000000000000000001000000110000110011001000110000001110000001000000100010
0001100000000000000000000010000011000000000111000000000000010000000001001100110000001001000010110000000010000000000101001000000001000000000001001000101000000001101000000000001000000000000000000010000000000010000000000000110000000000010001000000000000
0011010000000001110000110000000000000100000000000000000011000010100000000100001010000000100000100001001000000000000000001000011000000000010000000000001000000000000000010100000000000000000000000000001100000010100100000000100010010110000001000110011000
0101000000000000100000000001000000000000000000010000010000000010000000000001010100000001000110001000000000010000101110000000001111000000100000001010000000000000000000010000000000000000000010001000000100010000000010000010000000100010010000001000000000
1001001000001001010000001000000010000000000010010000001000001100000010000000000100000010100000001000000001100100000101000000101000000000000000000000000000000010100000000010001000000000100001000010001000100000011000100100011100000001010011100000100100
0000000000010101000100010000000101100000000000010010000000100010000000001100010000000010100000000100010100000000000000000000001100000010100000000000000000000000000010000000000000010000000101000000000001000000001001000100000000000100011000100100100001
0001001000011000000110000010100001000000000000000000011010000000000001010100000000100010100000000100000001000000011100000000000000000000000000000001000000010010001000100000000000111000000000000000001000000101001000010000000100000000000000001001100010
1010000000001000000000000000000000010000001010011000001001010000100000000110000000000000000000100010000000010000001000000000000000000000010000000110110110000000000000010000000000000001100000001001000000011100010001000001000000000000010000000000000000
0000000000010010010000000000010100100010001010010010100010011001000001000000000000000110000000000000000000001000000000000110000000000001011100000000010000000100100000000000001000000001000110100000000000000000000100100010000000101000000000000000100000
0010000000101000000000000000011010000000000000000000010101100001001010001000100000100110000000101100010010000000000000000000100011100000010100010010000000000000001001000000011001010000011100000000010000001000010110000000100010001000001010000000000100
0000100000000000100000000000001000000000001000001000000100000000001110100100010110101000000000000000000001000100010000010001000100000100001001000000000000000010000000000110000000001000000000000011000000000000110101001001000110010000101000000000000100
1001000000010000000000000000000100100000000001100001000001001100000100010000100000100000000100000000010000000000001000100000010000010100010000100000000000100010000000000000000000000001100000000000010011100000001000100000000011000010010000000001011001
0000001001110010000000000001000010001001000010000000001010010000100100001000000110000000000011000000010100000010001000010000110000100000010001000100100100000100000110000001000001000000100000001000000000000100100001100000010000000000000000010000000000
0010010001001000100010010010010011000000000010000000000100100000010000010101000001000000000001000000000000000001010000000001000000001010100011101000001000000001000000000010100100001010000000000010001000000000000000000000001000000000000000000000000000
0000010000000000000000000000000101000010000000000000000001001000000001000000000001000000000100000100000000000000000000100100100000001000010010000000000000000000100000001000101010001000000000000000000100000000010011000000000000000000000100110100000101
0100001110000000001000000010100001001010011000000000010001000010100000001100000100000000010100000000001000010000000000000000001000000100000000000010000001000000000000101000000100001101000000001000010000000000101000000000000100000000000000000000000000
0100110000000100010000010100000010100001000001000000101000000100010000000100101001101000010000000000000000000000000000010100010000000000000001100000000111010000000010000100010000100000000000000000000000100001000000000010000000000000100000010000000001
0000000000010000000100000100000100000010001010000000000010001000000000000100000010001000000000000000010000001000000000000000000000110000010000000000000000100010100001000010010000000000100000000000000000010000000010010000011001001000000000000000000000
0000100010100000100000010000000000000000010000100001010000010000000100100000001001000011110000000000000010100011000100000000000100001000000100000000000000000100000000000000100000000001100000000001010100110000000000000100000000000000000000000000110000
1000000100000000000000000010000001101000010011000000000000010010100000000010001001000001000001000000000010000100011000000000001001110000101110000010000000101001000001010001011011000100000000001100001000000001001000000000000000000001000000000000000001
0000010001011001000000000000011101100000000000000000000000010000000100011000000000100010100000100000000000010000001000000100010000001010000011010000000000011000100101100010000000001000000000000000010010000010000000000100000000000000000000001100000000
0000000000010000010010001000000000000000100000101000010000001001010000010001000000000000000000100000000000000000000000000000000010000000110000001000000000000000000000000000000001000100100000000000000000100000000000100100000000000101000000100010000000
0000001000000010000100001001100000000011000000000001001000000000001011000100000000001010001000001010001001001000110000100000010100000000100000000000000000000000000010000000000000010000010000100010100000000000000000000010000100000100010010000100010100
1100010001000011000010000010010100000000000000000110001000001001000011000000100000000101000010010001010000100000100000000011000010000010000100000000001000000000000000000001000010000000010000000100000001100001000000000100000000000000000000000000000101
0000000000010000001000000000000100000000000100100001000001000000100100001000000100000000000000000001100000000000000000000000100000000000000000001000000000000001000000000011001000000000000000010011000000000000000100001000000110010110001000000000000100
1000000000000000000000000000000000000000010000000000100000010000100000000000100000000001010000100000100010001010001000000010000000001000000001000100000000001100000001010010100000000000101100100000000100000100101001000001001000000000000010000001000100
0000010000001000000100100000010000000010000100000000010000000000000011000110010010101000010000000000000100100000010000100000000000010000000000001110010011000010100000000000000000000011000000000000000101101000000101000100000000010000101000000000000001
0000100010000000000001010100000000100001100000000100010010000000010001000110001000100000000011000001010010110001100000011000000100010101110010000000000100000000100010000000101000000100100010101000100000000001001000010100001000110001000000000000000000
0000001000100100000001000000100000000000000000110100000000110000100000000010101000000000000000000000000000000101100101100000000000000001000000011000001010000000000100010100000000100001000000100000000000001110000100100000000000011000101001000110000000
0000000100010010000000001000000000010000011010000000010000000000000000100000101000000100000100000000010000000000000000010010000000000010101100000000000000000001000000000100100000000000000010100000000000001000001000000110000000001000000000000000000000
0000000001100000010001000000100001010000000000000000000010110110010000000010011110100000000001000000100000000001001100000000010100000000000000110000110000000000001000000100010000000011000000001100000000000000100110100010000000000000000100000000000001
1111001000000100000000001000000000001000100000000111110001010000110110010000000100100000001000010000100000000100001000000000000000110000100000100111000000000000100101001010000000000011000000010100100010100000000010000000000111001000100000000010000010
0001000000010000010100010001000000101000000000000100000000010000010101110000000000111001100101000000000000101000000000000000000001000000100000110001000000000000100001000100010000000100100000000000010000000000000000000000111000000000000010000000010000
0000000000000000100000000011100100110010000100000001000000011000100100000000101000101100010100000100110000100101001000000010000000000000000010100100000001000001000111001000000000001100100000000000000100000000001101000000000000001010000000001001000000
0100000101001000000010000000101010000000010000100100001100010100000100001000101001001000001001000000010101000101000000000000000010010000000000000100010000001001000100000100001000000000000000001010000000000000100000000000000000100000100010000000010110
0000001010000001000101001000100000000000000100011000110000100010000010000001010000110001000001000000000010000000000000000000100000000000010000000010100000010100000000000000010100000010000000000000100000011010010001001000011010000001000000000011000000
0000000000000110000000000000010010010100000000000000100100000000000000101001000000000001100000100000010000000100001000000011100000000011000000000100000000000001010000100010000100100000001100001001000001000110000000010010000010000000011000110001000000
1001100000000001000001000100001000000100100000000001100000010001001000000000000100010000000001000000000000000000100010000000000001000000100000000001001100000001000000100001100000000101001110000100000101010000100000000000001100000000000111000000010010
0010000000000000000001000100010000000100001000010001100010000000000000000000011010010000110000001000001000000000000000000001000000100000001111000000000100101000000010000100000001000000000000001001000000000000001001001000010001000010000000000100000000
0001000100010000100000100000000000000100001010000100000000000000000000010000010001000000000001000001000110001010011000000000000010000001101110000001001100010000000000001001000010001010000000110000000000000010011011000000000000010000101000000001000000
0000110000000010000100010000000000011000000000000000000000001010100000000000100001000000001000000001010100000001001000101000100001000000001000000000101000000010000001000001100100000000100000011000000001000000100000110001000000010000011000111010001000
0000000000010000011100100001000000000001100011000000000000000111000101000011100010001000000000011100000100000001000000100000001000000001000000001100000000100000011100000100100000100000000000000100000101010000100000000000000000001100001000000000110000
0000010000000001000000000000000100000000000001010000100000000000000010000000010000000000000100000000000010000001000001000001010000011001000000110000100000000010000101000001010000011001001000000000000000000000001101000100000000000000100000000001010000
1000000000011000000110000000000010011000000000110100000000000001010000100010011001000100011010000100000000000000000010000100000010000000000010000010001000000000000010010000000000110100001000010001100000000000000001000001000000000000000000000001001001
1000000001001000000100001000000001000011100000000000010010001100000000000000000100000000000000000011000000101000101000100000010100010000001000000100001000000000000000001000000000100001000011010000000000000001010000100000010001110001100000000001000000
0001100000000000101010001000110000000000000000000010000000000000000000000000100010000000000000000000000100001101000000100001010001000001001000000000010001000010000000010100010000000100001011000010000000000100011110000000100100000000100000110000001000
0001010000100010000000010000010100000000000100000100000000010010001000000100000000000000001000000000001100100000110110001100000000000100001000001001000001000000000100000000100000010100000001000000000011000000001000010000000000010000010001000001111000
0001010001000000011000000010000000001000100100000000000000000001000000110010000001010000000000000001000000000000110000000000001000100000000010000000101000000010000010100000010001001010001010000000000000000100000000100101000001001010001001101010000000
1001000000001000010100000000000011001000100000100000000000100110000000000000000010000100000000000000000000010011110000000000000010100000100100000100000000000010000000000000100000000001000000000101000101000000000001000000000000001011000001100000000000
1000001000000100100100000100100010000000000000100000000010000000100000000000000000100000000100010010001011000000010010000010100000000000010010000010000010010000001100001000000000110100000001000000000001001000000001000000001000010000100010100000100100
0010010100010010010010000010000010001000101001001000000000011000001000000100000001000000010000010000100000000000001100000000100000000000000000010000000000100000010011011000000001000010001100000000000000001000010000000000001001000000000000011010001000
1000000010000000100000000000000001000000010000000101100101000101010000100010001000000000000000001100000001100000000000000001000000100100000000000011000000000100010100000000000010000010000100100001001000001101000000010000001000000000000000010101000010
0000000000001000000000100001001000001100010000010010000000011000000001000000000000001000010000000000000001000001010100000000001000000000000000010100110001100010000000011000001000001000000000000100000000111100000000010000100000000000000100000001011000
0100000000010000001000010000000000010000000000000000000100111001000001000000010101000100011010100101010010000000000000000110000000000000000000100001100000000110000010001100000000100000100000000001000000100000010010000101000000000010000000000010000101
0000100001000001010000000000000010000000001010010000000100110000000001000010000000000000000000000000010101000000000110000000010000001000100010000111000100100000000000010001001011011010000000000000000000000001001000000010100100000010010100000000110000
0010000000000000000101101010001000001100000000100000000010010000101000000000000000000000000100000010000000000001000100100000100000000000110000000010100000000000000000010001100000011100100000001000001010000100000000100000000000111000000000010000001000
1001000000000000100000100000000000001000100000100001100010000001001100000000000000010100000001000100010100100000000000100101000000000000110100010000010000000000001000000000000000000100000001001000010000010000011000100000100000000001000000000000000000
1010011010010010010000000000000010001000001100000010010000000100001101000010000100000010000000001000001000000001000000110001000000101000000000111000000001000000000000000000011010000000001001000000000000011010000010000000100000000000100000010000000000
0001000000000100000000000000101001000000000000001011010001100000000001010001010000000000100111100000000000000001000010000000100000000000000010000000001000000010100100000111100100001000101000000101000000100000001000000000010010000000101001010000000000
0000010000001111000001000000100000000001000000000100000001000000000001000000100000110000000000000000001000100000000010000001000000101100000010000000000000000000000000000001110000000101001001001010000000001100100100000000000010000000000001000001000111
0100001000000010001001110100000000000100010000101001000000000000100001000000000000000100000010000100000000000000011101000000000000000000001000000001000001010000000000100000000001000100000000000000010000000000000001000100110000000000010101000000000000
0001010000000001000000000100001000101010000000000001000000000000000000001000011000001000000100000000101000000000010000000000001100110101001011000000000000000000000000000000000010000000100000011000000100000000100000000000000000000000000000000000000000
0011001100001100010000000000000000000010100000000010000000011000100000100000000000000001010000101000001100100000100100010000100110000000100000001000000001001000100110000000000000100000000000000000100000000111010000100001000000110010000000000000000000
1000001000100100010001000000010000000100000100001000000000000000101100000100011000000000000010010000001000000001001000000001000010000000000000000100000100000000000000001001000000000000100000000000000000000000000000100000000001000100000000101010000000
0000000000000000100010000000000000101010100000000000110000010101001001000000000000101100010010100000001010100000001000100000000000010001000000000010010000000000000001101000110000011000010100000100100001000010000101100000100000000000000100100001000000
0000010010010000000000100001000010001000000000100000000010110110110001000000000110000000000001000000010000000000000001000010000000010010001000001000000001010000000001010000000000100000000100000000000000100010001010000010000000000100000010100000000000
0001001001000000010000000010000100000000000010000000000101000100000010000000000110000001000000000010000000000000100000000011000010000010001001001000100001000010000000000000001000000100001100011100001000000010000000100000000000000101000000000000001000
0000000010100001000000000000110000100000000000000010010000000000100000000000000000000000000000000100000010000000000000000000010001000001000000000000000000000100000100100000001000000010100100101000000000000000000000000010000001000000010000000010100000
0101000100000000100010001000000100010000000001000000010001001010001010000000101010000010010000000000000000001000000110010001000000000010010000000010100000000000000010000000000000100000001001100100000001100000010000000000010000001000100001010001011000
0000000000010001000010000010001000000000000000100100000001000000100010010001000001000000100000100000000010000000010001000001000000100010000001010010100100000000010000100000101010001001000000011000000000000010000000000000001000010010000010000001100000
0000000010100000100100000100010010010100000000000001000000110110000001011100000000000000100100000000100001000000010000011010000010000010100010001101000000101001001000001000100000000001000000000010000000000000000100100000010110000001000000000000000000
0100000000000001000000000000100110000010000000100000100000000110101010000010010000000000100010000000000000000000100000000000000000000000000001000000000000000000001000000000000001000000010000000000000001111000000001000100000001000000111000000001000010
0000000001000100000100110001000001000100000100011000000001010001000000101010100000000000100000000000000000010000010000000110000000100000000000000010000000000010100000000010000000010000000000010000000000001000000000000001000000000000000010010000010001
0001001001010011000000000000000010000000000001000000000100000100000000001000001010000000000100000110000100000000000000010000100000000101010110000000000000000000110010000000000000000000000100100000000010100000000000001000001000000100000000000010000010
1011111000100000000001010010001000000000000000100000000100000000011100000001110010010001000100000000000001001100001000010100000010000000000000100000000100000000011000100000101010100010000000000000001100110001000001000000101101100100000100110000000001
0000000000000100000000000000001000000000000000010001000010100000000010000000001000000000000000000001000000000000001100110101000010000001000000010000000000011000100100000000000000110000000000000000000000000100000100000001000001000001000000000000011000
0000100000000000000000000000000000100000000000000000000100000000101100000011010001000000000000000000001000000001000000000000100010000000000001010000001000000001000000000000000000100000000100000010000000100000100001110010100000000010000000000000000000
0000000000000001000011000010001000000000000000110010100000000000001000000000101000010000000110000000000000000000000000110011000000000010000000010100000001100010001100000000001000011000001000000000001000001010101000010100000100001100010100100001000000
1001100100000000000000000000001000000001000000000000010001000000000000000000000000010000000000000010100000011000000100000100000010101110000010000000000111000110000010001011101000000010000000100000101000001100100010000100101000000000000001000100000000
0010000000000011000000000001000000001000010100010101000001001010000011000000010000010001000010000000100010001100000010100000000000100000000000000000000001000000011100000010001000000010001101000000000010101010001000000001001000000101000001000010000010
0010010100000100000010000001000000000000000000100001000000000000000000000010001000010000000100000010010010000000000010000111101100010001010010000010010000000000000000000000001000010100000000000010100000100011000000000000010010000000000000000000000000
0001000000100000000001000001000110010000010000000000010000000100000010000010000000001000001001000001110000000000100101100000000000011000010000001010000000010010000000001010010010000000000100000011000000110000000000100010100100000000100000001000010000
0010100101000001000100000001001000000000010000010010000000000010100000000000000000101000000000000000001000000000001000101010000100000000000000000110000000100000001000000000110000000100000000010100011000000000000110010000001100000010001000001000000001
1000000000100011100000010000010000001000010001001000010000010000001000000000000010000001000100000000001001011000100000100000100001000100010000000000000010000000000000000000010000001001110011100011000000000011000000000010000000000000000001000111010000
1000000100000001000000000100000111000001100000010100010010000100000000000000000000000100000000011010000001000000000100000000010000001000000000010011000000000011000000100100001000100000110000000000000000000101000000000000100100010001100001100000100000
1000100000110110010001010000000000100001000000000001000100000100010000000000010001000010001000000010000011000000010100000000000000000010000000010000010000010000000101100011000000001000010100000000010000001000000110000000000000101001000000000001000000
0000100000010000000000000100000010000100000100000000000000000000001000000000000001100000000010000010011000101100000000100000110110001000000000000011100000001000000000000000000000100010000010000000000000000010000000000000001000000000000100000000000011
1010000000001000010001100001000100001001000010000110001100001100001000001000000000000001000010001000011000000001000000010000000000000001000010010010000000100000000011100000000010000110010010000000000100000001100100000010001000001000010011000110010000
0000000000010100010010100000001101000000000000100000000000001000100010110000000110010000000000000010010010000110000000100000000000001000010001001000010000100110000000000101000001000001010000000010000000000000010010100000000100000001000000000100100000
0000000000000000001110000000001000000000010100000010001000010000000001010100001000000000000000000001000000000000100000000000000100010000000001001100000000001001100000000000000001001000001001000110010011001000100100000000000000000010000001100011001000
0010000000000000001000001001000001000000000010000110000000010010000001000010000010000000010000000101000100000000000010010001110000100100001000000000100001000000000100000100000000100110000101100000100000100010000000110000000000000000001000000000000000
0000100000110011000000000001010000001010000010010000000000000000000000110000100000000000000001010001100000011100010100010000100000000100010010000000000000100000000000110000000100000010001000000000000011000100100000010000001001000110010010001000000000
0100000000100001001000000001110010000001000000001101000001010000010000100100001100000001000000000000000000000001100000000010000000011000000110000000100000000001001000000000000000001001010000000010000100000010101000001000000001100000010000010010010000
0000000000011001000000010000000000000100001100001000010000100000000000001000000001010010010010000000000000001100000000000100000100000000000000000010000000000001001000000000001000100000000000000000000000000000001000101000010000000000001100110010000010
0010000010100001010000010000000000000100011000000010000010100011000000000000100000000000000000000000101001000000000010100010000001010000010000000001010000000010000000000000001000000000000010001001101000100000010100000100011000010000100100010001000110
0001000010000000000001000000000000000000000000010100000100000100010000000000000000001000000000000000000100100001000110010100010000000000000100001000010100000000100000001100000000001000100000001100001000000010000000000101101000010000000000000000000000
0000100000100000010100000000000110000001000100000000100000100000000000000000100000000100000001000000001100000001000010000000000010110000000000000000000010000000000000001000100100010000000000000100100000000001000000010000000001000000000000000000000100
0000000000000001000101101000100100100010000000000010011000000000000000000000001110000000000000101000000010010100110000000000000010000000100000100000100000001000000010000000011000000000000001001100001000000000010010000000000001001001000000100100000010
0000000000000010010000101100000000000000000001100001000010011000000100100000000000010010000000000001100000000000000001000000110000011100000011000000010011000100000010100001000010000000000010000001110011000100000000000000000000000000010000010000000110
0000000000100000001010001000010010110010000000000001001001000000000010000001001000000100010000000000110010001001000000000011010101000100000000100001000000000010001000000000010000000000100101100010000000010001000000000000000000001010000000000000001000
0000010000000000110000000000000000010000000000100000000001000001000000000101100010000000100000100000011000010101100000001110100001011000000000000000100001000000010001000000000000000000000000010000000100000010000001000010000100010100000001000100010001
0000100000000100001001000100000000000011000101000000000000100001000000100111000000000001000010000000001000000000000000000110000000100000100101001000000000000000000000000000010010000010000010010100000000010010001100101010000000000010000000001001000100
0000010000000001000010000111001001100010100000000000000000000000000000100100100000000000010000011000000100010000000000100000000100100010000000001000000000100000010000000011000100100000000000010111000000000000000011000000101100101010001000001000010100
0000001000000000010010000100000110000000001000010101010001011000000100000001010010000000010000010010000000100000000000001001000010010111000000000010010000000000000000110000001000000000001000000000000000000100010000011000001000000010010000000001010000
0000100000000000000000000000000000000000100000001010000000100100111000000000000010010000000100000011001000100000001110000000000000001100000110000100100000001010011100000000000000100010000000000100010000101000100010001000000011000000001000000010111010
0000100000000000000000101010000000000000001100001101001000010100001000000001001000010100000001011100001000000000000001000000000001010000000000000110001100101100000100001000000101000000000000001000000000000110000000000001011000000000010110100101010000
0000100000001000000100000001010100000000000001001000001001010001000000000000000000000000000110001001110010001000000010001010101000011110011100000101000110000000000000100010000010000000010010001001010100000110000001000010000000100001001000000000000000
0010001000100000001101000000000000000000101001000000001000010000100000010100001100000011110100100000000000000000100010010000000010100010000011000100000000100000100001100000001000101000000000010000000000000000001000000001000000000000001000010000000000
0010100010000000001000000000000000000000000100000000000100000000100000100001010000010001001001000000111001100000000000100100001000100000010010000000000001000100010010001000000001000100110000001000000010010110000000000001000100100010010000000000000000
0000000000000100000000001000000000001001000000000000000000100101000000000000000000000000011000000100010000011000000001001000110000010000010010000000000100000010010100100000100000000011000000000000000110000100000010010000000010100100000001110000010001
1000010000010000000001000010000000000000000000110001000001000000000100000011010000000000000000010000000000100000000000000000000000000000000000010000000001000010011001000100000000000100000010000100100001000110001011000000000100100101100000000000000000
0000000010101000000100010000010100000000000110010000100010000000000100001000000001000000100100000000000111000000000000000100000000000010100000010111001100000000001010000110000010000010000000001000010000100000000000000000000000010000000011000000000001
0000000000010110100010000010100000100000101000000001100010000100000000001000100010000000010010010000000100000000010010100010010100001000000000000000010010000000000000000000000000000000010001000100000000000000000000000000000100000000011100000000101000
0111000000000000000010100010000000011000000101000100110010000000000010000000001000000100000000001010000000000100100001001001000100000100000101000000000000001000010000000000000000000001000000000100000000000100000000000000010000000000000000000000000000
0000000001100000000000000000001010000000100010011010001000001010100010011000010000000000000000000000000000000000000000000000000000100001001010000000111010010000000010000001010110001000101100100000000000000000001000001000000000000000000000000010000000
0000000000000000010010001000010000010001000000000000000000100011100110110100000100010000100000010000000000000001000010000001000100000010000100000001000000010000000100000000000110000000000000100001001000001011001100010000000000100010101000101000000000
1000001100000000000001000001001000010010000000000000100000100001000000100100000110001100000000000101000010000100000000000000000000010010010000000000000010001000000100000101001000000000000000000000001000000000000010010000001000000000001000010000101000
1000000000010000100001110000010000000000000000000100100011010001100001011000000010000010000000000000000010000000000001000000011000001001100000000001010010001111000000000010000000000100000100010000000000010000010000000001001000000101100001000000010010
0000010110000000110000000001000000000000000001100000000000000000000000000101010100100000001000000010110001000000000100000000010100001001001000000100100010000000010001010000000000000010000000000000000001000000010010000000100100000100010000100110100110
0001100101000000000000111000000010000001000000001000000000000011000000000000001000000000000100000000010000010010000100000000000110000000000000100000000000010100010010001000110000010000001000000010000000000100000001000000110001001000000100000010001100
0100100000000000000000000000000000000011000000000000000000000010000000100001000001000000000100000011010100010001000000000101100000000100011000000010001000110000010001000000000010001000010110000000000110001001000101000010001001000000101000000000000000
0100000001000000000000100100000000000000000000100100000001010000001010000000000100000010000100001000100100000000100010000000000000010010000000100000000001001100000000010010001000000000000000001000000000000000001000010000000011000000000000011000000100
0000000010000010000010100110100000000010000110001001000000001100000100001001000000000001100000001000010000001000010000101000010101000010100000011000010000000000001000001000100010000000001000000000000000000010000001001010100001010000010000000000010100
0000000100010000000000010000000000001000110001010100000000000000000001000000000000000000010000001000010001001001000000010100011000010011000000011000000000101000000100000010010000001000000001000000000001001100000000000000000000000000000100000000000000
0011000000000000100010000000101000101000000010010000010000000010110000100001110000000001001000110000101000000000000010000000010001000000001010000001000100100000101000001100100011000000010000000000000000000010000001000000000000000000000000000000000000
0000010110000001000000100100001000100010000000010000001000000100010000000001000110001101000000000100000000111000000000001010000001000000000000000101000000010000001000000000100010000000001000000000000000001000000000000000000000000000000010100010010000
0000110010000000000011000111001000000101000000101100010011000000000010000001000000110000000000010000000000000010010000101100010001100000001000000000100000001100000000000000100000000001001000100000000000001000100000100000001010000010010000100000110101
0100000000000000000100010000011000000000000010000001001000000000010000000001000000000000100010010000010000100000100100000100000000001010000000000000000000010000000000101000000000100010101000000001010000000010000100010000110000001110001000010000000000
0000000000001000100000000000001001000000000010000000100100001000001111000100000000000100001000000010000101000000001001000000000010000001010000010010010000000100100000001000000000010000000001000010010000000000000000000000001001000000010000000000010000
0100101000100011000000000100000000000000000000000101010010000001000000000000010100000000000001000100011100000010000010000000010000100000000000000001100001001000100000000000000000110000000101001001000001001000010000100011000100000001100000000000000000
0100110001000000000000011001000110000000000001000000000000000000001100000000100000000000000000000000010000000000001001000000001000000000100010000000100001000010000000000000000001000000001100000100000100010000000000000000000100100000000010010001100000
0100000000000000110000000000001010000100100000000000000110101000001010000000010000000110101000000000000000011101000000001000010011001000001010000000100000000000001000100100010001000000000000010000000000101000100000000000001001011000010000100100001000
0000011000010000000010100000100100100000000000000000000000000001001100001000010010001001000000100000001100100001100010100011001010000000000000000000010000000000000100010000000100000000100010001100001000000000110000001001001001000101000000001101000000
0000000010010001000000010000010000000000001000000000000000100010000000010000000000000000001001111000000000010000100000110000010000000100000000001000000000000010000100101000000100000110010100100000100000001001000000010000001000000000010000000000000001
0000000000010000010000000000000000100000011001100101010001100000110000100100000000010000100001010000000000000100000010100000100000010000000000010100000010000001000000100000001000000001000011000000011000000001001001001000011001011000011000000000001000
0100000000000000010010000000000001100000000000000000100000000000010100100011000000100001000000001110000011000000000000010010000000101000010000000000011000000100000010001000000001110000000100000001000101110100000000000010000000001010000000000010000000
0100000000000000000010000001000101110000100110000000000000000000100001000001110000000010001000001001000100000000001001000000100100011010000000000000000010000010000000000010001010010010100000001100110001011010000100000100001001000000000000010100000001
0000001000110000001000000000100000000100100010000000010000000000000000010110000000010000000010100011110110011000010010000000000101010000000000001011100010100000000000010000000000000000000000100000000000001000000000000010000000000000000000110000000000
0000000000010000010110000001000001010000000001001000001000000100010000000001000010000100000001010001010000010001000001000000000010000001001010000001010000001100000110000010000000000010000000000000001010000000010000000011100000000010101110000000000000
0010000000010000100100000010000110010000000001000010010000000100001000100010001000001000000000100100001001000000000000000000000100000000100000000000000000000000110000000000001000100000000001000000010101000000000000000000000000000101001100000000101000
0000000100000000000000000000101000000001001000000100000000000001000000000000001100010001000000010110010010000010001010000100000111001111000100010000000000000000000000001001000000000010010001000010000100110010000000100101100100000110000000000000001000
0000000100000010010010000000000100000000000000000000000010000010000000000000000000000010000000000100110100000000000001100011000000000000000001000000100100000101010010001000010100001001001010000100100000111110001001000000000000010011000110000001000000
0000000000001000100000000000101010001000100100101000000000100000110000010000000000000010000000000000010010010010001000000000000000000110000000100101000000010000000000100000000100000000000001010000000000100000010000000101000000110000000001000000101000
0000000001000000000000000100100000000000000101010010000100000000000010001000010000000001000000111101100001000001000000000000101100000000001000000000000000000000000000001100000000000100001001010100000000110101100100001000010000000001010001000010000100
0000000000000001010010000010010000000000000011000000000101000010000000000010000001000000001000100010010000000010001010000011000000000100000000000000000000000001000010001011000000001000000101010010000101010000001010000100000000100001000000000010000000
1010000001001101100000001010000000000100000100101000000001000001001010010001100000000001000000001000001001000000000000100101000000000000000000000000000000001010000000000001000010101000100010000000000000001101000111000000000011000100101001010100000000
0100000100000000000000000100000011000100110100010100000000000001010000000000000100000000000000000100000000010000001000000000011000010001100000000000000100100000100000011100101000001000001000000011000101000100000000000000001000000000001100000000000001
0000010000100000100000100000000000000000001001000100011000000001100001000000000100110010100000000100000000000100010101000000010000010000010000000001000001010000000000100000000000010000010100000100000011010100000000100000001001000000100000000010110100
0001000000000000000000000000000100001000000110111010010000000100000000000000001000000000000100000000001000000000000000000000000100000000011000000010000000000000000000000000010001001000011010000001000000000000000010000001000100000010000000000000000001
0000000100000100000001000001000000000000001100110000110000100001100100000010000000001010000000000000100010000000011000010000000000000001100000010100000000110100000100000010001100000000010000000000010010010100100000100000000011001000100000010000000000
0000000010010010000010001100001000110010000100010010000000000000010010000000010000000101000000001110010100000000001000100010001100000110000000000000000000000000000000000000000000000000000000000101001000000100101100000000100000100000001011101000000000
0001001100000000010100001000000000000000110000000000100001001000000100001000001000000101100000000001000000101000000000000001010001000010000010000100010000001000010000000000000100000000000010100001110000010100000001000010010000000000011000100100011000
1010100000000001000001100101000000000000000001010101000010010000000000000001001000000000011010010001000001101001000010000000000000001000001000000000010010000000000000000001000000000010100100100010000000000000000000000000000010000000001001001000001000
0000010000000000010110100100010010100000000000100001000000000000001000000000000000000000011011101000100000100000001100001000000000000000000000010001000000000001010000000000000001100000010000000000000000000000000010100001000100000000000000111000010100
0100010000000110100011100010000000000000001010000010000000010000000000010010001001000000001001001101000100000000000100011000001000000111000000000000100010000100001000110000000000000000000010000010000000000000000010001001000000000000010000000000001001
0100000010000000000000110000000010001000000000000001000000101000000010000001000000000100000000010000001000010000100001011000000000100011110000000100000001100010100001001010000000000000000001100000000000100000000000000000000010010010000000100000001000
1000001000000010000000010000000100000000000000011000000110000010001000000001000000000000000100000010000100001000000000000000100000100011001100100000000000100000000000000000100000000010010000010000001000100000010000000001000000000001000000001010000000
0000000000000000000000100100100011100000000000000000000001000000000000100010000000001000000000100110010000000001000100010000000000000000000100011001001100001000001000010000000000100011000000000010000000000000010010000000000001000100010100000000000001
1100000000000000000000000000000000000001010000000001000010000000000010000000100000000000000100000010100000000000010000100000100000000000001011000000001111000001100000000000001010000000000000000000001100000000000000010000000000000110000010000100010010
0010011010000000000011000000000000110001000000001000000000000001101000000000000001000100000010010101000000000000000000000000100000010001001000000010010000000000000001001000100100100001100000010001000000000000000000000000000100000100000000000010000000
0000000000000000000100001000100000000000000010001101000000110000000000011000001001000100000000001000000000000100000000000000000001000000001100001000000100001000000000000001000000000100100000000010011000000000001000000000000100010010000000000100000100
0000000000000000100000000100000000010100001000000000011000000100000010000011000000000000000001000100000000000010000000010001000000001000001000100010000000010000000000001001001100001000000000000010000111100000010000010000001000000001000010000001100000
0000101100000000000100000000000000000000100000010000100000000011001100010010000000000010100110010010000000010000000000001101000000000000000000000000001000100000010000000000001101110000000100000010011000000000001110010010000100010000000000010000000000
0100100101000000010010001101100010010000000000000100000010010000000000100000000000010000000101000000000000001000000110001100010010101000010100000001000010010000000010000010000000000000100000010001000000000001100010001000000001000010000000000100010000
0000000000100000000000000000000010000000001001000010000000000000000100000000000010000000010000100100100000110100000000000000100000000001000001010100010000000000000000000000000000000100100000010010000101000001000000111000010000000000000111000000010001
0100100010000100000000001100001010100010010000000000010000001000000100000000000000000000000001100000010000010000000100000001000000000000000000000010000000010000100001001000000000000000000100000100010000010100000000100010000000011000100001000001000010
0000000000000000100010000100000000000001000010010000000000000100000000010000100000101100001000000010000000000100000000000010000000000101000000000000000000100010100101001100000000000010000000001000001000000000000100000000000000100000000000000000000000
0001000000001000001000000000101000000000001000101000010111000000010010000000100000000000000000010010000001001000001001000000001000010000000100000010001000000100010001100100000000100011001100000000000100001110000000110011100001010000010000000001010010
0000001000000011000011000100001000010000111010000000000001000010000000000000000001000001000101010001000000001010000000000000000100100000001000100001101000000100100000000000000000000000000000010010100001000010010010011000001000000000001000000000000000
0100000000100001000100000000000000000100000100000000000010010001001010000100010000011000100000100100000000000001000000000000000000100000110000010000000100011010010100000001000000011000010000000000010000001010000001000000010001000000000000110100000010
0000010000010001000001000001001010000010001010000000001000000000000010100000110000001000001000001000000000110000000100010000000001000000000100110010000000101000100000100001100000001001000100010000000010000100010000000100100001000000010000000000001011
0110000001010000010100010100001000000000001000001000000000100000000000101000000000110010000000000010000000011000000000000000000000000110000010000000001011010110000000110000001000010100010000000000000000000001000000000100000000000010000000010110110100
0000000000000000101000000000011001000010000000000010100101000111001000000110000100000000000110110000001000000010000000000110000000000000000000000000000010000000000101000010100000010000010000000100000000100100001001101000100110000000000100000100000000
0000001000000100000100111000000000000000000000110101000000000000000000001100000100000000101010100000010000000100000101000000000000000000010111000001000000000000001000101010100000000000000000100000100100001010000100010000010101000000000000000000010000
0000101000000000000100000000010101000000000000010000010100000000000000110010000001101010000000000100000001100000100000001001000000010000100000000010000000000000000010010011000010010100010011000000000000111000000110100010000101100000000010001000001000
0000010000001000110000100001001000011000000101000100000000001100000000000010011001100101000100000000000100010000001100011000010000100001000000000110000100000000000100100000000001000000010000010000000000001011000100000000000100000000000000000000000000
185 230
185 231
