250 250
0000000000000101010000010001000000000010000010000000000001001000110000000000000000000100010100000100000011001000001011000100000001000000001000100000100001011010100000010000000100010000001000000000001010111000010000000100000111000000001000000000000000
1000001000101000000000000001010100001000000100100011001000001100010000000100110000100100000000010000000000100000100011001000000000110000000000001000010000111010000000000001010001100000001010000000000010000000010000110000100001001000010000000100010000
0100000000000001100001000000100000100100000000100000000000010001000000000000010000010010010101000000000100000110000001000000110001000000010010010000000100000110010000000000011000000000000000000100000100100110000000100011100000000000000000000000000000
0000100100001000101000110001000001000011000000100000000000000000000010000110010010111000001000100000000010000000000000001010010000000100000000000000000010001000000000001000100001000011000000100000100000010101000010010000000000100011010100010000000000
0001000000001101100000000010010000000000000001100000000001100010010000000000000001011001010000001000000101000000000100000100000000000000000000000100110000001101101100100000000010001000000000010010000100000000000000000101000100000000001011000000000000
1000000000000000000010000001100000000000000010000000000000000010001101011001000000000000010000000010000000001001000000110000000000011000011010000000000001101000010000000000010000000000110011000000010100010100010000100010100011000000110000001100001000
0010000000010000010000011000100010000000000000010010000000000000000000000000000000000000000000100000000000010010101100000110000000010001100010110000000100001000001000000001000000000000000000000000011000000100001001000000000000000000010000000000000101
0010100000000000000000000001100000000000000100011000101000000001000000100001010001000010010000000000001010001101100000000110001000000010000000000000100000000001101000010010100010011000000100010000000100000010100000000101000000001101000000100100001001
0000001000000000000000010000000000000000001000000000000000000100010001000100000000000000100001000000000000000100000001000000010110000001000001000000001100000000010000000000000001001000000001000100110001001001000001000001000000000110001010000001000000
0100000100010001011000000000000100000000001100000000010010111000000000001001010000000000100010000010000000000001000000100010000000010000001000001000000000000000000000000000100000001000000000000010000110000100110000000000000010001000000000001000010001
1000111001000000000000000100100000011000001001000110000010000000000000000000001100000100100010000000011000110011000100000100100000010010000000000010100010010010000010000000000010100000001000000000000000000000000100100000000000000000001000000100000100
0001000000000000000100000001000000001000000000000000000100000010000010000000000010000000000000011000000000011000000000000001010000110001000010000001000000000010010000001000001000010000010000000001100011000101000001100010010111100010100000101000000010
0000101000000000000000000000010000000000010110000000000000000100000000000000010000001000000000000000000100001100110000011110000110000000001001000000010000000100000000000000010000010000100100000000100010000000000010000001010000000000001010000101000000
0000101000100010001000000000110000000000000000011000000000000000100000100000001010010000000000000011000010001001100000010000000000010001000000000000000000000011000001000000000000000000010110100000010010001011000110000001001010010100100100001000000010
0000000001000010000001000000000000000000010000000000000010000000011000100000001000000100010000000000010000001000000110100000010000010010100001000000000001000000000000000000010000100000000000001000000000001000010000011000000000000000010000001000000000
0011000100100001000000010100000000000000000000000000000010000000000000100001000000001000000000100100001000111001001000100001001000011001000000001000000000001001000010010000000100000000000000100001000000000010010000010000000000000000100000000000000000
0000000110010000100000100000000000111100000001000000000000000000100001001000000000011001010000000001011000000100001000001000010000000000001000110000000000000000000000000000000000100001000000000001000000000000000000000000000011100001010000000000000010
0101100000000010000100010110000000000000010000001000101001001000100000000000010010000000000000000010010001000001110001110001000110000001000010001010000000101100000000001000000001100001000000100010100000100001000000010001001000000000000000000100000000
0000000000000100000000010001010010000100000000000000000010000000000000000001000100000000000000000000010100000000000001100000001000000010010000000000100000000000000000000000100000000000000000010000100000000000100000000010000000000100010000000000000000
0000000000000000000000010101011000000010000000000110000000001110000000000100000001000000000010000000010100001001110110010010010110000001010000000000000001001000100001001000000000000000000011000010000000000100000001010100001000000000001000100000000001
0000001010100000000001010001000001000000000000010001100100000000000000000001000000011000000000000000001000100010010000000010001000100000010100001000000010000000001000000010000000001100100001000000010101010000010001011010100000000000000000011000010100
1000000001000000101000010000001000000000000100000000000000000000000110000010000010000000000001000011000001010000000000101100001000000000000000100000010000001000110000010000000000000000000000000001100000010000000011010000001000000100000011000100100010
0000001000000000000000111000000100000001000000100010000010000100010010100000000011000000000000010010000001100010001000110001000000000000001000001010000010111000001101000000011000000010000100000000110001000000000100000000011001000000000010100000100001
0101000101101000000000000001000100000000000000000010100000001001011010001100000000000000001000000000100010001000100000101000000000000000010000000000000000000000000100000000000010000000000000010000001001000101010100000000001100001001000010100000000001
0000001001000101000000010000000000000000000000110100000000010111000100000000001000001000000000000001000000001000100000000010001001010000000010000000100010000101001000000000000000000000000010001100100001000010000000010000010000000000000000001000000010
0000011010000100000000100000000000000000000000000000110000000000010001000000100100010000100000000000000011001000001000000000100000110010011000001000100000001001000000000000000000000110111000000000000000001100000100000000000001000001000100010000000000
1100000100000110010000000011000010000000100001000000001100000000010000000000100100000000100000100100000000001000001000000000100000000000000000000000000000000000000010000000100000011000001001100000001000000000000001000100000000100001000010001001000010
0100000000100000000000000000000000000100000000000010000000000011000000000000000000000000000100100100000010000001100000000000010100000000010000011000001010000000000000010000000011001000010001000100000000001001000000010000000000100111010010001000000010
0001000000000000000001000000000010010110001001010000000001000000000100000010000000011000000000000000000110100000000000000001000000000000011000000000100000001100100000000100000000101000000101000000000000101000001100000000000000000000000000001001000000
0001001000000000100000000000000000000100000000001100101110001011110000010101000000000000000110000000011010000000110010000000100010001000001000001000000100000000000101000100011100101001010000000000000000010000000000000000000000000000000011000000000000
0010000000010000000010000010000000000000000000000001000010101010010011110001010000000000000000000001100000000000000000000000000100000000000000000100010001100000000000000000001000000000000000010101000010000000001110010001001000000000000000001000100000
0000100010100000000000000000100000000000010011000000000100001100100001000000010000001000000010100000001010001000000010101000000000000010101000000100010000000000100000010000000001010010000000000000000001000000000100000000001000010100000100000000000001
0000000000000000000000001010000000000000000000001100000000000010000010010000000000001000000000001000001000000101100100000001100000010100000001010101101000000001000000000000001000000010100000010010001000000010000000100000000000000100000100000001001100
0000000100100000100001000001000000000000000010000000000000000010010000110000000100100010000001000100000000000000010000001010100000010010100100010100110010000000010000000000000000000000000001000000000000000000100000000000000010100010000000000110010000
0000010010001000000001000000001100111010010111000000000001000000000101000000101100000000000000000100000000010000100000000000100000010010001001000110000000000000101000100000100000000000000000000000010000000000000110000010000010000000100000000000000001
1011000010000000001000000101000001010000100100000000000000100000000000000010000000010100010100000101001100010000000001001010010000001010000000100000000000000000000000000001100000001000000000000000000001001001000000000000100000110000000000000000111000
0010000100100000000011010010000000000000000100001100100010001001000000111000001000000000000000101100000000010000000000000000000010000101001000000000000000001000000000100000000100010010010001111010000100000100000000000000100000001100000000000010000000
0010110000000000100000000100000100011000101000000000000010000000000000000110000101100000000000010010000010000000000000000001000000010100010000001001000100001000011010000000010110000010010010000001000000100000000000000000000100010000000000001010000010
0010000000000000001110100000000001001000000011000000001000000000000010000010000000000010111000100000000000100000000000010000100000100000010100000000100000000000000000000100101100000000000000000010010000010101010000001000000100000000110000000000000000
0000110000001100000000110100000010000010100000000000010100000000000100100100000000000000001011100000000000011100000000100001000001001000000000000000100000010011000001011000000000010010100000000000000000000000000010000001000000010000000010000000010001
0010000000001110100100110000001000001001100001000000001000010010010000100101001000000000000100101001000000000000000010000000000100000000010001001000000000100001001100000000000000000000000000010110000110000000000000000010000000000011000000001000000101
0000000000000111001000000100000001000010101000100000000000000001000001010010000000000000000000010001000000000000000010000000000001000100000010000000000001000000000000000010000001010000001110000010001000000000000000000000000010000000000000000000000100
0001000000000101000000000000000101100000000001000000000010000011000000000000000000000001010000001000000011000000000000000110010010100000000000000000010001000100101000110000101000000000100010001000000000000000010100000011001000001110000100000000000000
0000001010000000000011010000000000000010000010100000000000000000000010001100000000000100000010000000100000000000100100000001000110000000001001000000000000100010000000001000000001101000010010000000011010001010101000000110100000000000000001000100000000
0010100000000000100000100000000001001000000100000000000000010000000100000000100000000001000000010000000000100000001000000010001000100010000000000000000000000001000000001010001000000000000101000010010000101000100000000000001000100000000101000000010000
0000001000011000000010000100001001100001010100100000101010000010001000100000000101000010100010000000000000100000001010110000000001011000000010010100000100000001000000000000000010000000000000001000000000001000001000000000000010010000000010000000000000
0000000100100000000100000000000000001000100001000000000000100000000000001000101000000000110100100000000010010100000110000001000000000000100000100000010000000010000001000000000000001100010000100011000010000100010000000010000000010000001000000000000000
0010000000000001000000010100001100100000000101100010100010000000000000000001000010100000100010000010000010000000000000010100000000100000000000000001000000100001100000001000000001001100000000010111000000000010000000000000000000000000000000000100000001
1000010000000000000000000000110000100000001001010100000000000000000000000000000000000000000000100000000000000000000001000000000001100001000000001001010001000000110100110100000001000000000000000001101000000000001000011001010000010000001010000100000000
0000100001000000010000000000000100000000110011010000011101000010000101000010000000010011000000000000001000010010000010000000000000100001000010010000000000000011100000000000010000000000000000000001000010000001110000110000000001011100000000000000010000
1010010100100010000100000000001001000100001001001000100011010000000001000000000000000001000100000000100010000000000101101000100000000000000000000000000000000000000101000001100000000000000000000110000000000100000000000000000000010100000000100000000100
0010100100100001010000110011001001100010010000010010000000110000100000000000100000001000000000000000110001010100000010000000100001000101001000001000000000000000000010010000000000001000000000000000001000000001010011000000001000100000000001000000000000
0100001000000000000010000000011000000001000000000000001001100000000000001010000000000000001001000000000000000000000010011000000000100000001000000100111000000000000000000100100000001000000000000010000010010010001000010000000000001100000000011100000001
0000000000000000100000110000010000110000101000010000000000000000000000000100010000000000001100101000000100000000000000010000000010000110100000010000000000100001000000000000010000110000001100001000000001000100001010011001000000000010000010110000111000
0000000010000100000100000000000000001000000000000000000010001010001000000010000101111000001000000000000100100001000001101101000000000000000010000000000000000010010000110001000000000000000001000000000000010000010000000000000000000000000000010000001010
0000000000000101000001010010101000001100000010010100000000000110000111001000110001010001000100000000110100100000000100011000011000010000000000001011000000000001000010011101000000000001000000100001000000000000010000100000010000010010010010000000110000
0000000000000000000010001000000100000010011101000000000010000100010001000000000000000000011000010000000000000011100000000010000111000000100000001000000001100000000000001001000000000000011000010000101001000000010000000110000010110000000100000000101000
1000010001011000000001000000100000000000100000000000000000000100001011111000110000000110001001001100110000000000000000010100000001100001100110010100000000001000001000000000011001000100100010000000110110000000000000000101000000000010000000000000000010
0001000000000100100000001000000000001000011100000000000000000000010000010000010010000000010100010000010001001000000010000000000010001000001000000000000000000000110010000100100000000001000110010100100000000000000000000000010000000000010110000000100000
0101000010000000001000000000001000001000000000001000000000010000000000010000000000010010000100001001000000111000010000000101110010111000100010000000000000000000000001100000000001000100000010000110000100000100001000010000100001000000000000001000000000
0010100010011101000100000001100000000100000001000000100000000100000000000000111100000001001010100000000100010000100001001100000000000000000010000000100011100011000001011000010001000000000000000000000000000110100000000000100000000101100000011000000010
0000100000001110001001000000000000101000000100011100001010110000000001000000000000000000000000011000100000100000000100000000000100001000000000000000100111000000000000000001010010001000000000000000000101010100100000000000000001100000001000100011001000
0000000000000000000001000000000111010001000000000100000010000010100000100001100010100000000001000000000110000000001010001000000000000000100100010000000000000000010000001101010000000000100000000000000000000001000000010110000000010000000000100000000011
0000000000100000010000000000000000010000000000001100100001000001000010000010001001000110000010100000000000010010000001000001010000001000000100000101100000111000000000000001000001100000010110000000001000001000000001000000000000000100000000010000011011
0000000001000001000010000010001010100000010100000001000010000110000000000000000000100000000111000000000001000000010001100000000000000000001000010000000101010111001000000001000000010100000000000010000000000000000000000010000000100000000000010000001001
1000001000001100000010000000000000001100000101000000000000000001100000000000000011000010000000000010001000000010001000000100000110100100000000011110100000000100000000100000001001000000000010010000100001000000000000000001100000000010000001000001001100
0000001000110000001010000100000000000000000000001010100100000000000000001000000110100101000000001000010000010010000000001000000000100000000000000010000010000100000000010000010000000000011011100011100001000000000000100100000000100000001000001100000001
0000000001000001011000000100000000000000110000000010010000000101000000011010100000000100000001000010000000010100010100000110000000101010100000000000000000000000000100110001001000000000000000000101000000100000000000000000001010001010001000000010010000
0010101000000000001000100000011000000000000001000000000100100001001010100101000000000000000000100001001000100000010000010010000000000000000001000010000001000000111001000000100001000000000001100000000000000000000100000100100000000000010000000000010010
0001000100000000000000010000000000000010010000000000000000000000000100100010010000000000000000000001000000000010100001000000010000010001000000000010000010000000000001000000000100000010000100101001000000000000000000000001000000001100000000000000000010
0000000110000000000001010000000000000000110000000000010000000100101000000001001001000000000000000101000000001000101011101010001000000000100001100000000000101001100000001000101100010100010000001001000000010100001001010010000010110000001010000010000000
0000000000000010100010000010010100001000000010000000001001000010000010000000000000001100000000011000000000000000010000000010000000010000000100100000000000000101000001010001001010000000000000000001100101000101000000000000000000100000000001010000000000
0000000000100000100000000000100100110000000000000000001000010100000000101000000100001000000000001000001000000010000100001010000000010010000100001001000000101000010000000010000000000001100001110000010100000001001000001000000000001010001000100001000100
0000000000000000000001110000000100000001100000100000000001000010100000000000111000000010000000001000000110000000000000100000000100000100100001001101011010000000001100010000000000000100100000100000000010000000010110000000000000000000000011000100000000
0000100000101100100001000101000000000000000001000001100010100000000001011010000000100001000010000000000001000010000010000000000000000000000000001001000001000000000010001000000001011000110010000000010000000000001010001000000000000000010001100000010000
0101000101000001000001000100100100000001100000000000001101010000000000001101001010000000001010000001000000001000000100001100000011000010001100010000000011001000010010011001100100000001100000000110000010010000000000000010001000100010000000000010001000
1101001000100000101000000000010100010000100000000101000000000000000000001000000001000101001001000100000000000100000001000001100000000000010010001001010000000000010000000000000001010100100010010000000000101000000001000000000000100000000000100010000100
0000000001001100110100100000000000000000000001001000000001000100000001100000011100100001000000000010000000001000110100000100001000000000000000000001001000010000111000110100000000000000000000100100001001001100000000100100000000100001000101110010000000
0000000000100010100000011000001000000110000000000001000000000000000000000000000000000000000000100010000010111000011010010100000000000001010000000000000000000000001000000001110000000010010000000000100000000000011000000000000110100010100000000000000000
1010000000000011000100001000000000000000000000000000000011100000001001000000101001001100000000100000100000001001100110000001000100000010010001000000001101000000000001000100000010000000010001000000000100000100000000100000010000100000010000000001001000
0100001000000000010010000010000000101000100100001110001100000000010000011000000000101000000000011000000101000000001000000100110000000110000000000000000110000000010000101000100000000100101000001100001010010000010000000100000100010001010110000000100000
0000000000000000000000000010000000000000010000000001001100011001010000000000000000000000000010000000000000001000000011000000000000000001000000000000000000000000000000010001000010010001000110000000000010010000110000100000000000000100100010000000010000
1010000000000000000000000100000010101100000000000000010001010000100000000001000000100001001010101010000000000100010100000000000000010100100000010001000000110110000000000000000000001000000100000000010010010101000100000000100100000000100001000001100100
1010000000000001000100010100000000011010000000010000000000000001000000000000000001100000000000000000000000100000001010000010000000010000000000010000000000010000000000000001000001000010000000000000001001000000000011100000000000001000000101010010000000
0000001010100010001000000110000000000000100000100110100001000010000010000000000101011000000000000000000000001000000000000000010101000000100000000000101110100000001000000001000100001000000000000000011000000100010001000000000100000000001001100000000100
0000000001000000001000000000000000000000000000000000100000000000000000100011000000000001010000010000100100000000100000000000000000100000000000100000000000000001001000001100000000001100000010000010000000000011000000000001000000000110010110110000010001
0001000100010010001000000000000000000000000000010000000110000001000000000000010000000000000101101100000000010000000000001000010000000001010000100000100001000010100000000000000010100000010011000100000101000000010001000001000000100000000000000000000000
0000001010110000111001001000000000010001100000100000001000000010000000100000001100000000101001000000000000000000000000000000001100000000010011000001000010100100001000001100110000000000000010000000000000000100000000000000000001100000010100000011000000
0000000100000101100000000011010000000100000000000000000000010011000000001000000000000000000101010010000110001010000000000000000011000000000000000000010000100000000011000000000010010000000000000001000101000000010010000000000000010000000000100000000110
0010000010000100000000100000000001000001000000000000100000000000000100001010000000000100100000000000000001000000000001001000000100010010000100000000000100000000000000101000010000100000001100100000000100000000000010010001000101000000000110000001000000
1000000000000000000100001000001000010000000010101000000010101000010000000000000000000000000000000001010000000000000000000000000100000000000000010000000100000000000000100100100000000000000100001010000001001011110000001101000000001001100011100000001010
0001000000010100000001000100000010100001001000010010101100000010001000000010101010000000000000010000000000000000000000000011001000100000000011001000000001001000001100001000001010000001000000000001000011010001000000000000010000000000001000000011010101
0000000001000000100000100000000000000010000000001000001101000000000000100100000000110001000000000110010000100000000000001000010101100000000011011000000000010000000000000000000010000011000000010000000000110010000001100010000100001100010000000000000110
0000000001000000000100000000000101110001000001000000000000000100000100000010000000000110110000000000000000110000000001000100001000000100010000000100010010000000010000011010001010010000000100000000001001000000100000000000100000000000000101000000011100
1100000100000000100000000000000100000001110000010000000000000100000100100000100001000010001100001000010010110000001001000101000101000110001001100000000000010000000000000110000001100000001000000001000000001000000110010010100010000000001000000000100100
1001000000000000000000001000100100010000000000000000001010010000101011011000000000001000000100001001011101001001010001000001100000000010000000010001001100000000000000000000001000000001000000000000001010001011000010001000100001001000000100001101100000
0000100000010001011100000000000000010000000010001100000000000000100000001010000001011000000000000000000000011010000001000000000001000100100000000000000101010100000100010000000000001001001000000001000000010000000100000001110000000000100000100110000000
0000000000001001100000000000000000110000000011000000100100000000010101000001000000000100010000101100000000001001010000000100010010011000000000100000000100010000000000100000111000010000000000000100000001000010000010000010001000000010001010100000000010
0010100010110001100000000000000001000000001000000010000000010100000100000000000001000000000000000000000000000001000010000000000100000000101001000100000000100010000000000000110100001101001110000000110100000100000100000010001001100000100000000000010000
0110000000000000000000000000001000001010000000000000100001001001100100000000000000000000000000000000001100000000000110000000000000000001010010000000101001000010000000000111010000000010110010000001000010100000000010000100000000000000001000001000000100
0000000000000100000000000100000000000000000100010010000000001001010000010000010000010000000000100000000000000000000100000001000000010000000001000000100010100000100100000000000100100000000000000010110000100000000100001101010010000010000000000001101001
0100000001000000100010100000010000001001000010000000010000000001000000001001000100000001011001010000010011000000001110000100000000000101100000000010000000010000100000000010001000000000011000001010100010000001000001000000001111001000000001100000100000
1100000001000000000100101100011000000000001000000000000000000000001001010000000000000000000000000000001000000101100010000001100000101000010000101000000000100111001010100010000101000000001100000000001100111001000100110100000010000000010110001000010000
0000000000000000001000000000000101000000010000000000000010010000010000000000000010000010000000001000001010000011010000000000010010001000000000000000010000110100001000001010100001000010000000100000000100000000001001000000000000001000001001000000000000
0000000000000110000010000000000001100000000010001000000010000000010011000000100100100010010000000110000000000000000000000000000000100100000000100000100001100000001000000000000101000011001001000000000001000010010000000000000010000000010000001100000000
0010001000000011010000010000000101000000000010001000000011000000000111000000000010000000000000001010100000100000000100000000001100000000000000000001101010100000000001000001001000101000010001100010000000000000000000101000000100100010000000000010000000
0000010000000000010000000001000001100111000101100000001000000000000000000000000000010100000000000000000000011000000000010001010000000000000100000001000001000000000001010000101000100001100000000011000000001001000000100000100001000000101000101000100000
0100000100000100000000000010000000000011000000000000000001000000010000000000000000000000100001000000000011100000000000000001010010000000011000001011000000000000100011000000010000001000000000100000001000000000100101001000000110010000001000000010000100
0011000000000000000001101001000000100000000000000000000100000000010001010001000100000101001010000001000000010100000100000000011100000100000001100110000000000100000000000100000000000000010000010001000000001010010000100010100000000000000010000010010000
0010000000000000110000001000000111000000000000000000000101000000100010001100000000000110100010000000000000000000010001000000000010000010010000010000000000000000100000000000000000000000000100000000000000001100000000000001000001101100010000000001100000
1000010000001100001000000000000000000000101001100001000010000000000100010101100001001010101000100000000000010011000000000000000000000000100000110010100000100000000000000001010000000001000000000001100010001000000010000010100001001000100100100010000000
0000000000000010110001100000000000110000000000001100000000000000110000100000000000000000000000010100110000000001000000000100001000000000010000000010011100000000010001000000000000010010001000000000000100010000001000010001100101001000000000010110000000
0001100000010001100010000000000011000000010000000010001100000000000000001000001000100000100000001000100000000001011000100000000001000000001000000000001000010000100100100000010111010000000000000000000100000000001010000100010001000000000000000000000000
0010100000010000010100100000000001001100000000100000000000011000000000000000000001010100000000000110000101001000101000000000000000000000100010100100000000000000010000000011000000000000000000000100000010110000000000001000000000000100110000000101000000
1000000100000010010000000010010000000000000010100000000000010000000101001000000010000001110001000010000000001000000000100010101100001000001000000000100000001010001101000001000110000000000000000000000000100000100000100000000000000000001100100000000100
0000111000000100001000000100000000000001000000000000000011010100100100000000001000000010000000000000000000000000001100000000000101000001000001000000010000000001000000100000000000000000000100010011000010100000010001000000000000101001000000000000010000
1010010000000000010000000000001000000000010010000000000000000101001000010000001000001000000000100000000000000000100001000000000000000000000000000100000010100000000101000000000000000010000011001001000000000000000110100000000110000001000100000001000000
0100010000000110010000000000000000001000000001000000001110011010000000100010100010010000110000010001001000000000000001000000001001011100000100011100000100010000000000010000000000001000000000001010100000010000000000000000000001001010000110000011100100
0001001101000100000110000000000100000000000000000010000000001100000000000001000001000000000000000000000000000010000000000000000000000100000001010000000000001000000000000010000000100000000010011011000000111001000001000000000000100001000000000000111000
0010000000000100000100010000000100100010000000010000001000110010001000000001000000111000110000010000010000010011000000000000000010000000000000000001000001010000100000011000100000000000001000010010000110110000000000010000000100010000000100000010010000
1001000000100011100000000000000000110010010000000010000110001000000000000000000010001010100100100000010000000000000100000000000000001100000110000000000000000001000000000000000010000000000000000010000001000000001000000000000110100000010001000001000000
0000000100000000000110010000001101000010100000000100100001100001000000000100001010000110000100100000000100000000001000100000000000100101001100100101000000000000100001000000010000010010100000100000000000000000000000000000010010000000010100000000010000
1000000000000010010000000100000100000000000000000000101000100000110110100100001001001000000000001101000100000000011000011000000100000100000000000000000000101000010000010000000000010001010000000010100000000001000010000000000000000000001010000010010000
1000001000100000010000101100100000000001000000000010010010000000100010000000010010001011000000000000000000000000001110000000000100000000000000100100000011100000110000100001010000000010000000010000011000000000011110001000100100100000000000010000000000
0000000000010111000001010000100000000000000011000100000000010001011100010001000000001000001000000010010001000001001000000000000000000000100001000010100001000010000100000010000000000000000000000000010001100001000000000010001100100100000000100010000000
0000010000000000001000000000000000000010000101000000100000110000000000100000000000010010010000000100000111001000000000000000100000100001000010001101010000000001000001000000000100010000000000000010000000000000100100000011000000010000010010000000000000
0000000000000110000001100000000000000100000000000000000100000000000000000000010001100010001000100000000000100000000011001000001000001010001000000000100000101000010000000000010000000000000000000000001100000001001000000000000000010100001000100000010010
0100100000000010000000100000000010000000100000001011100100000000110000010000000000000000000000000001010001000011001010000000001000000001000000000000010000000100000000000010000000000100000100100010000100001001000010000000001000000010000110010000110100
0110000000000000000000000001000000100111000000000000000000001001000000000000010100000110001100000000101110000010010000000100000011000001010010000000000001101000000000010001000000000000001010000000000000000000000000000000000100000100000100001000000010
0000000010010000000000000000001000000000000110010100001100001000101000101000001001000001000000100000000000001100010001001010000000100000000000000011010001001101001101000100100000000110000010000000100000000010001100000000000000000000001000100000000000
0001000000100000100000010001010000001001001000010000000000100101000010001000000000010000000000000000000000100000000001000000000000000000000000000100010000000000011000010000110000000001000111000100000000000000000000000000000000000100010001100100000000
0000100000000100010100100001000000000001000000100001000001000000000100000111000000010001000000101001001000000000000000000000000000001110010000100000000001100000000000000000011000000000000100000000100000000100001000000010001100000010001101000000000000
1100001001010000000001000000001100000100000001000001100010000000010001000001000010000110001100000000100001000000011001100001000000000000000000001000000000001100001001000000100000000000111011000000000000000000000000000000000000011001100001010000010000
0000010100001000000000000000000000100001000100000000101000110000000011001000000001000001010111100001000000001100100001100000000000010001000000000000010000000001000000110000100000001011001000001000001100010001001000010000000000011000000000000011000000
0000000000000000000001000100000000001101001000010000000010000010001000000000000100000001010001100000000000010000010000011000000100100010101000000000000010110001110000000000000001000100101100000000100000100000000100000010000000000000100000000010000000
0000011110000100001001010100000000000000000000000010100000000001000000000000100001000010100000000010011100000010000000000100001110000000010001100000000000010000000010001000000000000000000100100000001010010000100000000000001000000000000010000100000100
0000100000100110001000000000010000100000000101001100000000010000001010000000010000010000001000000100101001001010010000100110000000010010000001101000011000000001000100000000100000000000010000000000000000000000000000000010100000101000000000111000000000
0000100010000000000101000000000000000010000000010101000000100010010000000001001000001100000000101000000100010000000000000011000000001001000000100000010001000100000100100000000100000000000001001000100000000001101100000100000101000000000100000010100000
0000000000000000000100010001001010010010000000100000001001000101000011000100000000000011000000101100000010000010001000010000100000011001000000001000010100000000000000000000100000000000000000010000000000000101000000000100001000000001000000000000000100
0001100000000000000000000000010000000000000010000011010000000000010000000000000000010000000000000001011010000001000001000100000000101000000001000111000010000000000000001000010001000000000000000000100000000010000010100100010000011000000110000000100001
0100100000010000010000100010000000001001100001001000000000000000000000000001000000000010000000000000100000110100100000000100000100000110000000001100010100000000100011001010000001000000001000100000000001000000000000000000000000000000010100100100000001
1000000101000010001100001100000000000000000000001000000010010100000010100000000011000000000100000000000100010000010000100010000101000000011000000100000000000000000000000000001000001000101000000000100001000001000101000000010001011000000000000000000001
0000000000100000000000100010001100001001000000000000000100010000010000000100000000000000000000010010101000000001000000000110010000000000000001000000000001000000100000100000000000010000100001000000000000001000111000010010000000010010001000000000000010
0010010100001000000001000001010000000000010000001010110111000101000000100000000000001000010110000000000100001101000010000011001101000000001010010010000000000000100100000000010000010001001000010001000000001110000010010010000000000010010000100000000000
0100010111000000011000000010010000100001001100000010100010000000000000010011000000000001100101001010000000101000000000000001100101000000001100000001110000001000010100000101010000000000000000000000000001000101000000010001000001000001010000001001000001
0000000000100000000100101010100000010100001000001000000000000100110001000010000000000000000010000000010010100000000000000000100100000000000001000000000000011000000000000000000001100001000110000000011100011000010010110000000001000000000011101000100100
0000000000101100001001000010001010000010100000100010000000000100000000010001011001000000000010000000000000001000000100001011010010001100000000000000100000110000110110000110000110000000001000100000000000001000010000000000000101000001010010000000000001
0000000000000000000000000100000100010010000010011100000010101000001000000001000000000000110001000100001000001100101000011000000000000000000000000000000000110000000000011011000000000001011000010000000000010100000001000011000000000110010000000010000100
0000000001000000001100110000010001000000000001010001010000000000000000001001100101010100000000001000000000000001000000100010001000000000100000010000000100001100010010000010000100010000010110000000100110000100001000001000000001100001000000010000001000
0001010001010010010000000000111010000000001000000100000000100000010111000010000000010000001000100000000100101100001000001001001100010000001000000000101000000000000001000010000000000010000010011000000000000000000001000000000100010000011001100100000000
1001101000000001101010000000000010000000000101000001100000000000000010001000000001010000000100000000000100000010101010000000000000000000000000000010010101000000000001000000010010000000010001001000000000101000000000001000001010000000001000000000110001
1000010000000010001010000000000000100000000010001000000000000000010010000000000001000000010010100001000100000000100000011010000001001000000100000100100010000001000100010000000001010000000000000000100110010000000000000000001001100000010100000101001000
0000010010000000010001000010000000000000100010000001100100000101000101000001000000000000000000100000100000011010000000000000000100001000000000000100001000100001000000010000101100010001000000000001000000001010000100001000000000000100000011010000000100
0000010001000100000000100000000000010000010001000010000000000000010100000100010010000000010000010000001010000000100000000001010010000000100100000000001000000001000000000000000000000100000001000000001000000000000100000010000000000010011000000001111100
1000000001100000000101000001000110000101000000010000100100000000000000100000000010000000010100010000000001100000010000010000000000000001011010000010000000000011011000000001000010000000100010010001010001001000000100000001010001000010011001001110000000
0011001000000010000011011000001000001000011000010001000000000000000000100000001000000001000000000000101101010110000010010000000000000100000110001100100100110100100001010000000100000000000000000000100000000001000100100000000000000100010000000101000000
0110000000000100010000100110011000000000000000000100001000000000001000100000000000000000000100000000000100010001000010000000011000000010011000000100100000001100100001010000000001000101010000000001010000010100001000010010000110001001000001100010000001
0000000100100000000000101010000101100000000000000000000000001001000011000000000001010001100000000100000001000101000010110000001000000000000000000000000000000001000000000000000101100001000000010000001000000000000001000010000010000010000101001000000000
1010100000100000010000001000000100011010000011100000000001001010000000000000001000010000100000000000001001000100010000100000010010000000000000000000000000010000100000010000011000000000000010100010110000001100000001100100000000010000001001001001001000
1000000000000010001000001000000010000000001010001000010010100100000001010110000101000100000000000001000000100000110010000000100000000010010000000001000010011000000011001000010000001000101000100000010000001000000010000000000000000001100000100000000000
0000100000101000000000000000000010100000000001000000000000000100100000000000000100000000000100000000010011001000000000010000000100100000001000011000100100000001000010100000100010100100000000100010000001000000010010000000000010001010000000000000000000
0001101000010000000000000000100100010110000000000000000001000000000000100001001000001000010000000000000000010100010000000000000000000000011000000000000010000100010000000100000000100000001001000000000001001010000100000000110000000101001011000101000000
1000000000000000000000000000000001100110001001000000000001000000000001011000000010000000101010000011001000010100000010001000010000011010001000010001000000010000001000101010000000110000000000000010001010001000011000000000000000001100010001000000000000
0000001100001000000000010000001011000100000001000101000001001000000001000000001000100000000000010000010011000100000000000000100000000000100100010010001001001110001000000010011001001000000000000000100001001001000000010000000001100000000100000100011100
0100100000000000100000000100010000011000000001000100100000000000000000100010001000010000000001000000010010000010000110000000000000000010000000101000100000010010000000000000000010001100010000000000000001010000010000001000000100000100000010000001001000
0000100010000000000000000000000100000001010100000010000000100000100001000000000000000000110110010000000010000100000000001010000100000000010000000000000001000010010001100000100001000000100001010010000000101010000000000000000000100000010000000000000000
0010010110000100000000101000000000010000011001001100000100000101001100000000111000010000100000000000100100000100101001000000000000001000000000000000110000001000000000000010000000000000000111000000110000000100110000000001000000011100010000010000000000
0000010100011010100001000010000010000000011000100000010100101000000000100001001000000000000000001000001010001001010000000010000000000001000000000000100100000100000000000001000000000110100000000000100100010000011100010001000000010000001000000001100000
0000000001000000010000110000000000000101000000000000000000001000010000000100000000000000000000001000000000100000000100000000010010000000000000000000000000000000011001000011010100000010001001000000000000000000001000001000010010010000000000000000100001
0000000100000000100100100000010100000000000000001000000000000001001011100100001100000110000000000000000010110000000000000000000000000000000000000000001000000000000111000000010000001001000001110100000100000001000110000000100000000101000010100000000010
0010000010000000000000011100100000000010000000000000000000100100001000000000000101101000000001001100100011000000001000010001011000000000001000001010001011000000001000110000000000000100001100000000000000000010100100000001011000001010100010100000010000
0000000010000100010000010000000000101010100000100001000000010001010000000001100000010011000000000100001001001010000010001100001000000000000000000000100000000100000000000000000000000001000000000000111001100100000000000000000000010100001001000010000110
0000000000000010000001000000000011001000000001010000000000001011010000000100000000100010011000100000110000000010000000000000000000010000100001010011000001000000000000100100000001000000000000011000000010001100000010000000001010000000001000000001010010
0000000001000001000100001100111000100100100000000000111100000100010010000000000000010000000110101000000000000010000101010000000001000001001010000001000000011000110000000110110000100001000011000000000000000101100000001100100110000011000000000100001000
1000001100000010000000000100101100000001001001100000000000000100000110000010000010100000100110110000010000101000000000000000000000000001100000001000000000000100101011000000001001000100010000000000000000001000100000000000000100000110001001001001100000
0000001000000010000000001100110001010000000000100000010000001000011000001010000000100000000000000000011000000010000000000000001000100000001000000001000101100000001001100010100010000000000000001000000000010001000000000010000110000110000001000001000000
0010000000010000000110000000001010000000000001000000010001000000100010000000001000011000000000000000110001000000000110000000000000001000000001100000100000000000100010000100100000100000001001000000000000010000000000100000000010000000010000000000100000
0000010010010000000000000000100000000010000010000000000000010000000100000000000000000101000001000100010000000111101100000000000000001000000011000000000000000100000000000000000001010000000100001100000001000000001100000010001100100100100100000000000010
1010010000000000000000110000000000010000100101100000000000001010000001100000000101100000000000000000110000100000000000100000000000000010110000000100100000000100000000100010000000000001000001100100001000000100010000000000000000000000000010000001000000
0100001000001000000100001000000000000000000000100000001000100000000100000000000100010000100100011000000000000000100110010000000000100010000000010000000111000100000110000000001000000000000000001001000000000011000000001000000000000000000000000010000000
1000001000000010000000011000000010100000010100000000000000100100000101000000000010001001000000001100000001000001000000001000000100000000000000100000010010000000000000000010000000010000000110000010001000000000000010000001001000000100100010000001000000
0101000000000100000000001000100010000000000000000000001110000000001000000000100000100100001010001000000000000000101100100000101000000000000100000010000000000000011110000000100000000001001011000000000110000000001001000000000000000000000000000000000000
0101110000010000000000000000000000100100000001101000000100000001101010000000000100000000000010000000000000000001011000010001101010000010000101010010010000010000001000100000000000000000010010011010000000100010110010000000001010000001000000010000110100
0000000100010100001001100000010000000000000100010000001000000000000111000100000001000000000000100010100000100000010000000010000010000001100000000001000000010100000000000001001001000001101000000110100000101000000000100000000010000000001000001000001000
0000000100100010000100100001000100100000000001001001000000000000010100000000000101000010000000000000100000011100010000000000010001000001000100000000100000010100010000000000110010000011000001100011001000000000010000011000100100000000000000000000010001
0100000000010100000011000000010000010100101000100000000100000001000000000001000000100001000000000000110011010100001001001000000000010000011000000000000000000000000100010010100000000010000010000000000001000000000100100000000001100000001000100000000000
0110000000000000000000000001000011000100000000000000000000010010100000000100110000000110100010000000001011001000000001010000000000000000010001000011010000010101100000010001000010010000000000000000000000000000000010000010000001100000000001100100100000
0000100000001001000010000000001101100010110000010000000010110000000000001000000001000000110000100000000000010010010000000000000000100100000001000001001000010001001000000101000010001001000001000010000000001000000011000101000010000000010100010010000000
0100100000000000000000000100000000000110000010010001010101010010000100000000100101100000001101010000000000000000000000000001000000000000001010000000000001100010001010000000000000000010010000000000000000110100010100000100100000000011000100100000000000
0000000000000000000100111111010110000000001001110100011000000000000001000000010010000001000101100000001000000010000010001000010000000000000010000000001000000000000000000001000000000011000000000000011000000000000100000000001010000010000010000010100101
0000011000100000000000101000000100001100001001000000000000010000000000000000000100001000110100100001100100100010000000000000011000000000101000100000000000010000000000100000000000000000100000000000100001001000001000001010000000000000000000000000010101
0000010000000000010000000000000100010001010000000000000000100000000000100000100000010000001000100100000000010000011000000001000000001100000000010000101000000000010000110001000000000001000010000000000010010001011000010001000000110000011000000000000000
0000000000010001010000000000000001100001010011010010010001000000101000010001100000000100100000000000000000000000001000001000000100000011100010010000110000000000000110100100000000010000010010000000100000000010100000000010000000000000100000000000010100
0010000000000001001010001000001000000000000100000000000000111000000000000100010000010000000001010001000001000001000000000000000000000000000000000001000001000100110000000000011000000100001000000100000100000001011000010010000010010001000000011100000000
0010000000000000000000100000000100000010011000001001001000001000100010100011000000000000000100000000000100000000100001000000010000000100100100000010010001100010100000101010010000000000010000000001101010000011000100100000000000000000000000000000000000
0010100000001001000000011010000100010000000101000000000000001010001000000000000100100000010000100000000000000000001100000000000010001110010000000000000001000100000000100010000000000011000000000000001000000010000000001000000000000001100000001000000010
0000000100100010010011000010000000001011000000000000001000010001010111001000010010000000001010000001000000000000000000000000101000010000000100100000000000001010000100000000000011001001001001010000000000001000010010000001001000000000000000001010000010
1010001010010110000100010001000000000000010000000000000000100000001001000000000000000010010000010101000000000001001000000010000010011000000000001010101000000010000010100000001000110000000000010010000000001000001110000100000001001000000000001000000001
0100010000001000000000000010000000000000100100000001000000000010000100000000010100000001001100000000100010010000000110000000000000000011000010010000000010010001000100000100100010000000010000000000000000001010100000100000010011000100000000000000000000
0001010000000100001010000000010010001000000000000000000000010000100000001000001000001100000000100101010000010000001100000000000000000101000011000000100000000100000000100000000000000010000000010010000000011001000110000010000001001010000000000010010010
0000000001101010000000000001000100100001000000100000010000000100000001001001000000000011000000000001000000000010000001000010000000000001000000000100000100100000000001001000010000000000001000001011000000000010100110000000000000000000000000000000001000
0010010100100000010000010010100100000000000000010000100000000000000000000000010011000010000000010001000100110000000000000001000000000100000000000010001000000010000001000100000001010010010100000000010000010000001000000000000001001000100000000001000000
0000100000010000110000000000000000000001100000000001000000100001000010001010000000001000010000000000000000000101000101000010010100010100111010000000000000011000000000000001000000000010111100000000000001000010000000100100000000010000000000010000001100
0100000000010000110000011000000010110100000000000001000010001000000000000000000000100111110000000000000001001001000100001001000000000001010000010000100110000010000000100000001000100010000101100000000000001000101000000000011000000010100000000000000000
0010000001001000001001000001001000000000000000011000000001000000100000000100010100000000100010000000000000001000000101000000000011010000001100000000000000000000101000000010010000010010100000000010101000100000100100000010000110000001000000000100110001
0110000000100010001000100000001000001000100000000000000100000010100001000100101100000101001001000000000000000000000010101000010000000001100000000000001100100001000000011010000001000100000000000000010000001000010101101000101000000000100110010010010000
0000000000011000000000000010000000010010000000100000010000001010101010010100000000000000101000001000000000010100000000000000000000001100000001000000001000101101000100001000001100000000000100000011010001000000000000000000000000000000101000010000000001
0110000001001001000000010000000010000000000000011000000000000000100011101100010000100000101100000100101001000000000011011000000000001000000000001000010111000000001000000000000111001000010010100010010010000110101000100000000110000000000000000010111000
0001010000000000000000000000100010000110100000000000010000000010001001101100100000001000000000000000000000000000000000000000000000010000010011101011010000000110000100100010000001000100010000100001000000000100010000010000110010000000001000010000000100
0000000000100011001010000100000010000001000000000100010000000000001000100011000010000001100000010101000000000000001011000001000000000000010000000000000010010001100000000000000000000000000000001000001000000001000000000010001100100000001000010010001100
1100000000000000000000000001001000000000010000101000000000000000100010010000000000000000000010100001100000000000000000010000000100101001011001000100000000000010000000000000000000100000110101100000001000000101000000000000000011000000000000010000000110
0000001000010000000000100000000100010000100100000000000000000001010010000000101010000000000000001010100000000000000010001010000100100010001000001011010000100000001000000001000000000000100000000000000000001000000000000000001000000000100000000000000000
1000000010000000000000000000010100000010000000011000000001000000000010010010000000000110000001000000000010000010000001000011000001000101010000100000000100000000000000000001001010000000000001011000000010001000000001000100100010000010100100000000100000
0000000000010000000000010010000000000000010000000000001000000000010000101101000000000000001001000000100011000000000000000001001000000100000000000000000100100000001000000000000000000000100001000000000000000010000000001000101011000100000000000001001000
0010100011000000001000001011000000001001000010000000010000000100010100100000100000000000001000000011101001000000100010000001000111101000000100000000000100010000000000010100100000000100000000000000000000000010000000010001100000000001111001010000010010
1000000010000010001000001101100000000000000000010100000110000110010000000000010000001000000000000000000010010100000111000000001000000000000000000001100001000010000001000000000100000010010000010000101010000000000000000000000000000000000000000000000010
0000000010100110001001001000100000000100000000100001000000000010100000101000000100010000000100010110100100001001000000000000000000000010001000000000000011000000000001001000010000011000000100000000001000000000100000000111001000000000000000000000000000
1000000100000001001000000000001100001100000000001000010100110000000000101000000000000000001001000000000000000100011000010000000001100000010000001100000000100010000000100000000100000000000100001011000000010100000000000000000000001001000001000000000100
0000000000000010000001000000000010000101001100010000000000011000000010100000100000000000000010110100001000000000001100000001000000011000001000010000000100000010100100000100100000010000000000000000000011000000000011100001000100010000011000000010000000
0000000100100010000001010000000000000000110000110011010000000000000000011000001000000110001001000000000000000000000000010001000000001000000000000000000100001001010011000000000000110000001000000000000100101000001010000011100000100000010000000000000000
0000000100110000000000010000000000100010000000000000000100000000010000000100000000000110010000001000000010000001000000011010000001100000000001100001000000010001000010010001100000000000000010000000100100000000001000100000000010010101000000000000100010
0010001000001001000000100000000000001000000000010000000000000000000100000000010000000000001000000100001000000000100000000100000000000000000000000000000000000010000000000000100000000000000000000100001000000000000000000000100000000000011000001100000000
0000000000000000100001000001100100011000000010000001000010000000000000000000000100000000000000000000000000000010000000000000000000100000001010000000000001000001000000010000000010000001000001000000010000100000000000000000100000000000110010010000001000
0000000000101000010000001110000010000000000100001000000000001101000000010000000001000000000000101000000000000000010000001000000000100000000000000000100100101000100000001000000000010010111000001001000000000110000000000000101100100000000000001101111000
0000000011000010000000000000001100100100001000100001000000000000000011000110101110110000010000100100000100000000100000000100000011001100100001000000000000000100000010010000000100000000000010000000001000000000000000000110000010010001100101001000000000
0100110001000001000000000000000000100000000001100000010111000000100100001011000000000000010000000000000110000100000000101010001101000000000000001000000101000000000000000000001000000001000000000000000000010000000010000000110000010000000001000000010000
0000100100011010000000110000000000001100000000110000010100000000000100100000001000000100000000000001000000001000000000000001000000000000000001000000010000000000000100000000100000101000000000000000001000000010000100010000000000000001000010000010001010
1001000001000000001000000000001000010000000000001010111100000100001000001000000000001000000000001010010000010000000000000000001101000000010100101010001010010101000011100000000010100010001100000101000101100000010000010010010001100100000010000110111010
0100011000000101100000000000000010000000101000000000000000010000001000000100000000000100000000011001000000101000100000000010000110010010010000000100001000000100100000001000001000000100000100000001000010010110000000000000000010100000000000000000000000
0000000001000000000000000100100000000110000000000000001100000000100100000110110000001000010001100000000100100000100000000001000000000010000000000000001100000001101000000000000100100000001000000000001000000000000000000000000000001000010000011000001000
0000000001001000001100000001000000000010010101000000000000000000001000000100001000100010010000110000010000000100000000000010100001000000000100000000100001000000010000100010100010111001010000000000001000000001000100100000100000010000100000100100000000
0000000001001011100000000100000000000000100010010000000000000000000010000000000000000000000010100010010001000000010101100000000100100000001001010010000000000001100000000001000100110100001000100000001100000000000000000000000001010000000000000000000010
0000000000010000000100000011100000001000001100001000000010000100100000010111000000000001111000001000000010010000000100000100100000001000100011010000000000100000010000101000000000110110000000001000000100000000000010000000001000000101000000001010000101
0100001011110000001010111101010000001000100000000000000000001100000000001000110010000000010010000000010000000000000000000000001000000000000000000010001000110000000100010100000000000000100000000000000001101000001000000000010110000000000000000110110100
1000010000000000000000000000000001000000000100000110001010000000010100000000000000000000100000000011110000000010000000010000000001100000100000000010000000001001000000000110100100000001001000100000100100000001010010000000001000000000000001000100100100
0000001000000000000001000001000000000000000000000000010000100101000000011000000000000000001011000000000000000000000010010000010000000000001110000000011000000110100000000000000001011000010000000100000100000000001000000000001000000010000000001100000011
1000000000010001000000000100001010000000000001000100101100000010000000000001010000000000000000000010110100010100001000000000010000001000010001000000001100000100001000000010000000010000000000000000010010000000100000001000000001010000000010000010000000
0000000000000000001000000000000000000000001010100100000100001110000100000000011000000000000001110110001001101000000000100001000000000000000000000000010010000000010100010011010000100000101000101001000010000000000000001100000000100001001000100110000000
0001000000001100000000000000001000000000000100011010000100001000001000100000001000000100000000000000000100010000000000010000000000000000001000100000100000100000001000000000110001000000000000000000100000000000010001000010101000010000000000100000000000
0001000000000001100000000000000000000000000000000010000000100000110101000000100111000000100110000000100010100000000000100100000000100010000000000010000001000101000000001100001000010101101100000100010000000000000001100000000001000000000010000000000000
1000010000001000010000010000000000000001000000001100100001000100000001000100000001000000000000100000100000000000000000000100011010000001000100001000000010000000000100000100000000100000000000000000000001000000000101000001100000100010000111000000000000
0000000000000010000100010010001000110000001010000000001000000001000100000000100101110110100010100000000000010010000001000010000010000100000000010000000000010010001000010000001000100000000100000000101000000000101000011010001000000000000000000000010100
0000000101010000100000001000000110100000000001100000101000000100000000000000000010000100000000000000000010000000010100000000000001000010101000100000000000001000000001000010010110000000000000000000000000000010100000001010010000000000000000000011000011
0000000001001000001000010000000000000000000000001010000000000000000000000000001001000000001000000100001000010000000001000000001001000011000000001000000011000010001001000000010100100000010000000000001101000000010000000010000000000110100010000010001000
0000000000000001000010100000000000000000001101010001000001011000000010001000001011000000000001000000100000100000011000000000010000100000001101000000010001000000100000001000000001000000100001000010100000000010010000101001000100000010100000000000001000
0001010100000000000101010010100000000110000000000000000000001000001000000000100000000100100010001010001111000100100100000000000000000100000000000000000100000000011000000000000001110110000001000000000100000010001000000000010001000000000000000001001000
0000010000000001100000000010101100000001000100101000000000000000000000001000101111001000000001010000100000100000000010100000110100000010000100000100011100000000000000001000100010001000000010000000001010000000000000000101000010000100000000100001010101
0000000100000000100100010000000000100011010100100000001011000000000010001010100000000101010000100000000000000001000010000101000000000000010100000000010010010000110000000000000000100110001010000100001000011001000000000011010000000000000000000000100000
0000010000000000000000000000001000000100001000100000000000000000000000011011001000000000000010100100010100000100000000011011000000010000010000010010000011000010001000000000001000001000000001000000001110000000000010001000100001000100000011100100000001
0100110000100000100000100000001100001001000000000000101000010000010000000000000000000000000000000100000011000000000100011000000000000000000000000000000000001000000000000010000000000010010000010000000000110100000101010000000000100000000100000000000010
223 177
192 55
