250 250
0110101000000100100010001100000000000000000000100000000000111001001000000000000000001010001010010000100000000000001001000000100001010100000000010000000000000000000000001010000000001100000000000100000010100000100000001010100010001010000010000100000000
0111000000000000010000010000000001000000001001100000010001000010000100000110000000000000000001100010001001010000000001000000000100001000000000100000000100010001000110001000100100110000100110000101000100000010000110010000000001100000000101000000000001
0000100000100000001000000010000000010000001100000010000000000100001000000000000000100000000111010000000000000100001000000010000010010000001000000000000010001000000100000110000000001000010000000001010100000000000000000000010000100000000000000001000100
1001000001110010000001000000010011100010000000000000000000010011000000001000000000000010000010000000000100000000000001001011000010100100000000000000100000000000000001000000001000000100000000010010110101001100000011000000100000000000001000100010001000
1010001001000000100000100000010011101000000000000001000000000000001000101100100000001000000000010000000000100000000000000000000000000000000100100000010001000010010000100000100000000000000000010101000000000010000000000000010000001100100000010100100000
0000000001110000000001010001000000010000011000000000010000010000000010100000000001000010000000100001100000000000000100000100100000000000010000000000000010000000000000000001000000001000000000000000000010000010000100010000010000000000001000000110100000
0011100000000001000101000011000110000011000000011000100001000000100101000010010000000000001000010101000001000000000000100000000000011010000010000010100000000000000001000000100000000100000110101000000000001000000000001100001010010000000000000000101001
0000000010000010001000100011000000001000000000100000000100000000000000000000101000100000000001010000000010000000000000000000010000110010000001001100010000000010010100000101011000110010110000001001100000000010000110000000101000000000000010000000000001
0000000000000100000000011001010000000001100000100001000000000000000000000000000000000000001001000000000000100000000100001100000000100111001100010010000000010001000000000110000001010000001010000000000100001001001000000000000000000000000010011000001000
0100000000001000000010100000011000000000000010000000000000000000000000000000010000001010000000011000000001000000000010000000010000000000000000000000000000001000001000010010000110000001001100100010001000000011100001110110000001001000000000000000100000
0000001011001001000010000001010000011000000000000000001000000010000001000000001001000001001000100001000110000000000001000011100001010000001101000000000010000100000000000000000010010100100010100010000000000001000100000000100001011100000001100100100101
0000100000101010000000000100001000110000101100000010000000100001011100000011010001000011010000000000000000000000000010100100000000101000000100000000101100000000010001110000000000000100000000000001001010000000001000110000001110000001001010000001001000
0001000000000000000000000000001000000000000000000000010000100000000010010100010000001000000000000111100000001001000000000100000100000000000000000000000000000100001010010000001000000000001100000001000100000000001000010010000000110000000000000010010000
0000000000000000000000000011000001000001000010001101000100000000011110100001000100000000000000000000000001000000001100000010000100000000010100010000000001000000010000110000000000010100000000000000000000110010110000000000001000011000000010100100000010
0010000000100000000000000110100000001000100000000000110000100000101000000000000000000100000010000000110100101000000000000000000010011001000000000000000011000000000100001010000010000000000000000000000010000000000000001011000000010000001000000001000010
0000000110000010000000000100000000000101000000000000010000100000000010000000000101000011000100000000000000000000010000000100100000000001000001000000000000100000000100001000000010010000000000000010000001010110000000001010010001000000000000000010000001
0011000000000101000000000000000000000001000000000000011000000000100000000000100001000000000011000000001000110001000000000001000011000000000000010000001100001100000000000000010000001000000100000000001100000000100000000000110000100000000000011000000001
0000000010000000001010001000000000011100000000100000000010000000000011000000000000010001000000000011000100100001001000000010000000000010100000000000000000000100000100100000000000001010011000000000000000100000000000100001000010010000000010000000000000
1000100000000000000010100000000000000000001110000100000001000000111001011000001000000010000000000000001000001000110000000000000000000000000001000000100000101000100110000000010001100100000100010110000000000100001000000001000000000100000010000000000010
0000000000001000001011000010000000001000000000000000000001000000000000001000000001000000010000000101100100000000000000000000000111001010000010000001100000000000000010001010101100010000010000100010000000010100100000000000000010010000000000000000000100
0000000000100010001000000000000000000000000000000000000000001011000101010001000000000000110101000000000000000000000000100000000001000001100000100000001001000010010000100100000000000001001100010000010100000101000111000010000000000000010001000000001000
1100000000000000000000000000000000000000010000000000010001010011000000001000000000000000100000001100000010000001010100010000000100010000000110000000001000000000000001010101000000000100000000000000000000001000000000001110000000000100000000000000001000
0010010100000101000000000000000101010000000000000000000010010000000000010000000001000000010101001010000000000100100000110100000000100000000000001000100001000000000001000000000010011000000000000100000000000010000000000000000100000110000000000000000010
1100000010000000001000001001000000011000000000000001000100000000000001101000010011010010000000010001100101000000001000000100110000100000100000000000110010000000000100000001000100000001010100001000011101001000000000000000000000110000000000000000000000
0000100100000000000100000000000001000100000000000000000000100001010000010000000001010000000000001000000000000011000000100010010010000011000001001000100000000000000000000000100000000010010100000100100000000000100000000001000000000000010001000000000001
1000000000000001001000010001000000000100001010000000000000100010100000000000000010001000000000000001100000100001000000000010000000111000000000000000000000000010000000000000000000000000000000001010100100000001000100000000000000000010001000000100100100
0100000000011100100000000000010001000000000001000101000000000000101000000000001000000100000000000000010000000010000110000010010001000111000100101100011000011100000010000000010000100000000000000001000000010000000000000001101000100000000000000000001000
0000000000000000000000000001000010000010100000000000001000000000000000100000000001011000000000000000001000101100000100000000000010000000000100000000100000001010000000000000000100100000010000000000001001001001000000010000000000000100001000110010000001
0010000000000000000000000010001000110010000000000101100001000011011000000000000000000000000010010000010010011010001001010100000001000000000010010100000000000001110100000011000000000010010001000100000000001010100000100000001000100000001010001000000001
1010000000000000000100100001000000000000000000001000000000000010001001000100000001000000000000000000100001100001001001101000100000000100000000000000000000001000100000000000000001000100010010000000110011000000000000000000110000010000000000000110000000
1001011000000000000100000000100000000001000000000000001000110000000001000001000000000000000000000001011010000010000000000000001011000100101000000100001100000000010000000000100110001100000001001000000010000000000000000000100010000000000001000001000100
1000001000000001100001000010100000000000000000010110100100000100001100000100000111000000000000100001000000001000000000000000000001000010010101000000000010100010000010101010000000000000000000000000000000000100000100000101000000001010000000000100010000
0011001110000000000000100100000000000000000000000010011000000000000000100010000010000010000000011000000100010000000000010100000101000000100000000100000000001000000010000000100100001000100000000000000000000000000011010000000000000001010000000010010000
0000010000000000010000000001000110000000000010100000100001000000101000000000000010000111000000100000000000000000000010001001100101100000010000010110100000010000001001010000000000000000010000010000000110010000000000010000000000000001000000000000000000
1000010000000001000000000000000001110000000000100000100100001000110000000001100010100011000000100000000001000100000001010000000000010000100000100000000000000010100000011001100100000000011001000001001100000000000000010000000010000000000000000001101000
0011000000000010000000010100000110100001000000000100000000000000000001000000000000000010000001000100010000000000001000000000000000000100000010000010000000001000100000000000000000000100000000100000000000001100010000000000110100000000001010001000000010
1000000000101010001000000000000000000001010100000000000000000000010101000000100000010100010000000110000000000000000000100000110000000010000100010001000010010000000000001001010000000101000000000101000000000001000000100000100000000000000100000000000001
0010000000100010100000101010000000000000101000000000000000000000000000101000000000000000000000000101000000010100000010100100000000010010000001100101000000000000000000110101001000100101001000100000100000000011000001010111000100000000000010010000100000
0010100000000000001100000000010110000010110100000010000000010000000100000000001000010000001000100100000000100010010000000000001000100010000100100100001000010000000000000100011000000100000000100000010000000000000000001001000000000000001000000000001000
0000010010000010000000000010101101100100000000010000000000000110000100000000001001000000000000001011100100000010000000000000000000000000000000000000000010000100000000000001100000001010000100000000000001000001000000000000000000000000110000000000001010
1010010000000110100010000000100001010000100000010001000111100000011010010100000000001001000000000000000000000001000100000100000000000100100000000000001000011000010000010000010000001000001000000000000010000010001100000000000001011001010000010000000000
0010001000000110100000001001010000100000000010011100000000000010000000000001000010000000000000011000010000100000000000101000110000000000000001010000100001101000001000001000001000110100000110001100000000000100110001100000000000000101000100100111000001
0000000000000100000000001000000000000010000000000100000000000000000010000000010000100000000010000000010100000101001000000000001000000100000000000000000000000000000000010100000000000000000000000100000000000100000000100010000000001100000010000101100010
0011000000000000010000000100000000000000010000000010000000000000000001000000000000000000100000000100000000110000001000000100000011000000000100000001010000000001010000000000000100000000000000000000000010000000000000000000000000100010000000011000000000
0010001001000001011100000000000000000000000100000011100010001000000001010000100000010100111000101000100000000000000001000110010100010001110110000000100010000000011010110000000001000010000000010000000100000000001010000001000000000001000000000000010000
0000010000010000000000110000000000000000010100000010001000011000000000000010010010010000000010001000001011000000000000000000010110001010000000100011000001000000000100000000000110000100000001000000100110100010000000101100000001000000000010010000000000
0000000000000000010010000000000010000000000000010001000010100001000001000001001000000000000010000000000000001010000010010110000000000000001000010111000000100000010000000000000100000000001000100000000001001000000001010011010000000000000011010000000000
0001100000011100111000100010000010110100000010001000001000001000000000000000000001010111011011000110001101101000000000000000111000000000000000100000000000010010000001010000000000000110000000000000000010000000000000000000001000000000000000000000010100
0100000000000000000000000000000000000001000000100001000000000000000000000100000000000000000000000100000000000000001000000000000001001000100000001000000000000010000000000000000000010110010101000100010000010000011000000000000001000000000000000100000010
0001000000000010100100000000001001100100001001000001100000000001100001000000000000001000100000001001010000000001000000000100000000000000010000000001000000001000011011001001000001111100000000000100000000001010010100001000111000000001101000000000000000
0100000000000001010000010000100010000000001000010100000001000000000001000010000000010001000000010000000100000010010000000000000000000101000000000110001000001010000001000001000000010010000000000000000001010000000000000001101000000100000001000000001000
0010010000100100000000010000001001000000000000110000010000000001010011100000100000000000000000000100100000010001000000011111000000000000001011000001000000010000100001000000010000000010100000001000000001001000000000000000000000000000000100001000001000
1011000000010001001010100001000000000001000011000000000000000011000010000110011000000001000010000000000000000000000000000100110000100000000001000000000000000011100000010000100000010000001000000001010100100100101000100100000010000010100101000000100000
1001000101101000010010010000100010000001001010000001010000100010110001000000000100000000110000101000100000100000001000000100001001100000011000000000010101000011000000000000100010001001001001001000000010000001110000000010100100000000000000011000010000
0000010000000000000000000001000000000011000010001001001000000000000001000000000000010100010000000000000100000000000101000001110101001000100100000000110000010100010000000000000000000000000000000001000000000100000100000000000000000000101000011000100001
0000000000000000101010000001000000000000110000000000010100001000000000010000000100010000000000000001001001010100100000001000100000011001001000000100001000000001110000000010000110000100000000001001000001000001000000000000000000100110001000100000000000
0000010010000010000011101000000000001000000000000001001000001001001000000000000000000000100000000000000000001001000101010000000010000001011001111000000000000000010001000100000000000001000100100100000010000000000011000100000000010000010000000000000000
0000000001000000010000000001000000000010000000000010000000101001100100000000000001010000101010010000000001000010000101001000000000000000101000000000100100100000000000000000000000000000010000000001010100001000000000001000001000000000010000000000001001
0000100000001000010000001000000100000011000001000000010000000000000101000100100000000100000001000000000100000110000000000100010010001000000100000000110100000000000000000000001100000000000000000000000100010001001001000000001000000010000000000000000010
1000000000110100010000000000011000000000000010000000000001100000000000000000010000000000000100000110000100010100000000000011000111010000000000000010000100010010000000000110000010100000000001000000000000010010000100000001100000000000000000000000000100
1001000000110001000000001010000010001000010000000000000001000100010000010000000100011000010101000010000000000001000000000000000010000000001000001010000000000000001000000101100001001010000000000010000000000010000000010000100100001000000100000000000100
0000000000000000010010010000001000000001010101000000011000110000000001100000000000000001010000101001011010000000000001100000000000100001000000000000000100010100000000000000000000000100000000000000000001010000000000100000010000000001010000001101001000
0000001000000000000010001100000000010000100000000111100000011000000001100000010100000110000000000000000000001100000000100000000000000000000010001000000000100100000001000101100000000010000000100000000000000010000001000010100010000000000001011010010100
0001000000000000100000010000001000100000001100010010010100000000000000000011000000000111000011001001000000010000000000000000000001000010100000000000100000010001001000000001000000000100001010100000000000100000000000000000000001000000100011010100000100
1100000010000100000010100000010000000000110000000100100100100000000000000000000000000000000000000010000000000000000000100100010000010010000000000000100000000000000000100100010000001001000000001000100100000000000001010000011000110001000000000000010000
0000001000101001000100000000010000000000000000001000010001001001000000000110000000001000000100001000010000000000000000010000001001000001000000000110000000000010000001000000000000000000000100101000100000010100000000000010100100110001001000000000000100
1000000000100100000000100100100000110010010000010000100010000000001010000000000000000000000000000010001011000001001000000011100000000000001100000000000000001000100100000000000000000001010100000000000000001000000000101000010000001000000010100000010001
0001001000000000001000000000110000001000000110000000000001000100000000000000010100101010000000110000000000100000000000001010000001000000101000001000000000000001000000100010000000000000000101001000001010010000000101000000000000010001000100000000000000
0100101001100000000010000100000100001000011100100010100000010010010101011000000000000000000000010000100110010010011000010100100110110100100000000011000000100000010000000000100000100000001001000100000000000001000001000010010000100000011000000001000000
0000001000100000100000000100101010010000000000001000001000000000000000000000000010000001010010100000101000010000001000010001000001010001000000100100001110000010100000010101010000000000000000000111000000000000100100000100000000010101000001001100000000
0000000000000000000010000010100010000000000000000000001100000010000001001100000010000010000001000000010000000001011000000000000000001100001000000000000000000101000001000000000000000100001000000000001000000000100000101010001100000000100110010111001010
0000000000000011010100001001000000010010010100100000000000000000000000000000001000000000000000001100000100000010000000000001010000001100000001101010000100001001000000000110000000000000010010010000000001000000001000000100000001010000000000010000000110
0000000001001100000000100000010010001000000000100000010100000000000000001000000000000000010000100000010000000110000011001101010000000001000000000010000000001100000010000000000001000010100000010000000000001000000000100000000000000011000000001000001001
0010010100001010010001000001000000000101110010010000000100101001000000000000001000010000000100000010001101000010100000000001000100000000000001001000001000000000000000000000011000000100010000000000000010000100010000001000000000000000001000010000000000
0000000000000100000000000000000000000000000000001000101000000010000000010000000000000000000001101000000000000000000000000110001100011001111001110010000000000000000100000000000001010000000000000000000000000001010000100000000000010000000000000000011000
0101000000000010000000000000000001000000000100000000000000010000100000011100011000001000100000000000000010000100000100101100010000000010000000110001000000000010000000000000000110000000000000000000100000010010010011001001000000100000001000000000000000
0000010000000010010000000000001000111100001000000001100000000010000010000010001000000100000010000000010001000101010000000111001000000001100000100100100000000000010001000010000000000000001100100010000000001100100000000100000011001000000000000000000000
0000010000001000100000000000000000000000000010000001010000000000000010100110100101100011110000100100000001001001000001001000000000001000000000010000000110010001000000000100000100010010000000000100000000000010000000001000000000000000001000010001101100
0000001001000000100000100000000000000000000000001000001010000000010100111001010000100000000010001000000010000000000110000000000010001000001000000000100000000000000011101000001000000000000001100100010100100000000110000000100000010000101000100000100000
0000010000000001000101000100001010000000001000010000010000000001001010001001100100000000000000101000010010000000101100000000000100000010000000000000000001100000000000000100100010110001000000100000100000000001000000001010000100000000001000000010000100
0010100011000000010001000000000000000000000000010000000000000000010010100000001000000011001000000000000000001101000000000000100010000000000000100000001000000100000101000100000000100010001010000100100000000100010000000011000000000000000000000010001000
0000001000000100001010000010000000100000000000000100000101001010101010000000000000110001000010101100000000000000000000000000000001100000010000000000000000010110000000001000000000010010001000000010000100011001011001101100000000001001000000000000100010
0100100001000000001000000001000010011000101000000000010100000000110001001010000000001001000000000000000000001000000100010000000000000001001000000000001001111000000011000100100101000101000000000000100000000010010000010000011000010000000000000001000000
0000100000001000000011010001001100100000000000000000110000000000000000010001000100010000001001101001000010010100000000000000000000101001000000001001000100000100001000100010001000000000000000000010000010000000100000000000000000000000000010000000010000
0001000000000010000001000000000000000000000000000000001000000010001000001000000001000001000100000100010100100000000000000000000000000000100000000001110001000000000000000000000000001000010000100011000000000001000101000000000001001001010010110000000100
1000001001110000110000000010000100000110000010000000000000000001000000000001000010000000000000000000000100000000001000000100010000110010001000110001000000001000001010010010000000000000000001010000000000000000000001010110010101000000001000000000000000
0000000010000000000000000000000010000000000000101000000100000010000010100000010010000000010000010111000100000000000000001000001000100000000000010000000010100100000000001000010100001000010010000101010000000100000010100000000000100100000010001010010000
0000000000000101000000000100000000000000010001000100000001000000011000101000010000001000000100000000000000100000000000010000000010000010000001010100000000000100000001010000101000100010000000000000110100000000001000000000000000000010000000000000101000
1000001000000000010001000100000000000101100010000000010000000000010000001000010000000000100000111000000010001001001000000010000100000001000000000000000101010000010010000001001000000000000100111001011000000000000000000000000010000000000000000100000100
0000010000000000000010000100000000100000000000100000000000000000000000001000000000000001100011010000000000000001101000001000000000000000000100000000010000000100001000000000000000000010110000100100000101000000000000100011000000000000000000011000001100
0001011000010000001000100000000100001000000000010000000100001110000000000000000000001000100000010001000110010001000000001010000000010000000000100100000000001001000010100110000000000000010010000001000100000000000000010001001000000010001001000000000110
0000000000000100000000000000010000000000000110000000000000001000010000000000000101000010000000100000010000001000100000000100001000010000001100000000000000000000000000000000000000010000000100000001000000000000001000000000001010000010000011000000000100
0000100011000000000000000001000100000000000000000000000000100000000000100100010000000000001000000000100000010000000000000000000010000000000000000000010110000000001000000000001000000010000000001000000000110000001100010000010010001000000000000100000010
0010000001000000010011000011100001000000000000000100100100010000001000100001010100000100000000001000000000100000000100010000000000000100000000100001010001110100000000000000001000000010000100100010110100001010000000000000000000000100000000000010001001
0000000110010100100000000000000100001000000010000100000010000000000000100000010010000010101100000000000000000000011001110000000010000000010100000000000001000000000000000000000100000000000000000010001000000000010000000000000000000000000000100010110010
0000000001000000000100001101000000000100000000000001000100011010000010100000010010000010011000010001010100000010000000000000000011000000000001100010000000100110001000010000100100000000000000000000010001010000000100001000000000000000100001110100000000
0000000000001010000001110100100000001000010000010000000000000001000000000000000100000000000010000000100100000000000010100000000000000000000110000100010001001100000000010000000001100000000000100000001000000010001000110000001100000000011000000100001001
0000000000000010000000010100010000000000000000100000100000010000010000000000000001001000001011100000001000001001001000000000000010000000011000010000000110000000100000010000000000010001100100000110001010000001110000001000010000000000111000001000000010
0010100001000000111000000100001000100000000000100100000000100001000001000100010000100000000000101000011000000000000010000000000000000000010000100001000000000100011000110000000001010000000100000001000000010000000000000001000000000000000000000000000000
1100010100100100001001000100000100000000000010000001000001000000000100000000001100000000000000000000000001000000101010000000000000100000000000000110000001100000000000000000000000110010010000010001000001001000010010001111010010100000000000000000000001
0000100000000100010100101001000000000100010000000010000100110010010000001000001110000000000010100101010010000010010100000000000001010010000010000011100001000010011000010001001100000010000010000000001000000000001000000101000000100000000000000000000000
1000001000000100100100000000000000100000000001000001001000100000000000000000000000100100000111000001100000101001001010100000000001011000000000000010100000000000011000001010000100000101010100001000000000000000010000001000001000001000000000000010000000
0001001001100000000000110000001000100000000000001000100101001000100010001100010000000000000000000000000100011001000000100000001000001100000011010000000000000000001100001110100000000011100000001000010000010000010000000001010100000001000000000000001000
0000001000000000000000101010000100010001000100100000011000100001110000000000000000100110000000000001000001000000000010000010010000000101001000000010000010000001000000010000000000010000101000000010001000100110000001100010100100000000000100000000001010
1000000100000100000010000000000100100000000100000000000100000010000010001000000100100000000000000010000000010110000100001000001000000001001100011010000000100000001010000000000000000010000001000000000000000011000000001000010100100000000000001000100000
0000100100100000100101000010000000001000000001000000000000000101000000000000000001000000001010000000100100000001000000101100000000001000000010010100000000000100001000000100000000000000000000010000000001000000010001001100000000110100001010001000000000
0000000000001000000000011000000001110000000000100000000010101001000100000000010001001000000000000011000100000001000000100000000000100100001000000000010001010100000001010000000000100000100000000000010000100100000000000010000100100000000000000000001001
0000000000010000100000000010000010000010100000000000000000000000010000001000010100000000100000100010010000010010000000000000000100000000000000000000000000000000000001100010011000000011010100000000001000000100000000001010000100000100000000000000000000
0000000000000000001101000010100100000010000000010011000100000000100000011000000000000010010001000000001010000000000100000000000010000100000110001000001000000000110000101000000100000000000000000001000000000000000000000101000000100100010110000000100000
0000001000000101000001011000001000000010001000000010000100010001001000001000000100001100000100000000011001000100100000000000000000010001000000000011000100000000100000001000110000100100010100100000100110001000100100000100000100000000000000000001000000
0000000010010011001010000100001000101000100010000000000000100000000000100000000100000000000000000000000000001000000000000000000100001000000000000101001000000101000000000010011011000100001000000010001011000000000001010000000000000100000010000000000111
0000000000011101001001000000101000000001010000010000010011001001001000010100001000000100100000010010000010000001000000000000000000000000000000000000000010000101000001000001001100000110001000000100000000001000000000100010000000000010110000000010000000
0000000000000000000000010000001011001101001001000110000000100000000100000001000110000000110010111000000010010110100000000010000100100000000010000000000000010000000000110011000000001000000000100000010010000000100000000011000000000100000111000000000000
1000000100000101110000001000000000001000000000001010000000110000000010000110000000001001110000101001000000000000000000000000001000010000000000000010000001000000000000100001000000000100001001000000000000000000001000000100011100000001000000001000000111
1000000010001000100001000010001000010100000100001000000000000000000000000011000000000010000000000000001011000000100000100100000000111100100000011001000000100000100000000010110001101101010000010000100100010000010010010000001000000001000001000000110000
0100010000000000000000010000001001000010000101000010001010000001001000000000101100000000000000011100000000000000000000010000000000000000000000001110000000100000000000000010010000000000000000010100000101000110000000000000100000101000100000100000010000
0000100000011000001010001000000000000000000000110000000000000000000000100011010001010000001000010000000000101101000000000100000001000001010000000000000100010000100000001000100011000000100000000000000010010000000000100110010000001101000000000010010000
0010000010000000000100000000000000010001000000000100000000001010000000100000100000000001001010000000000010001010001000000001001000000000101000000000000001001000010000000000001000001000010000000000000000110101000000000000000010010110000000000000000000
0010000101000110000100000000000100000000000001000000000011000000001010000000100000000000001010000100100000000000000000000001000000000000000000000100010000000011110000001000010001001000000000000000000001000011000010100000000000000010100010100000001000
0110000110010001000000101001100001100001000000101010010010001101000000000100100010001010000000000000000000100000010000001000000000100101000101000000000000100010000000000001000000100000000000000000000000000000000000000000100000000000000010000000000010
0010000000100110100000100110000000000000100000000000000000001000000000010001000000000100001001000000000000000010000000100000000000000000100100000000010011000000001011000000001000000000000100000010101000000001000000000000001000000000000100000000000000
0000000000000000101000000000000000000000001000001000000000000100000000100000010000000000100000001110000000101000010000000000000010000011000000000000001000000000010000000000000000001001000000011000010001000100001100001001000000000100000000000000101000
0011000000010000101001000001001000000011100100011010000010100010000001110000100000000000001001000000000100000000001000000000001000000000010000000001000011000000000101001000010010000000100000100100000000000001011010010010000000100000000000000000001000
0000001000000001000010000000000000000010000010100001100011100000000000000000001000000000100000010000000000000010100001000000000000000100100000001000001000001100000000100001000010000101010000100001000000000010001010000000100000000000010000111100100000
0000000000000000110110000000010000000000000001010100010000100001010000000000000000100010010000010000000000001000000000000000000000100000001000000000000001000000001010000000000000000000000010000000000000000000000000110000001000000000000001000100000000
1000000000100001000000000011000000000000100000000000000000110000000010000010000000000000010100010001000000010000010010000000001001010001000000000000100000001100000000000001000001000110000000001000101000000100000000000000100100001000000001001001000100
0000000000000000000000110000000000100000010000001010010000000000000100001000000000000000001001000000000000010000000000000000001000010001000000011110011000000010000000000101000000000000101100000001110000100010000000010000000000000000000101000000000001
1000000000010000011000100001000010000100000010000000100110010100101000101000000000101000000000000010000010000000001000100000010100000000000001000000000000000010100000000100000001100000000000001000000000001000101000000000011000001001001100001000101101
1101011000000011000000000000010000000100000000000000010000000000000000000000110000110000110001000100000110000110100000100011000100100111000100100011000100000000000100100011101000000010000000001000000000100000010000000001110000100000000000000100000000
0100100000011000101011010100100000000010000000000000001001000010000000000000000000000010010000000000000000010001000000011010000000000100011000000001011010000000000000000000000100000000000101000100001000100100000111100000000100000011000000000010011000
0000000000000000001100000100000110010101000010000000000000000000010100001000000010000000000000000000010100101000000011000011000001000000100000100000010001000000000001000000000000010000000100001000000000111000000000000000000100000100000001000011000000
0000000000001000010000000010000000001000010000100010000000001010000000000000000000100000000000100000000010100000011101100000000100000101000000000000000000001001000001001000000000001010000000000000000000000001000100000000000000100000000100000000000110
0000000010100000000010000100001000000010001001000000000100100010010000100000001000100001000001011000100000010001011100110000010000100000111000000001010001000000001100000000001010100000000111101000000000011000000010100000000010000010000000001010101010
0100001010000000000001000001000000010010000000000000000000000000001000000110010000000000000001000000010000010000000000010100011000000111000010000000100000100010010000010100001100100010001000001000000010110001010000100000011000000001110000100000001000
0000000011010110000000000000000100000100000000000000000000010010000000110000000000000000000000010000000100101000000010100000000000010000000000000001000001000000100000110010000001001000100000000000000100000000000100010000000000101000010000000011000000
0000100000110000000000000000000000000000010000001010010010100000010001001100000100000000000000000000001000011000000010001100000101000001001010000000000000000000000000000000000000001000100100010000000010000110000000101000000010000000100010000001001000
0000000000000010000000100000100001001000100001000100000010100010000100100000010000000000010010000000000010001100010000000000010001000000000000001000000000000100000000010000001010001000000011100000100001000010000010000100000000000001010000100001010000
0000000000110001000001000000000000010000000000010110000000001000000000000101000110000000010010100000000000000000000000000000100000000110000000000000010000000100000000000000000010000000000000000000000101000000010110000000000000000100000000001101010101
0000000000000000010000000000001011000000110000000000010010000010000010100000000110010000000000010000000010000001000011000100000001000001000000100000100001100010010001010100001100001100000000010000001100000100001011000000010000000010000000000000011000
0000000001000000000000000000000011000000001000000000100010000000000000011000100000000000000000000010000000000000000100000010001000000000100000100100000100010000000000000000000101000000000101100000100001100000001100000000010000100000010000010000001000
0000000100100000000110100000000000000010001000010000100010000100100000101000001000000001000000000100010000000000000011000000000100000010100000100100000000000000011000000100100000101000100110000000000000001000001001000100000000000010000010100000010000
0101000000010000000000100001001001100100001010000000011000000100000000010000110010000000100000001001000000000000010100000000110001000010010000000001010001010110000000000001101000000000001000000010000001001000110000001000000000000000000000001001000100
1001000100000010100000000000000000100000001000000000000000000000000000000100000000000000000100000000001100000000000000010000000000000000000010000000100000000010000001010100100100000000000010010000000000000000010000000011000000100000010000001110010000
0001001010100000000100010000000000000000000010000010001000010001001000001000000010000001001010100000000000001000000010010000110100000000001000000000010000000100010000100000010100000000000001000010000000000000000100000000000000000001000100000001001000
0000000000000001100000000000000000000000000101000000000000010010010010000000000010001000000111000000000111010100001000000000100000000010000000000000000001100001000000000001000010000000001110000000000000000000000001000000000000111000011000000000000000
0000000100000000000100000000110000110000000000000000010000001010001101100001000000010000000010100000000000001001000100000000100100011000000001000001001000011000000000100000000100010000010000010000000000000100000100100000010000000001110000100101000011
0110001000001010010001111000000100100010101000001000001000000000000010000000000000010000010000100100000010100000010000001110100111000000000100000100010000000000000010010000000000001000100000000010001100011000000001001000101000100000000100000100100000
0000000000000000100001010000001000000000000001000000010000000100000000111000100000000110000000100000100010000110011000001000000000100000001000000001000010101010000000000000000001001010010010000000000100000110000001100000000001011000000000100000000010
0000100010010100000000001001000100000100000000100000000011000000000000100000000000010001010000010000000000010000000000000100000000000000000000000000000000001010000000010000010000000000000000000100010000101101000000000101000000000101101000100000000000
0000101000000010010100000000010000100000000000000000010001000001000010010000100000000000010000110000000000001001000000010100100000100000100010001000000000000000001000000110000011000000000000000010000000000100100010001001001000000010000110000000100000
1001010000100001001000000010000001010000010001000110100100001000001011000000001001110000000000000000000010010000000000010000001000000001000010000000000010000000000000000000000100010010000000100000000000010000000010001100011000000100010000000000011000
0000001100010000001010001000000100001100010010000000000000100000000000100000001000000110000000000000000100110001010000010000000000010010001100001100001000001100000000001000100000000000000001000011000000000100000000100000000000000000000100000000011100
0000000000001000101010000000100101000010001001001000000100001001000100011001000010000011000001010000001000000100000011110100000010000000000000001010001010000000000000000000000000010000000000000000000101010000001000000001110000010000100000010110010000
0000000000000000001000000101000000000011000000000000000000000100000001010000001000001000100000000000011000010100000000000000000001000000001000000000100000000000001001000010000010000000000001100000000000110000000000000110010000000000101000100100000000
0111000110000100001000000010000010000000011100000100000001000000010100000010010100000001000001000001000000000000000000000000000000000000000000000000001100100010000101000000001010000000010000100000110001000000100000001000101000000000001000000000000000
0100000000000000100000000001001100000000100100100100000000010100000010000001000000101000000000000000000000000000100100001000000110100011100100000100001000010000000000010110000100001000100100010000101000010000000010000000000100100010000001000000000000
0010000000010000000010000010000010000000000000000010000010100000000000101000010001100000001110100000000001010000100000000000100000001001000010000000000000000000011000000010000010000000001000100000000001000000000000010000000000001000010000000000010000
0000000000010001000000111001000000010000110010000010000000000000000010101000000001000000001000000000000010000000001010000000000000001000001000000000000000000000101000000000000010000100000100000101000000101000000000000000000010000010010010000000100001
0000000100001000000000000000000000000000000000000000000000100010000000000010100100000100000001001000000100000010000000100000000000000011001000010010010000000110000000000000000000000001000000000000000000000100000000000010010000000000000001000000100001
0000000000000000000000011000000000011000011001000000000000100000010001000000000100000001100010000010000000000010000000000010010000000010000000000000000001000100001000001001011000000000000000000100000000000010000000100000000000000000001000000000101100
0000000001100010000100000000010010000010001000000100000000000100000100000000010000000000010100000000000000010000001100110000000000000000101000000100000000000000000010000000010000001000010000000000101000100000010100000001010000000100101000010010001000
0100000010010001000101100000000000010100000000001000000000001000100000000100000000000101000000000100000000000001001000010001001001011000100010000100000100000000000001000000000000000000000000000000000101001001000000000010000000001000100100010100000000
1000000000000100010011101000000011010000000100010000000000100000100000000000001000000000110000000000000011001000010000011000010001000000000000000000000011001000000001000000000000000010010001000000000000000010000000000000000000000000000001011000000000
0000000010000000000100000010001010000010000000110100100000000000000010100010111010000100010000000000000000000010010000010000000000011010001000010100010010000000000101100000001000000000011101100110000100001100000010000111011000000000000000100000000000
0000000011000000100000011010010111000111100000001000000100000000000001100000000110000100000000001000000000000000000000000000000000000001001100111000101000010000001000000000000010000100000010000000000000000000100000000001010000000110000001000000110100
0000001010101001000000010010000000100000000000100001000000010000100000000100000010000000010101100010001000100101000000000000000011010000000000001010000010000000000010100010000000100100000001100000000000010000000000100000010000001001000110100001101100
0000100001001001000000011010000001000010000001000000000010010101000000000000000001000000001000010000000000111000000000010010000000100000000000000001100011110000000000010000100011000000000000000100010000000001000001000100000000010000100000001010000000
0010010000000000000111000000101100010000001000000001010011000110001000000000010000000000000000000000100100010000000000001000000000000000001010100100000000000001000000000010000000000000001110000010000010000001000101000000000010000010010000001000000111
0000001000000000010000000000000000001000001000000010000010000000010000000000110000000000111000010000000000011011000000000000000001100000100000001000101100000000000001001101001000000000000100100110000001000100100000000000000000000010100000000101000010
0000000010000000100000000100000010001010000010010000011000000000000001100000000010000110100011001100000010001001011010000000011000001001000000000000000000000000000000000000010100000001010110000001010000000100000001000010000100001011000000100000101000
0000100000000100000001000001001000000100001010000000000001000100100000000100000000001000010010000001000010000100100100101100010101010000001000010010000000000000001001000000111001000001000100110000000000100000011100000010000100001000000000000011000001
0010000000000000000000000011100000001000001100010000001000010011000001000001000010000000000000000100000001000001000001000001100000000010000000000001000000000100000001000010000000000011001000000010000000100000001010010000000000010000000000000000000010
0001001001000000000001000110000000000000100000100000000100000000011000000000001000000000000000000000000000001000001000001000100000111000000000001000100000000000000000000000000000000100110000000000010000000000000000000000111000000000000100000000010000
0010000010010011100010011000000000000101100000110000001000001000000010000000000001000101000011010000100010000010010000011010000100000000000000001000010000000000000000001000001100110000000000000010000101000010100000010100010000001000101100010100100000
0000000001000010010001000100000000100000000000000100000000000000000000000001000000001000001000000010000000100000000000000100000100000000000000010000000100000100100000001010000100100010100001000111000100010010000000001000010100000000000100100101000010
0100001000000000000100000101001100000000000101010001001011010000000100000100100101000100001000000010000000000000001000011000011100001000000000000000000011001010001000101000000000010000000000100000000010010000011000000001000000010000110000000010000010
0001101000000100010000000000010000000000010000000000000001000000000000000100000000010000010000100000000000000000000100100000100001000000100000000000100000000000000100100110001000000000110000001000000000000100000000001001000100001000100000000000000101
0000000010010100000000000000000000000100000000001001010011100010001010000101000000000001100000010001000000000110000000100000100100001000010000000000010000000001110000000000000010010000000000000000100000000000101000010000000000100001000000010000000001
0000011000010000100000100000000000000000000000000000000000000000000000000000010011100001010000100000100000010011000000000000001110000001000000000000100100000000100000101000000000000000000001000101000001001000010100010000000000000000000000000000100010
0000010000000100000000010100100000000001000000100000100000000001000000000010000001000000010010000000000000010000010000000000000000000000000001000100010000011010110000010000000001000000000110000001100000000010000000001000000000000000000000100000000000
0100000001000010000001000000101000001000000001100000010100000010000000001010000000001100000000010010010000100000000000100010010000001100010000000001000000000011000000000100000000000001000010000000000000100100000101100001000100011000110000010001000110
0100000000000010000000001000010001000000010000000000000000000000001000101000010000001000000100000000000010100100000000010001000000000001100000000010101000000010001010010100001001000100000000100000100000100010000000100000100001000000000010000000000000
0010000000010000000011010001000110101000000000000000000000000011010000000000000000000000000000000000100000001000010001100000001000001000000001000000100000000000000000000110000000000010001000000000000000010001001000001000001000110000100000000000000000
0000001100010000000010001100000000000000100000100000000100010000000000000001001100110110000000100011010100000010000010000000000000010100100010001000000000100100010001000000010010000000000000000000001001000001000100000000000000000000000100000000000101
0001101010100000000000100100000011000001000000000000001000000010100000000000000000000011000100010011000000100000010011100011010000000000000000010101101001001000001010010000000000001000000110000001000000000000000100100000000000000101000000001100000000
0000000000011011001000001000100001000000100000010000000101001000001000000000000010000000100000100000000010000010100010101010001000001000000000000000110000000000000000000000000001000000000100100000000101000000001000000100001010010000000000101100100100
1000000000000000000001100000010000000000011000000000000110000000000010000010000101000000100000000000001100011010000110000000000001001010001000000000110000100000001001000001010010000010011100011000100001001010000001100000000000000000000001000000000000
0100000000001010000000000000000000000000000000010000100010010010000010010010000100100100000000000000000000000100010100001000100000010100000000100001010000000000000000010000000000000000000000000001110000010100000000000010000000000000001000000000000000
0110000000100100100000000000000100100100101100100000000000000001000000100101000001000001111000010001100000000000000001100001000100000000100000100000000001000001000000011001001010000000000010000000000010000100000010000000000000000010000000100000000100
0000010001000000010000000010000010010100000010000001000000100000000001000000000000000001110101000000000110000110001000000100001010000001000000000000000001011000001001000000000001000001000000000001000000011000000000011000001000000000000010000000100000
0000000000000000100001001000000110000001000011000001000000100000010000000001000000000000000100000000100000000000000000000000000000100000000001001010001001100000000100000000000010000100010000000100000011000010000000000001000101000000000100000000100100
1000000100001000000000000110001000001000110000000011000010000000000000100000000010000010000000000000010000000000000001000000000000101110010000000000011100000000000111100000000000001000100000000010000000101000000100010001000100000000000011100001000000
0001001000001000001001000000100010010000010010000000000001010000000100001000000010000100100100001000100000000001000010110000100000010000000001010000010011010000001000100000000010000000000100010000110100000000000000100011000000100001010000000000101001
0000000000000000000010000100000001000000000000000110000000000011000100000100000100000000000110000001100000000000000100100010010000000001000010000000001000100010100000000001100000000000100110000010100110001000000001000010000000000000000000011000000000
0100101000000000100000110000100000101000000110001011000000000010001100000010100000000001100010000010000000000100000000000000001100001000000000010000000000001000000101000000010100000000001000000000000001010100000010000000000000001001100000100000000000
0000000000110100010010000000000000010000000000100000010100000000000010001110000000000000000000001001000101000000000000000000100000000110100011100000000000011011000000001010000000001100000000100000001000010000101000000010100001010000001010000000010000
0100000000010000010010000001000000010000000001000001000100100001010010100010101000000000010010001000000100000001000100000000001000100000000001000000000001010000010000001000000010000000000001000000110100000000110010000000000000001000001100000000100001
0100000100000100000000010000000100000000000000000000001000000100000000000001000110000000110000101000100010010010000000000000100000101011000011000000000000010011001000000001000000000100000000000000000011000011001000100011000000000000100001101000100000
0000000000000000000000000101000000000000000001000110000000000000000010010000010001000000010000000100000001000100000000000000000000000000000000000001100100001100010000001010101000000000101000000001100100000000000100000000000000101000000000000100000000
0100001000000000000000101000000011000100000000001000000000000001000010000110011000010100011000000000010000110000000000101011100000000000010000100000100000110001000010010010000100000001001000000000000110100010000000000100000000000000000000000010100000
0011000001001000001001010101000001000000110000000000000001000000100000000000010100001000100000001100010011000011000000000000110100000010010000000001011000000000000000000000100000011000000100000000010010100000000001001010100100000001010001000000000001
0000000000010000010000100000000000100011100000101000001010000001001000001100000001000000100000000100000010000100101110100010010100000000011000010000000001000000000000000100000000000000000000000100100000001000000111001000000001000000010000001010000000
0000001010000010000000010010101010000001101100000100000000001010000000000000000000000000000010000000000000001000010010010010100100010000010000110000000000100100001000000000000100010000000000000001000000000010110000001000000000010100000110000000001000
0000000000001000000000000101000000000001000001000000101001000000101100001001000010000100001011000001000010000001010000000000010000000000010010000000000100001001110000000110000001000000000000000000000000000000000001011000000000000010000010000010010000
0000010100000000000000000000000000001000000000000100010001000100000000000000100000101000000000110000001000100000000000100000000000010000011000000000000000001000100010101011100000001111100110000001000000000100000000000000000100000000010000011000110000
1100000001000010000000000100011000000000000000000011000000000010000010110000000000000100000000000000000010010000000100110000000000001000000000000000000010001010100000010000001000100010000100010000000100000000010100011100001000000100100110001000111000
0001010100010000011000000001100000100010001000000000100010101000100000001000010010000000000010100100000000000000010000100000001000001000000000000000001000000000000100101001000101100001000000000100001000010000010110000010000010100000101000100000000100
0011010000000000000000000000000000110000000000000001000100000000000000000000000000000001010001100000000100000001000000001000000000000011000000011100000000001010100000001010100000000000000000000100000010000001000001001100000010000000000010000000000010
0100000000101100011010000000000000001010010000000000000000010000000000100001100000001100100100010000000000000000000010101011000010000100000000010000000100000101000100000000000001000010000010100000000000010000000001001000100000000010001010100010010000
0000000110000010000001000010100001000000001001010100000000100110010011000001001000100000000000000010010110000000000010100010000110000000000011000000000000100101000001000000000010000001100000010000100000000100000000000000100100100000000000010000000000
0000100000000000000100000000010000000000000000000100000000000000010000100000000000000010100100000001000011000000000000000000010000100110000000100000000000010010000000000000110000000000000000001000100010000101101000000001000000000000010000000111000000
1001000010000100110011010001100000000100000100100100100000000000000000001000000000000000101000001011010000001000000000000000100010000000101000000000110010000100010000000100000000100001010010001001010000000000000000000000000000000000100001000010110000
0000001001000000000000000010000001000000000000100000100000101000000000010000100000000000110001000000101100001000001000110100001000000000000000000000000000000000100000000010010000000000000000000000000000000000000010001110000110010000000001000000011000
1000000000001000000000011000001001001101100000000010000000000000000000000000000000000001001000001100000001101101000101100000001000000010000010100010001100000000100000000000100000000100010000001000000010000000000000000000001111000011100011000101101000
0110011000000000000000001000101001010000000000010100001010100001000000010000100100100000000010000001000000000000011000010000010001100000000000000000100001000000000000010000000000001000000000010000000000000000000001001000010101010100000000101001100001
0000000000100010110001000100010000000000000001000000000000001110000000000000010000101000000000000000010000000000010010000100000000001000000000100000100000000100100010010001000000010100000101000010000000010000000000000001000001000001000000000010100001
0000001001000001101000000000000010000010000100000010000001000000001000010000000000000000000110000001000001010000000010000000000010010000000000110000000100000001001000000000000100010000000000101000001010000000000110000000010001011100010010101010000001
0000000000000000100010010000000110010000100100000000001001000000000100010000101000000101010010100010000000000011000100001000001010000011000000110000000010000001000000001100000000000010000100000010100000100010000100010001000000000001000000110000010000
0010000000010100000000001001000000001010100100000010000001010000000100000000001000000000000100000000000000000000000010010100100010010100000010000000000000000000000001001000010100000000010000110100000000000000000100000000001000110000000000001000000000
0001000000101101001001001001000000000011000010011000000000000000000000001000010011100010000000000100000000010001001000000010101000100000100000100100000010100010010001000001001000000000001000000100000000000000000000001000000000000000001001000001000001
0000000000000000000001010100010000001000000000000010000000101001000000100010000000000100010000010000100000000100010010000100101010100000000100010000000000011111011000010001001000010100011100000001000101000000100000000000000100100000011000001000000000
0000010000001000001101000000000001000100000000101000000000000000000000000001000000001110000000000000000000000010000010000100000000001100000011000000000000000000000000100100000100000000100100001000000010000000001000001000000000100000000001000100000001
0000100000011001000010000000000000001000000000001000010000000000000001001010001100000000000010000000000100010100000010001000000000000000000000010000000001010010000101000010000010001001000000100100000000000010000000011001000101100000001001100000011000
1000001001100101100001001110000100000010000110010001000000000000000000000000010000000100010000001010100000000010000010010011000000001011011010000010000000010000000000010000100100011000000100000000000011100010100001010001000100000000001010001100110000
0000000100100100001100000010000000011001010100000100000000101001010000101000001000000000000000000000000101010000000111010000000000000100000000010100000001001000000000000000000000001000000000001001000101000010100000100000000000000000000000101100000001
1000000001000000000100001100100000010000101000000000000000000000000000100000000000001000000000101001000100000000010000000000010001000101010100010000000010001000000000000000000000100111000000001100110001000000100000000110001000110110001100000001000001
0110000000000000000000010011001001000010000000010000010000000001001000001000000000010000000000000000000000001000000000000010000000000000000000000000011000000000010000000000100000000010000000001000000000000010100001000100000000110000000000000000000000
0000100101011000000100000000000010110001000001010000100000000000010000000000100001000100000000000000000000101000000010000001101001100000000000010001000000000000000101000000000010110000101001010000100000001100010010000000000001000100000100000000011000
0010100011010000010000000010000000000110000000000000110100000000000001001010000000000000000000000000010000000000001100000000011000000000000000000010000000100100000101010010000000000000000100000000000101000000110001000000000000000000001000011000011000
0000010000000001000000001010000101000001000000000000010011000000000000000100100010000000000010000000000010000001110100000000011000000001000000110000110000001011100000000000000001110000000000100000000000000000000010001110010000000000000100000101001000
0100000010000000010000100010100000000010000000000000000000000000000000001000000000010000000001000001011110000110000000000000010000000000000001001100000010000000000010000000010010000000000000001000000000000000001001000101000000000000000100000000111000
1000010001000001111000000000000100000000000000010000000000000000001101100001000000101000000010001000000100000000000000000000000010000000000000000100000010010010001000000100110001000000001000100010010100000010100010000100010010100000100000000000000011
0000000000000000001000001000000010000010001010001010000011000101001001010000010000100001001010100010010110000001000100000011010010000000000110000100001101010000000000000000010110000000001001000001000000010000100010000000000001000000110010001000000100
0010010000011000110000010000000000000000000110000110000000000001000010010001100000011000000000000000000001001010000110000000000101001000000000000000000001100100000000000000000000000000000000001110010000011100010100000000000000100000010001101000000001
0000000001000010001110000000010000010100000000001010000110000100000001011000100010000000000000000000000000000000000000010010000000000000001000000010001000000000000100110000000000100000000000000010001000000000000000000000101001000000000000010000100000
0000000001001000000000001010000000000010000100100001000100001000000011100000000000010000000101000000000000100010000101000000000100000000110100000000000000010000010000000000100000000001000100000100000001100100100011000000100100010000010010000101000000
0100000010000100110010000010010000100100000000100000000000000101100000001000000000011000001001000001000000000000000101000000000000001000010000000000001000000001000100000000000000000001100000000010000000000001101000100000000000010001000000000001100000
0000000010011000010000000011000010110000101000001000000100000000010110100110000101010100000000000001000000010000000000110100000000000001001000010010000000000000001000000000000000000000000000000100000000001001000000000000001000000001000100000000000100
0011000000001100001001100100000000000100000000011000001100000001000000000000100100100100000000010000000010001001000001000000100100000001000010000001011100000000001001100010000000001000011001100010010000110000000011000000010000001100001000000101000000
1011100000001000100100000000100000100000000000001000000000000001010000000000000000010010001000001000000000101000000011001000000000001100001101100001000000000000000000000000000000000100000001000000000001001000011010000000001010001000000100000000010000
0000000101000010010000000000000100000000010000000100001000000000000000000010000010000010000011000001000000001000000100010000000000000000000000100000000010000100100010000100101000000000000000010000000010000000000011000000100000000010110100000000010000
1000000000000000100100000010001000000000010000110000000000000001100000100000000010000000100010000000000000001010000000010000000010100000000011100001100000010000000000000100001100010000000000010000000100001001001000001000000010000000000000010000110000
0000010100000100001000000000100001011000000001000000000100000000001000000001001000000100010000100000000000000001000100000000010001000100101001001000001000000000000000100000010000001001100000100000010000000101000001000000000000000010010000100000100000
0000000000000000010000000000111000000000100000010000010010010010000000000101001010000000000000010000010110000000001000001000000001000000011000000010010000111000010000110000000100101000000100000000000000111000000000000100001100001010100100100001010010
0000001001001000000001001000000000000101001000010000010010110010001010000100000010000000000100010001000000000001100000100100000100100000000100010000000000001000000000000000000000000000000010000000010000000000100000100000001100000001100000001100001000
1000001000000000000100100000000011000010000010001010000000000000000000000000000001000000100000100000000000000011000000000001010010000000000100000001011000000000000100000000010000000000000100000000000000010000000000000000100000010001000000000100000100
0000001001010000101000000100010000000001000000010000110000100010000001100000000001001000000000100000001100001000000000000100000000010000000001010101000001100001000000000000011100000000000001000000001000000000000100000000000001100000000010000000000010
0000000100000000100001001110000010000100000010000000000000010001000000000000000000100000000000000010000010000000000000000000010000000000010001000101000100010000010100000000101000100100000000000000000000000000000000000000010001100000100000000001010100
0000000000010110000000010100001000010010000001000000000000000000000010000111000001000001010100010000000000001000000001000001000000001100000000000001000010000001000001000000000000100000000000000100001100000000000000000000000001000010000000010000011000
0000001010000000000000000000000000000000100000001001001000000001011000000001000000100000000000010001000000000001000001000000001000100001010000001000000010000000000100001000010000010000000001001000010000000100000010000100010001001000000010000000000000
1 140
91 178
