250 250
0100010110100011000000000000000000000000000001000100000000000000001000001000100000000010001000001001000000001000001100001000000000001001100010000010010000010000010000000000100011000010000000000100000110000000000000100000110100010100100000100000010000
0110000110000000000001010000000000000010000000010100100000001100000000010000010110010000000000100000010010110011100010000000000000000000010000001011100000000110000000100000000001010000100110000010000000000000100010000000000010000000000000011011000000
1010000010000001000101100000000100000001000000100100000000000000000000001000010000000011000000000000101000000100001000000000010011000000000011000000000010010000000000000000000001000000011000000000010000000000001000000000000001000000000000000100000000
0000000001000000000001101000100000100000000001000011000000010000000010011010000010100100000000001000010100000001000000000000000000010001001100000001000000010000000000110000100001100010000000000000000000000000000010000100100010000100001000000000000000
0100000000000100000110001000010100000000000010000001100010000000011100000000000000001001000000000011100100100001010010000100000100000001010010000000100000000000000000000000000000010010100001000001000011000100000000000000100000000000100000001000000000
0000000000000110000000000110000000000010110000000000110000000000001110000000000110000000001010000010110001000001000000010011100000000000000011011000000110010001000000000010000000100000001010000000000000010000011000000000001001001010000000101000000000
0011000000001001000000000000001000100101110000000101100001101000000110000000100110001000010000000000000000100110010101110100000100000000100000001000101010000000010011100010001000000001100000000000001000000000000110000101000011000100000000000010110000
0001100000000000000000001110000010000010100000000011100010100000011000101000100000001010010000000000100000000111111010000100010010000011110000000010100001000000000001000000000000010000000100100100000001000101000000110010000100011101001000100000100001
0001000000000010000000000000000000000010000000000000010000100001100000100010001000001000110000001000000100100001100010000000110100000000000000000000000000000000000011000000000000010000000000000000100000100000000000000100001101000010000000000001000000
1000010000100010000000100010000000100010000000000000010000010010010100000000001001000100110000100000000000001001001000101000000000101000000010100000010000000000001000001100000100000010010001000000100000000010001000000000001000000000000110010000000000
1000000100001000000001100100001000000000100000000001000000100110000000000000000000000000000010001010100110010010000000010100000000000000000000101100000000000100000100001000010000000011000010100000000000000011010000010000010001000000000000001000000000
1000000010001000000011001000000111000000000000000000001000000010000100010000110000000001100000000000000110000100000000000000010010000001101010000101000000001000000000000000000010010001000000000000000000000000000000010010000001010010000000001010000000
0000001000110000000000000000000000100100000011000010000000000000000010000000001110000000000000000000000000000100000010010000000000000001000000010000100000000000000000000010000100000000000000000001000000100100000000011100100101010000000100010001110000
0001100000000000000001000100000000000010000000100001010001000010000000100000100000000000000001000000001000010000000000010000001110000010000000000000101010000001000000100000000000000100000000010010000010001000000000000000100000000010000000000100000100
0000000001001001000111000101000000001010100000000100000010000000000000001000011100000000010000000000001000000011000010010000000000100001001000000000000000000000110000100100000100000000000000001010000000000010000001000000001000100101100000000000000011
0000010001001000000010100000000101000100000000000000000100000011000000111000000001000000000000001000000100000000000100000101001000111101000000010000100010100000001000000000101010000000000001010000100000001100000010000110101000000000000000001000100000
1000000000001001000001000000000000010000001000001001000000000000000100000010110001011101010110000010000001001001000100000010001100100001000110000000000000000101000000000000000000000001000000000000000000000000000100010000000000000000000001000000010001
0000010000000110000100000000000001000000000000000000100000010000010101000000001000100000001000001100000000001100000000000000000001001000000000000000010001100011010000000000000001001000001000000100010000100000001000101000000000100000101010000000000101
0110001000000010000001100000000000000010000000000100000000101000000000000000001100010001000010000000000010011001000000000000000000100001000100000010000010000000010000000100000101010000000010000000010000000101001001000101000000010000000001000000000000
0001000001001010000001101001001000001000000101000000000000010000010001000000010000001100000000000000000001000000000010000100000000000010000001010000000010010000000001000001001000010001010100000000011100000100100000000001000100010000110000000000100010
1001000001110101000000000100000100100010100000000000010000000000100000010001001010100000000000010000011000000000000100000000001100000000000000000100000010100100110000000000101000000000001001011000000000001000001000000000000010101100000001010011000000
1000100000010110101000000001110011110000000100001010001000010000000010000000000000001000100100011000000000001000001000100100100000000000010000110100010000001000000010100001001000010001000000010010100010001001000010000100000000000110000000010100000000
0000010010000100001000000000001100001010000000000000000000110000000000000000000000100100000000010001000110000000000111001000000000011010000000000100100001101010001000000000000000000110000000100001010000000000010001000010010001101000001000000000000000
0000000000000000010000000000000000001000000001010010000000000000000000000000000000000000000000001100010000000000000000101000011000000100010001001100000001000000000000000000000000000000000000000011001000000000000000011100000000000000000000001000010100
1000010000001100000100000000000100001001000100100000100000000010101000000001010001010001010000000000000000000001000000010000001000000000100011010000001110000001100000101000010000000010000000110010000000001000000010000100101000010000000110000001000010
1010000100100000100001000000001000000000001001000000001000010000001101010000000000000100001010000000000010010010000000010001100000001000110101000000000000000011110000000000000100000010000010000000000001000000000000000000011000001101000000001000000000
1100001000010000100011000000000000000000000000010000010000000000100000000000101010000010001000100100000000000000000000000101011000000000000000000000000000100000010000000000000010000100000000100010010001100000010010000000000000000011111000000000000000
0000001000001010010000100000100000000010000010010000000101000000000000000000000000000000010000000100000100000010000100000101000000100000000001000100000001000000010000000010000000000000010000000000000000000000001010000010000000000100000001001000100000
0000000000101100000100000110000001000000010000000100000000001100000000000000000000000000010000011101010000000001001000101000000000010000010000000000000000111010100010000000000100000000100000100010100000000000000000010000000000000101000001000101101001
0001000000010000110010000000000000000000100000001000000001000000110000000000000001100001000100010001001000000000000000000010000000001000000101000000000010000000000100000010000000000000001000101100010100000001000000001000000000010000100010010000010000
0000000100100001000100000000000000001000000100011000000011000000001010000000000001101010011000001001100000000010011000000010100010010000001010100000000000000000000100000011000010000000000000001000000000000000000001000000100001010001100000000110000000
1000010000010000000000000000000000001000001000001001000000001000000100000010100010001000000000000000000001000010010100000001010000000101001100010000000000000001000010010010000000100000000001001010000000000000100000000100000000000001000100010100000100
0001001000000000000000100100000000000000000100000000101000000110101000110100001000000000100010001100000000000001000000000000000000000001000110100000001110110000001000000100000010000000110100000000000100000100000000000000000000000000000010000000000000
0000000000000110010001101001001110010001000000001010000000001000001000000000000010000000000000000001010000000001000000000000000000100000100000000100100000000000000100010000001000010000000000000000110000000010010001110010000000000010000000011000000111
0010000000011000000011000000000000000000000001000001000000000000000000000000000011100001000000000000000000001000000000001010000000000001000100100010000010000101000000000011010000000001010001000110011010100000000010000000001000100000000010000001000000
0001000000000010101000000100000010100010000000001100000000001100000000001000010010000000010100001010001000010000000100000000010000000000000100000100000010001000000001000100000001000000010000000000000010010100000000100001100010000000110011000100100000
0010000000000100000000001000000010000001000001000000000100100000000000000101001010100000001000000100110000000000001000000000000100000000000010000110000000000011000001010000000000100000000100000000000000000000001010000000000000000001100000010010001000
0010100000000000000000010001100000110000000000000000000000001001000000001100100000100011000000100010110000000001010000001000000000010001010010000001000000000100000001010000000000000000000000000100000001000000000000000000000010000011000010010000000000
0100000100000100000000001011100001000000000000000000000010000000010010001010100110001000011000100010000100000001010010100010000000000001010010000010000000000011000000100100101000100001000010100100000000100000000000000000000001001110010000000000000000
0000001100011000000000010000001000000000000001000000000000000000010000000000101011010001000010011010000111010000000001010000000100001000000000000000000000010010000100001000000010001000100000000011010000000000000010000000100000000010001000000000000000
0100010001000101000000001000000000010000001100010000001101000000000000010001000000000000000000000100010100000000000000000000001000000010001100000000000000001101000001100000100001000011001000000100000000000100000100000000000000101100010100000000000000
1000000001001001010001001000100000000000010000000000000001000100000000000000000000000001000010000000000010100000000010000000000110010010000000000000000001001100001000010000100000000000000010000000000010000011100010000000000010010000100010000000000111
0000010000100100000000010010001000000000000001000100001000000000101110000010000000100000000010000000010001000000001000000000000011010000000000111000000000000001011010100101100001010100010000000000001000100000000000000001101000100100000100000010000101
0001110001010000000001000100000010000010001100001100010010100010000101100001000000000000100000000000000100000001000100110001000000000100000100100001000010001000000100000000000000000100000100011110100000000100010000001000100010001001000001001010100000
0001100000000000000011001100010100000000000000010001100000000000000000000100000010100011000100000000001110000000000000010110101000001000100000000010000000000000000000000010000000100000000101000000001000000000010110001011001000101000000110000100010000
0000000010001100100000011100000001110000000000010000000001000000000100000000001000000010000000000000001001000000001001000000000001100000000000000010000000000000010010001000010000000010100011010010000101001000010000110100000000001001100010010000001000
0101000100100000010000000100100000001000000101000000000011000000010000000000100000001011001101000010010000000000000001010100100010001000010000100001100000110000100000011100110000000001000000010110000000000010000000001000000110100000010001000000000100
1000010100000000000010001000010001000110100000000000100000000000001000100000010100001000110001001001001001000010000000000010000100010000000000100000000000101100000010000100000000100000010000100000000100000010110100001000000100000000010000000001000010
0100100001010000000100000000000100000000010000010000000000000101000001000000100000000000100100000000000010000000000010001010000000010000100000000000100100010000000000100000000100110001000010000000000000001100000001000100000110100010000001000000001010
0010000000001000000000000000000000000000001100000000000000000001010000100000000000000100000000101010010100001000000000000000001000101001000010100100000001001000000000000010001000000011000010000000000001010000100000100010100100000000001001000010010001
0000100000000000000000000000000001000001100000001000100000100010000000111000000000000001110100000010000010100000001000000000100000010100000000011000000000001000000000010001000000010001000000000010010110000000000001000000010000000010000010010000000000
0001001000100000000000000000000100010100000000000000000000100000000001010000000001000000000000000000000010100100000000000010000100001001010000001000000000000000000100000000001000000010000000000000000000001000000010001000010000001000001000000000000000
0000100100010000000000000000110000000100000000100000000000000000000000000000000001000000000000001000000100000001000010110010000100000000000000000001110000000100000111000000000000010100000000110000000100000000000001001000000100000000000000010101000010
0000001000000001001000011000011000000100000000010000100001000100001000000000100010001000001110000000001000000001000101000000100000010000001000000001000001010000101101000000000000000100001000000001000000001000000000100011100000000000000010001001000000
1000001001000100000111000001000100000000000001100000000000000001000000000100000100000000001000000000110001000000000000000100000000010000000010000110000000001010000000000101000000100000000011000000010000000000100110011000000100001000000100000000000000
0000100000010100000001000001100000000000000000000100000000000000010000001010000100000000110000000000000000010000010000101000000000001010011000000000100000000000000100100101000100000100000001010000001000000000000000000000000001101001011000000000100000
0001101000100010000000000001001000001000010000000000000110000000000000000000000000100001000011000000101000001101010000101011000010001001011000001000000001000100000000010000001000000000000001000000001000100000010000001000000000100000000000000000001110
0000000000000010000001010000000100000100000001000011000000000000011000100000010100000000001110000000000100110000000000001010000000000101011000000110010000001000100000000000001000000001000000000001001010000000000001100000000000000001010000001000000000
0000110110000001000000001100000110010010000110000000000010010100000110000000000011010101101000000000000001000001100000000000010000000000000010000000000010110010100000000000100000000000000000000000010001000000000000010000000100000010001000000000000000
0001000000101000100000000001000000001010010010110000000100000000000000000000000100000001010000000000000000000001000011000000010000101011000000000001000100000000100001100010000000000000011010000000000000100000100000011010100000000000001000000000000000
0001100000001000000000000000001101100000010100000010000000000100001100000100001011000100011001000000000000000001001010000000100000000000000000000001011000000001100000000010000000100100010000001000000010000001001001000000000000001100000101100000001000
0000000000010000000000001000001001101101000010100100010010110100100000000010000000000000000101010010000000000001000000000000000000000000000001000010010000001100000001000000000000110010000100010000000010110000010000100011100000000000001000000100100000
0000010000001100001100000000000000100010100001000000100000100000110000000000000000000000000000000000000000010000010000000010000000000000110000100000000000100100101000010000010000000000000010000010000000100100000010010000000010000000000101011011000000
0000000100001000000001100000000010000000100000000001000000000010100000100100000000010010110000000011000000110010000001000000000000001000000010010000001000100000000000101100010001100000000100000100000000000000000100011000100110010010000000000000101001
0101001000011001000000010000000010000000001110100000001100000010000000010001010000000000000000101001000001010111000000000100001000000000000001100000000110000000000000000000000000101001000000110000001000010000000000011000100000010010000010010000000110
0000011000010000000000100000111000000000010000000110000000001010100100000100000001001000000010100000100000000000000000010100000000000000000000000001000100000000011001000000001000000000000000010100100000001001110000010010000010000000000010001100000000
0110001110000000000100000001000010000000000000000000000010000000000000001000000000010000000000010000100100000100000000000000000000000000100001000000000000001001110000000000000100000000000000000000000001000010000000000000001000100000100001001000010000
0000000000000000000000101000000000000001100000001000010010010100001000000000001000000000000100010000000000010001000000000000000000000100101011110000100000000000000001100000001000000000000010001000000000000010010000000010000000001010000001000100000000
0000000001000000000000000000110000001100000011010000000011010000001010000000100000001000011001100001010000010000000100000010101000011000000000000000010000000001000100000010000010001000000000001001000100000010000001000000000100000101000000000010000000
0000100000000110101100000000100001000000100000010000010000000100101000000100100000100000000100101000110000100010100010000000000001111000000010100000000000000101100000000010000000000000100000101000000000000010001000000000111000001000010000000001000001
0100000000100100001000001011000010000010000000110011000100000000000000000000000000000010000000100100000001001000000000110101011100000000000010100000000100101000100000000010000011000001000000000000000000000001110100110100000000000000000000100000001010
0001100000010010000001000000000001100100100000000100001000111010000010011100100000100000000110010010000000010010100000000100000000000000000100000000000000100000000100000000000000000000000010000000000100001110000011000100000010000000001000010000000000
0000000000100000000000000000010000100000011000000010000100100001001010100000000100000000000000100101001000000010000000000010001000000011000100110000000011000000010000001000000100000000000001000001000000010010010000010000000000000000000100100110000010
0000100000001010000101000000000000111000000010000000010001000000000000100000011000000000000000000001000010000000010000000000100000101100100000000000000000001001000000001100011000000000100000100000001000000000001000010000000101000010100000001000000000
1000000000000001000000000000000000010000100000000001000001000000010001000001000000000100100000100000000010010000000000000000001100000010001110100000000001001000000000011000010100001001100010010000000001000000011011000000000011100000010011000000001100
1000000010000010000000001010000010100000000000000001000001100100000100000000000000011000000001001000000000000001000100000010011000010101000000000000000000000000000000000000000000001001000000001100000000000100101000000010000100010001000010010100010000
1100011010001001000000100010000001000000000000000000000100000011000010100010000000000010001100000000000000110001000000010000100000010001010000000000011001000010000000100000000000100000001000000000000000000000000000100011010000001000010000000001000000
0000010000100100101000000000000000000010000000100100000000000000001100000011000001000101111100000000011000000000000000000000100000000010000001000000000000010000000100100000000000000110000000001000000000000000100000010110000000001010001100100001010000
0100000000000100001000011000000001010000001001010000000000000000010000000000000000000000000000000000000001110001000000001000010010000000000000000000000100001100000100001100000110000011000000010010001010000000000000000000000010000000111101010000011100
0100000000010001000011001000000010100000000010000100000000000100010101000100000100000000001000000000000010000011110001011000000000000001100010010100000001100000000100100100000010000000000000100001011000000001000000001011000000000000001000000000000001
0000000000000100000110000010000100000110000000010000000000000000100001000011000000010000000101000000000000100101000000000010000000000100101100010000000000000000000001101000000000000001000000000001000000000110000011000001000100000000010000000011110001
0000000010000100100000100000000001000001011000111001010000000000000000110000100000000001000000010101000001000010001000010000000110100000000100000000000000000000000000100000000000010001010000000000000000001001010000000000010100000000000000000001000010
0000010000000000000001001000011010111000000000000001000001000000000110100011000010011110010000000000001000000001000000000000000000000000000000100000100010000000000000000000100000000000011000000000010000000110001001100000100000010000000010010000000100
0000110100100010000001000010000001000000000010010010001100000000100100010000000010000000001001000010100010001000010000000110001000000001001000011001000000000000000000100100010000100000010000010100000100100100000000000000000000000010000100101000001000
0000000100000000000001101010001001000010000000100000000000011000000000000100000010000000000000000000110000000100000100100000000000100001110100010000001000000000000001100101000000010000000000000000001001000100000100010000100000000010000000001000001000
0100011000000000000100000110000000110010000010100000000010000000000000100000000000011000000000000000001000000000001001000000101000100000010000000100000000100011000010000000000001000001000000101000100000100011000001010110000100001001110100000000000100
0101100100000000001001100100001110000100100100100101000000010000001000000000000000000000001000001000010100000000001010000110010000101010000100000101000000010000010000100000000000100000000000000100000000000000000000000010000001011000000000010000101101
0000001000000000100010000001000000000010100000000100000000000000010001000000000100000000000000010101000101000000000000000000000000100000000101000000000001100001010010010000000000000110010011000100001000000100100000000000000010000001100000000100001000
1010001001000000010100000000000000000000000100101001010001010000010000100000000000000000000000000100101000010000000011000000000010000000000000110000001001000000100000000000011000000000000111000000000000000100000011100001010000000010010010000001000000
0000001000000000001000000000000010000010000000101000001000000000010001100000000000000101000001000100001001010000001000000011010000000010001001000100000000000000000100110000000001011001110100001001100000001110000000101000000000100010000000000000001100
1000000111010010000000010001100000001000000000000000000100000010000000001000110000000100101100010000010000010001000000000000010000000010100100000101000000000000010000000000100110100000000010101011011100100010100000000010100100000100010000010100000000
0000000000000010000010100000000000000100000010000000000000000110010110000000000000000000000100001101000000000000000000010000000000100010000000000100000000001100000100001000001000001000000100000000000000001011000010000010000000000100010010100000000000
0010000000100101000000000010000010000100010000000001000000110010000000001000000101000011000000000100100001100000100101010000000000110100000001000010001010001000000100001001000100100001000000001101100010000000000010000000001000100001000010000000000010
1010001000000000000100010001000001001001010001001010100001001000010000000000000010101010000000000001000000000000000000000000010001000000000000000000000001000000001010000110001000000000000010000000000010001000000110000001000000010000000100000000100000
0000000001001000100000000100001000000010000000011000001010000000000000000000000100100000000000000000000000001101000000101000101000011000000000010000010100000000010000010000100000000000000000000000000100000001010000001000100000000000011000001110000001
0000101001000010000000000001000011000010100000000100100000000010000000000000000001000001000000011000100000100001101000000000100000000000000000010000000000001010000000000010000000000101000000010000000000100000001000000010000000000001010000100000000010
0010000000000101010100000000000000000000100000100000000000011000000001101101110011001101000000010011000110000000000100001001000000010000010000010010000010011100100011000000000000100010010100000100000000000000000000000001000000010010100000000001000001
1010000010000000000000000101000010000000000000000000000100000010001010000000000000000000000000000100010010000001010001000000100100000000001011010010100101000010000001001100000000100100000001000000000000001000100000000000000000000000100100010000000000
0010000000010110000000001011010010000010000001000000000010000000000010100100010000100000010000001000000000010000000101000000000010000000000000000010010000000100010011000000100001000000100000010000000100000000000100000000000000000000000000001000001000
1001000000011001001010001100010000000010000000001000100000100000000100000000001001010001000000001000100100000101000000100100000000010000000000000000000001000000100000010010010000000000010000001000100001000000010000000000000001000001000001000000010011
0000001011000000000000000000000000001000010000100010001000000000000000011000000010110111000000000001011000000000000001001001011000000010000000100011000000010100010000011000000001011000010100100000111010000100000000000110000001100000000000100000000000
0110000000000000100000001100000010000000100000000010100100010000000010000000000010100010000000001010000100001010000001000000000010110000000100000001000001000000000000100000000110000000000100000000000000000001000000100001100100001100000010011000000000
0000000001000010011010000000000000100001100000000000000000010001001001000100100000010000000001000000101100000001000000000000000001000000000000000010000001000000100000000001000100000000000000010000000010000000000011010000000001110000010000100111000000
0000100000000000010000000100000000001000010010000110001000000010000000100100000100000010000000000000010000000000001010000000000001100000000000010101001001001000011000000001100001000000000010001000000100001001100010100000000000010000010000000010100111
0001010000000100000001000011000100110101000010001100000001010000001000001100010010001000000001000010001100001000110010000000000000000100100010000000100000000001000110100000000000101010000010001000000101000000000000010010000000000010010000010000000000
0000001100001101000000100000000000000000000100100100100000000001000100001000000000000010010101000000100001000000011000100001010000000000000000110000001000100000010000000000101001001000001000010000100000000000100100000001000000000000010000100000000100
0000101010100001010100000001000000000000000000000000010001000000000000000000000000000100000100001000000000000100100110000000001100000111100000010000001000001001000000000010000000000010000000000010110101000000000000100000010000010000000000000100000000
1000001100100000000010100010000001000000000000101000000000000001010000100000000000010000000001000000001000011001001100000000000000000000000000100100001000000000001001000000001001000000001000000000000000001100011001001100001000110111000010001000000010
0000000000001000000000000000000001000001000111000000000001000000000000001000001001100000001000000000001001101100001000000000000001101100010100000000000100100000100100000000000000000110000000000000000001000001000000000010010000100000100000000001010000
0000000001100000000110000000011011110000000001000000000100010000001100001000101000000100000100000100000010000000000000100010000000000000000000000000001000001000000000000100000000000000000010010001000000000000010000010000000011000010010100000000100010
0001000000000011000100000000001010000010010000000101000001010010011010000101001000001000100000011001000000110000000000000000000000000100000001000000000111100001000000001011000000000100010001000010000000000000101100000000110000000000000100000000100010
0000111000011000000000000000000000000001000100001000000000100000110001100100000000010000010010000000000000100001000000000000000000100000001001000000010000000000000100010100000100000000100001010001001000001000001000001100001000000101001100000100000000
0001011010010000000001010000000010010000010001000010010010001101000000000110000100000010001001000000100000100001000000001011001100000110001000100000000000000100000010000000100000000100100000000100010000010100000010000001000000100110000000001000011000
1000000010000011000110000000111000010010100000000000100000000010000000010100001100000000000010000000100010000000000000001000000000100000000000000000100100110000000000001011100000010000011010000000000000001100100000000000000001000000000000110000000100
0000000000000000011000000100000000000000000000000000000000010000100000010000010001000000010000100000000000000000000000000010010000001000000000000100000100000000000000000001000001000100001000001000000111100100100001000000000000000000000001000000000000
0000001000100001010111000000000001000000000000001000000010000000100000010011000000000000100000001000010010001010000001000001000000100000001110000100000000000000000010001001000000001010000000111100000100100000100010110000000000001000000101000000000000
0100000000001000000000000000000000010010000111001000001001010000001010000010100010101100100000000000000000001000101000011010000010000000000000100001000000000000000000000000110000000100001000010000010100100100000110010000000000010011000010001001001001
0000000010000000000000000100011001000010010000000000101000101100001010000100010100010000001001000000000001000100101100100100000000010000100000000001000100000000000000000010011000000000001100010000100100101010011100000000000001000100000000000000000000
0010010000000000000010000000001000001001000100001000000111100000001111000010100001000100000000000000000000000000000010001010000000000000000000011000000100000110010010000000010000000010000000000000000000100101000001000100000000100010000001001110000000
0000000000000000001000101001000000000000100000000000010010100010001000101010001000000000000010000000000000001000000010100010000001000100010000000010001000000000100001000000101100000000000000000001000000000010001010000100010000000001000010010000100000
0000100000000010000000001001000010000000010000000001101100000011000100000000000001001000000000001000110000010100100000001001000000010010001000100000000001000010000001010000100000000000001000001110000000010001100000001001000000000000000101010000000000
1000100000000000000000000100000100000100000000000001001000000011000101100110000000000000000000000000111000011000000010100010000000001000000000010000010001000000000000000110000111000000100000000000100000000000000101000100100000000000100000111000001000
1001001101100000000001000001001000000100000000000100000000000000010010010000000101100000001000001000000000000100000101100000000000001000000000000000001000001000010100000000100001000000000100000000000000000100000000000000100000100000000010010000000100
0110010000000000000000001100001001000000101001000000001000000000000000000100010010000001100010010001000110000000010000010000010000000000000000100000000100000000000000000001000010000000100000001101010100000110110000100100001000100000100000010100000000
0000010000000110000010000000001000011000001000100000000001100000000000000000100000101000000101000001001010000010000000000000000011010101000000100001000000000000000000000000101000001010000111100000000001000000100000000100100000000101000000000000011001
0000100000001000000000000000000000000000110001001001000100010100100101000000001100001000001000010001000100000000000100000000000000101000000000100010001000100000000101011011001001011000000010000001001101000000000000000000000001000000000001010000001000
0000100110000000100001001001100000000000000000100010010100000000000000000011110010000000000000111011110101000000000000001000011110000001001000000010100000010011010000100100000000000000000000000000000000000011000000000000000000000000100100100011000001
1100100100000000001010000000100010000000000000000000100001010011001010000000101101000000001010110000100001000011011000000000000010000101000010000000010001010000000010000010000010000010000000001000111000000100000000000000000100000100000000000100100100
0000000000010000100000100100000000010010000001001000000000000000000110111010000000001101011000010000100000000000101001010000000010100000100000000000000000000000000000010000000000010100010000000000001101000000000000000000000100000100000000100101100100
0000100000010000100100000000010000000000110011000101000000000000000000011010100000000000000010000010000001000001000000000101000010000000110000010000101000001000001000100000010000010100000001000100000000000000101000100010100010000010110000000000001010
0101000000100001001010000000000100000100000100000000010000000000000000000000000000000000000100000000000010000000100000001000000000100000000000000000000000000100010110000010010000000001000011000000000000001000000000100100111110000010001000010000000000
0000001000000101000001000000000000100010000000000000011000010100000000110000010001001000000001010010000000100010000010000001100010101001001000000000010010000100011100100000000010001000111110100000000000001111001000000001100101100000000001001000000001
0000011010000000100000000100100000010100000100000001001000000000011000001010110001000100101000011000010000000110000000100000000000001010100001101000011100001011010100001110001000001000000101000111010001100100001000000100000000000000001000000000001000
0000000000101100010001000000111010111000000000000000000000011100100000001000001000000010100000001000000011010100010001011110000110000111111000000000000000011001101000000010100000000010100000110000000100000000000000000000101000000000000100000000001000
0000100001000000100010000000100000000100000000000000001010000010000000100000000000000000000111000001010000000000100100100000000000000000100000000011000001000010000100000000101000000000000000011011000010000000000000100110000000100100000000000000100110
0000000010000001010100010000000001010010001000000010000000100100000000011010001000000000000000010000000010011000000100000000110000001001000000000000000000001000101001000010110000010000000000000000000001001000100000010000000000000001000000000100000000
1100110000010100000000010000000010000010000000010000000000000000000001101000000000001000100000000100000010000000000000000110000010000100000000100000100010000000100000000000000000100000010000000001110001011000101011010000000000000000000100001000000001
0001000000000010010100000001100000100000000000011000100100010011000000100100010010001000000010100101100000100000000010000000000000001000110000010010000000100000001000000100000100000000000011001000000000010000001010100100000100001100000000000011000000
0001000111000000000010010000001010000101000000000010001100000000000001001000100000000000000100000101000000001000000000100110110100000000000010000000100000000000110010001000000000000010000000000000000001000100000000000000001000010100000000011000100000
0000000000100000000000000000001000000010010000011001000000100010000101000010000100000001000100000001000000000010000000100000110000000000011000001010000000010000000000010000000010010010000110000000000010000000001000010000000001000000001001100000010100
1000001010100000000000001000000000000000001000000010011000000000000000001100000000000100100000000010000000010010000010101010100011001010101000100000000001100001101100000001000000001100100000110000001100000000010000000011001010000010000000011001010000
1000000100001000000000000001000100000000000000000010100000000000010010000000000000000010000011000000100000000000000001100100000001001000100101000110000000110011000000000001000000000000000000010100010000000000000000010010000100100000000000000100000000
1100001001000000000011000000000001000000000100000010010000000010010001010000000000000000010001010000000010001100000000100000010001001000000100001000000000000010001000000000000010010000000000001000010000100110000100000000000010100000001001000000010100
0100000010000000000001000000010000000110000011000000011010001000000100100000000000000000000100000100000000000010001010000000000110011001110000000010001010100000000001001000000000100000000010110010000001100100000010100000000000000000000000000001100010
0001000001110000110000100010001000000000000000000100000001000000100000000000000001001000001000101100100001000110010100000000000000110000000000000110010010000000100000010000011110001001001001000000000000000010011000001001000100011000000000000010001001
0000000000000000000011000000000000000000000000001010000000011000001000010001000001010000000000000000100010000000100100001100100000001010000010000000000010011000000000001001000001001000000100000000000000000000001000000000000000100000000010011000000001
0000000000010101100101000000000000011000001001101000010000000000000010010000000000000000000011001100000001000100001000001000000000000011010010000010000001101001000010101000000010101011011100000100001000000000000001000010001001000000000000011000000001
0000101000000000000001011000101000001110001010000000101010000100100001000001000010000010000000010010000000000000000000000000000100100000000000000100110000001100010000100000000000000000000000000000001000101000011000000000100000000000000001001101000010
0001000000010100000010001010010000010000000000000000000010100010110000100000000000000010000100000000000100001000000000000000000000000000000000000000000001100000000010010000000001000001001000100100000000000001111001100000000000000001100000000000100001
0000000000100000100001010000110000000000000000100001111001010100000000000100000001000100000000000000101000000000001001000000000100000000111100000001000000000000000000010000000000000000010000000000000000000001000000000100000010100000000010010000100100
0000010100011000001000000000000010100000100000001010100000000010000000000100000000000000000000000010001000000000000010100011001000000100000000000001001000101001000100000100000001001100000000000000000000010000000000000000000000000000000000000010111111
0000000000000000011000110000010000000000000100100010000000000000010010110000000000001000000001100000010010000000000000100000010101000000101000001110000110001000100000000110100000000000010000001000000100001010100001101000000000001010011000000000000000
0000000000110001000000010000000000000000000000000000111000000000000000001000000101000000000100001000000000000100000000100000001010000000001010000000000000000110000000000000000110100000000100000000000101000001001000000001000000000000000001000000000010
0000001000100000010000000000000100010000010000000100001010000000000000000010000000000000000000011000010010000010000001000000100100000110000000000000000000000010000000000100100000010000000000000001010000100000010000100100000000000000000000000000000010
0000010000000000111000011010000110001000000010001000101000000000000010000000000100001000010100000000000010000000000000011000000101000100000000000000000000011000000000010000010010100100100100000010000000000000000100010000000000100100000000100000000010
0010000000001000100100000010010000000001000000001010000110000000000000100001000000000101010000100000100010010000000000110100011101001001000001011110000100000100100000000000101010000000001000000100000010010011100001000001000100000000001000000000000000
0000110000000000001000000100000000001010000000100101100000000000110100000000000001000010001001000010000000001100010100000000000000000000000000100000000010000001100100000010000000101001000001010000000000000000001000000000000000001000011001000000011000
0000010001101110000000000000000000010001000000100010000000000001010010000010000000000000000000000000000000100000000000000000000000000000010000000111000001000010000011000010010000000010000000001000010000010000000000010010100010001010000100000000010000
0001000010000100000000000110000000100001100011000100100000000000000100000000100011000011000010000001000010100001100000000000000011000010000000000000000000100100000100010000000000001000010000010100001000010000000000000010100000010100001000010001000100
0000000010000000010010000000001000000110010000000000000000010001000000000000000000000100001000001000001000000000100000000010000010000000000000000000000000011001000010100001000000000001011100010000000100000000000000100000000000000000101100011000010000
0000000000000010000000000011000000000011010100000110000000000000100100000010000000000010011010100100000000010000000100000000001100000010110001101100001101001000100001010010000100000010010100000000010000000000000000000000000000000000000000010000010000
0101001110000001010000010100001000010000101000000000001000000000000100000101010000000000010000000100000001001001010001000000010001000001000101000000000010100000000000000010010100000100000000000000001000000001100000001101010100000000000000001000100000
0000000000010000000110000001100100000000000000000000100000101000000000100001000010000000110001000001010000000000000100001000000000000000011010000000000000010000001000000010000000100001000000000000000000000001100011000000000000000000100000100001000000
0110100001101110001000000000000010000000001000000000000000110000000000000000000001000011000000000000000000000000100000000100101000010000001000011100000100101101001010000000001100000001000000100001000100000010000000000000100110000101101000000000000000
1010001101000000100000001000000000000100000000000100001000000000000101000000000000000000000000000100000000100010110000100001100000000000000110000010000000000000001000011000000001000100010010000001000000000000100100000000110000000010101100000000000000
0000100010100000000010000000001000000100100010000000001000001000110000001000000000001001000000000100000100000100001000000001000001100010010101000100100001000000001000000100100000000001011000011000000000000001010100000000011000000001000000100100001010
1000000100001010000000100000011000100000010010000011011000010001001001000000000000000100000100001000000000000110000010000000011000000000011101000100000110000100000000010000000000000000000000000000100100010000001000000000001010001000010000000000000000
0001000000000000000000000010000001000000000011000100100001010000001000100010000000000010000001110000101010010100000000100001000000000000000100001000110001000000000000000110000000010010000100111000110001000000000000010000000011000000001101000000000010
0000000000100000010000000000000001010000101010010000000000000001000000100000000000010000100101000000110000000000000100000000010010000010001100100010100000001001000010000100100100000010000000110000001000000000001010000000000000000001000000010010111001
1000010000000000010010000001000000010010000000010000001000011001000000000000000101100001000000100001000000010001000000000000000011000001100010010010100011000000000000010000000000010010001001010001000000000000010001001000001010010000000100000000000000
0100100000000000000000110010001000101000000000000000001010010000000000001100010000100000100000000000000001100010000100000000001000000000100010001010110000000000000010000000100011100010010100000000000100000000000100100001000000000010001000000100001000
0110010000000000111000000100101001000000000100100000000000000000000010000000000000000010001011000100001000000010000010000000010000000101100000000001000010000000000001000000000100100000100000000110001000000000010000101010100010000000000000000000000100
0000000000000000000000000010100100010100000010000000100000111000010000100010000000000000000010100000100000000000000010001000000000000000000000100000000000000000011000101000100001000000010010000000000000000000000000000001010010000010100000001000000000
1100000000000000010000000010001110000001000010000000100010100000001000000000000000000001010100010000000000000010000000000000110000000000001001001000100000010000001000100011000000000000000000000100000001100000001000000000000000000000100010000000000000
0100000010000000001100000100000000001000100000010000010000000010001001010000001000000000001000000001010100100100000000000000010000000001000100000000000000000000100000000000000001010100100100001000110000000000001111001000000010000010000000000000000000
0000000001000000000001000100000001000000010000000001100000000000010101000000110001011000000010000000000001000001000000000001001000010000010000000100000100010010000000001000000001000000001000000000000000000010101001100000000000100010000000010010001010
0000000010101100000000000000001000000110000000000001001000000100110110000010000001000000000110000001000000000000000000001011001000000000010001000000111101001000100000000000010000001010010011110010000000000010001100000000000000100010000010000010000000
0001000000110000001000010001000000000000000000000000000000000010000100000000001000000000000000000000000000000001001010001000000000000010000000000000000000000100001000000000001100000000000000000000000000000000100010000010000011010010000000010000000001
0100001000010010000000001000000000000000100000100000000100000000010100010000101000100010010000001010000000000100000001001000000001000000100000000000000000011011000000001000000011011001010001000100000000000000100000110010000001001101000010100000000000
0000000000000001000000000000000000000100000000000100000010100000000000001010010000011000110010001000000000000000000000000001110000000000100001000001000010000000011000000000000000000000010000100001100000000000011000000000010100000100100000000000000000
0101000000000100101010000000111010101010100000000110011100000000001101010000011000000010010000000000010100011100100100001001010000001000000100000000100100001000000100100000000001010000000011000001011100000000001000000010100110000000000000000010000001
0110000100000011000110000000100000010010000010000000000001000000100000000000100000000000010000001000001000000001000001000000000000000011001010000001000100000100100000000000000001000010100000000000001001000110000000000000010010000000010000100101000001
0001110010100000100000000001000001000101010100001110010000000000000000000000000001000010000000000001010000000000010000010100000000000000011000000010000001000100100000000000101000100011000000000000110100000011010001100011000100000000000000000100001001
0000000000000000000010000000110100000000100110000000100000100100000000000000101000010000000001000000010100000000110000000000000000010000011010000000000001000000000001000000000000001100000001000101100000100001000000001000000110000000100000010010000001
0000000000000001000010000100000000000100000001010101000000000010001001000000000000000110010000000000000000000001000000010000100001110000000010000000010111000000000000010000001100000100000000000000000000000000000000001010000000100000100000000100000010
0000000000000000000000101001000000100000000000000000000000000100000111010000000000100001000010100000000100000110100010000010000100100000101000010000000000100000000000100000000100000010010001000001011000110100001000000000000110100001000000010000010010
0100101000010011000000001000101000000000000000010000000000000000010010010000000010000000000000100010000011010000010010000010000010100000000100000000000001000001010001000000000000000100000100010101000001000010000011100100010100000000000010010100000000
0000010001110000000000001001000000000000100000000000000010000000000001100000000001000000000000000000000000001110000011000000011000000000000000000000100000000001010000000000001101001000000011000100000000000011010100000000000010100010100001000000000010
0011000000010000000000000000000000010000000000000100000000000010000010000001001000000000000000010000000000000011001010000000000010000100010000101000000000000000101001010100000001000000000000000001011000100000000100010001010011000000100110000010001001
0000010000001000100001100001000001000001000010000010010000100101010000010000010100011000010000000001010000101001001000000001000000000000001001100000100000010000000000000000000000010100100000000010000100000000000000010000010000001000000000010101000010
0100000100000000000000000010010001010100000001100000100011000001000000100100000000100010000000001100000000011101010000000001000000000100000001000010000000100001010100000000000000001000000000001000000001100000000000001100011010100010100000000000000010
1000100001000000000110000100010010000000000000011000000000000000000001000000000000100000110100000000000000000000000000100001000010000010000000101010000000000000001000000010000000100000010000010010100010000110100010101000000010000000100010000000001110
0000100000000100000000010000000000000000000001000000000000000000000010000010000001000000001100010000000100001010000110010001000101000010010000000100000000011000000000001000000010000000001000000000010011011010000100000001000001000000000000010000100000
0010000001000101100001000000000011000000000000000000000100011000011101100010000010000100010001100100000000001010000100000010000000000000000000000000000000100000000001001000001011000000001000001010010010010000000000100000000000000000111000000000100100
0000000000000000000001001001010000000000100000000001000000001010100000000001000000000100001000000100000000000010001001000100100000000001010000001100000000000100100000100000100010010000000000000000000001000101100000000000010010100000001001000010010001
0000000000010110000010000000001000000000000000000010000000010000000011110000110000000000010001000000100000100011000000110100000110000010000001000000011110011001001011011001010000010100001000100000010000000000010000000101001000000000000000001000000000
1000000000000000100000100100000100000100000000000000000000010000100000001001000000110000001000000101000000000010001001000000000100000001000010000001000000001001000000000000000000001000100000000001000001000100001000000000100000000100011000000000000010
1000001010000000000100010001001000000010100000101001100000000010001010000010011000000000100001010000100000000000100000010100001010000000000100000101010000101000000011001000011000011000010000000001010000000010001000000100000000010000000010000000000010
0001000001010000000100000000010000000000000000000101000000000000100000000010000000000000100000000001000001001001000000100000100000001000100000010000011000001000000010100001000000010100000100110010110011000010000000000000010010000100000100000000000011
1000000000010000010001000010010001001100000000000010000000100000010101010000101010101000000000001000010100001011001000000000110100010010000000000010000001000000001000000000000001101010000000001000000001100100100000011000000000000000001000000000000000
0000001100110100000000000010000100000100000000000000000000010100000000101000000110000000000001000010000000000000000100100000000100000001000100000000100000000010011010000000000000000100000000000000000010010001100000000000000000000000110001001000001011
0000000000000100000000001001000010000010000101000000001000010000101010100000000010000000000000001010000000000100010001000000001100000101010000101000001000000010010000100000000100000000010100000000000001000100000001011000000010000100000000011000000100
0000000000000010000010001100000100000000100000100110000000000000000000010000000000000001100000100101000100001000010000101000001101000000000000110000000100000010010000010000000000000000000000001000101001000010000011000000000010001000001100000000000000
0000010000000000000000001000010000001100001000010000000000001000000001000000000000010010001000001010000010001001000101000010001101000000000000000001001001010110010100000000000000100000000100001100000000001000000111000000000000001001000000010000000000
0010000000011100000010000000110001001001011010010100000000000000000100000000010000000000000000100000000010001100000000000001010000100000000001001100000100000010010101000010100000011100000001100000000000000010000000000010001000000000000000001000000000
0000010100000001010010101000100010000100000001110110000100000001000010000000100000001011010100000000000000100101000000000000000010000000000010000000000000000010011000000000000001000101010000000000000000000010100001010100001100000011100000100100000000
0110000000000000000000001000010100100100000000001000000010000000000011100000000010010000100010000000000010000100101010010000000000001000000000000011000000000010100100100001000000000000010000000000000000100000011001011000001000001000000000000000000000
0000000000000000001010010000000000000000000101000010100011011000000000100001000010001000000001000000100100000101000100000000100100000010110000001001000000000001100100101010000000010000000000100010000001110000110000010000000000000001000000010000000001
0001100000000100010010000000001000100000110000010000000010001000011011000000000000001010001000000000100000000000100000100010000010000000011110000000000000001100010001000001010000011001001001000000000010100010000100001000001011000001000000110000000111
0000010000000000000100000000000100000001001000010010010100000000000000001000000100000000010000101100000000000000101001010000000000000000000010100000010000010001000100001001000100101000001000000000000000000000001100000000000000010000000000010000001000
0000000000000000000110010000010000000000001000000101000000000000000000001000000000001000000111000000001000000000000000010001000110010010010001000010101101000010000000001001010000000100100000000000000000000000010000101000001011100000000010000000000100
0000101001000000000111100001000001001000001101000011000000010001101000000100110000000000000010000000000100110000000000100100000100010000000000000000100010000001001101000001000001000000000000010001101000000000010000000001000000010000010010000010010000
0001011010011011000000000000000000000000000100000000100000100100100000000000001001110010000001000000000000101100000000000000000000010100001010001000001000010010010001000010100000000000000000000010100010000000001001000010001010001001000000000101000000
0000000001000000000100000100001000100000000010000010100000000000100000000011000000100000000000000100000000010000000010000011000001000000000000000000000000000000100000000000000010100011000000100000000010000100010010000000000000000011010100110001100000
0000000000000110000010010010000000100100100000000001000001010001000010000010100000000001000010000000001010010101000001000000000000010000001100000000000000010100000100000000100010000001000010000001000000100000000101100110001000000011000000010000000000
0010000001000100000000010011000000000000000001100001000011000000100000010000000000001011000000100001100110000000001101000110000000000101000000100000101011001010000001000000100001000001000010000000000000000010000100000000100000000000110000000000000100
0000000010110001111100000000010000000000000100000000001100000000101010000000010010010101000000001010000001000000000000010000110000101000100000000010000010101110000000100001000100100000000000000000000000010101000000010000001001000000000000010000001000
1000000001000000010000100101010000011000000000100000001000000010000000100000000000011011000100000000000101000010100000000101000100000000000000000000010000001000001000001000000000000000000001010000000001000000000001010000010010000000000010000000000001
0010000000000000010001100100000000000000000000010000000010000000000100000000000100000010000000000010000000010101000100000000000000110010000000000100000010100001010100000000000010011100000001001100100100000010000000000001100100010100010000101000000000
0000000000000010000000001000000010000100000100001000010000100001000000000001001000001000000001001000100101000001000000100000000010001010000000000000000000001001001000000000000000101000010000000000000001000000000000000000000100000001010000101010010010
0000101100000000000110000000000000000010000010000000000000000000010000000000000000001000000000001000000000000000100000000100100100010000110001000001000000001000000000000000000010000100000111000100000100010010000100101000000010001100000101000100000000
0000010100000100000010000000000101100010100001010000000000000000000000100000100000000000000001000000000100000100000000000000000000010010001000000000100000000000010000101010000000000010010000000000100000010000110001000100000000000010010000000000010100
0000000101000001000000100100001001000000000000000000100100010011000000011000010000000000000000000000000000010010011111000001100001001000100000100000100000000001100000010011000011000100000000001100000000000000100010010100000000000100000001001000001001
0000000000010000010000100000001000000000000000000000100000000000000000000110000000001101001000010000000000000000000000000110000000000110101000000001000000010100100000110100000000000101000000010011000010000110000000010000000000100000000010000000010001
1001000010010100010100000000000000000000000100001000000001001000000000000000000000110000100110001100000000100010000010000000000000000000000011001000010000000000000100000000001010000101000000010010011000000000010000010000010000010000000010011000100100
0010000000000000100010010000000001000000000000100000000000000101000000100000000000000000100000001001100100001010001000011010001000100000100010000000000000000000000001000010100000100110000001101000000000000000010000000000000100010000010000101000000000
0000000000000000000010001000000100000001000000010010000000000011000000100000010010010000001010100001001000000000010001000010010100000000000000010000000001001100000000000100000110010000100000000100000011100000000011000000000000000010000000000000000000
0000000001110100000000111000000101010000100000010000100000000010110011000000000010100011001000010000010100000000000000001001000000100000000000000000101101100001000000101000001100000000000100000011000100000000001010010000000000000010001000000000010000
0100000000100000000000000000000000100000100000000000001000000110001000000000001010101100000000000000001000010000000000001110010100000000110000001001100000010100000010000100000000000000001000100000000000000010000100100100000010010000100010000010000000
1000000000000000101001010001001000000000000000000000000000100001000000010000000000000000101000001000000001000000100000001000010000001000000000010000000110000000000101000001000010100000000100000000000000100000000000000000100000001000000000000001110000
0000000000000000001001000010000001000000000001000000010001000000000010000100000000000001000010001000000000110101101100000000010000000000000000000100000000000010100010001000000110010000000000010001110000000000000000000101000000000000010100100000010100
0000000100000000100000000000000000000000010000001010000000110010000000010000000001010000000010001000010000000000000000000001001110010100000000000000110101000000010110010100000010000000101000000100000010000000000000100011010000000100010000010110001000
0000000001001100000000000100000000010100000000000000001001000000000011000000001101000110000100000100000100111010000000000100010000010000010100000000000000000010000000011000000011001100010000000010000000000010000000000000000000000000000000000001010000
0000101001000000000010000010000000101000000000000000000011010010000010001000000000001000000001000001000001000100000000000010000000000100000000001000000000000000000001000000100000101000000000100000000000000000000000001000000010000111000011000000000100
1010000001100000010000000001100000010000010000100000000000010000001100010000000000001010001000000000000000000000011000000001000001000000100000000000000000000001001000001000000001000000000100000100000000100010010000011001000001000001000000010000000111
0001001010000100011000001000000110000000000000000000000010000000000000010000001000000000000000010000000000111100000000010000100001000001000001000011000110100001000110100100000100000000000000000000000010010000110010000000010100000010001100100100000001
0110101001000010010000001000000010000001110001000000000001000000100001000110000000001000000000010101001001000000100000100000000000000001010000010000000010010011001000100000000000001011000001000000000000010000000000010000010000101100000100000000000000
0001110010000000010010000000001000100000100010000000000010100000001011000000000100001000000101011001100001001111000100001000000000010000000000000110001010000100000000000000101000000000000000100100000100010010100001001000110000000000010000100110000010
0000001100000010001100000001000101000001000000000000000000000100000000000000000000000000000000000001010000000010001100010000000010010000000000001000100000000001001000000000001010100000000000001000000000010000001000000000011001110000001000000000010010
0100001010001000000000000000010000000000000000000000001100001100010101000000000100101001001010000001100110000101100000010010101000000000000000000000000000000000000000000011000000100101000001001010000000010000000000000001000000000000000000001000000000
0000000000000000000000110001100000001000000000010100000000100001000100000000000000001000000000100110000000000000100000000000000010000000100011000000110000000000001000100101100000001000000000000001000101010000001000000101000000110000010000000001001000
1000011001000000000000000011000000010000000000000101000100010100100000000010010000011000000010000100000010000010000000100000001001000000000000000110000000000000110010000000001100000000001000000000010001100000000100000100001000000000000000000001000000
0000000110000000000000001010000000010000001010000100111000000000000000000000001000100010010010000010110000010110000100000000000000100000000000100010000000101000000000000000000000000000000001000101000001000000000100000100000001000100101010000010010000
0010001100100000010000000001010000000100000001000000000010000000000000000000000000000100100000110000000011000000000001000101001000000000110001100000000000010000000001001000000000101001000000000000010001100001100000000110000000000000011000010000000000
0010000000000000010100110000000000010000000001000000010000000000100100110000000000000000001000011000000000100011001001001000000000000000010010000100000100000000100110100000000000000010000001000010001000000000100100100001000111000000001100000000000000
0000000000000100100001010100001000100000000000000110000011000000001000000000000000010101001000001001100000000000001000010000000000000010010000000001000010010000100010000000010100001000000000010000100001100000000101001010000000001000000001010000000000
1010000010000001000000000000000000000000000000000001010000101000000000100001001000010000000000000001001000001000000001100000000010000000000011000010010000000000000000110010001001000001100000001001011000010000000000000001000000111001011000100000000000
1000000100001000000100000001001000000000100000010000000010000000100001000000000011000000001010000000000000000000001001100000110000000001000000100010001000000110001000100000000000100000000110100000000000011000000100000100000000001000000110001000100000
0000000001000000100000000010000010000000000011010100100000010000000000000000001000001000000000001000000110100000000010011000000000001000001100000000000100000010000100000000000000100000000100000100000001000000000100100010010000010010000110000000001000
1011010001010000001100000000000110000000000001110011100000000000000001001001001100010000101000000000010000010110000000000000110010001000000001000001001100010100100000001000001000100101000000000000000000000000000000000010000000000000100000100110100010
225 203
137 75
