250 250
1000000111000000000101001000100100010000000011000000100000010000000000000111000000001101000000000000010000000010100000001000000000000101000001010101000100100010000010000000010010000000000000000000010000001011000100010000000000000000100000000000100001
0000000001001000000000000000001000000100000100000000100000000011000010000001000000100000000000100001010000000000001000000000101000000000001000001000000011000000000001000100000001100100000010100000111000000000000000100100000001000000000010001011100000
0000000010010000011010010000101000110001000101000000100100000000001000000000000010000100000000000101100000010000000000000101000001001010100100000110000000000010101010000000100000000010000000001001000110000000000110000000001000000000010000000100000100
0000001000000000000000000100000000101000000100010001000100000010000011000000000100000000000000100100010000101100010000100011000000010000001010010000000000010000100101010101000000000000000000000000000000000000000000001000010100100000101100000000000000
0000000100100001000000000000111001000000001000000100001000000000000000000000010000001001000000101000110010000000000011000001000000000000100000010000000000000100010001000101100000010001010010101100001010000001110000000000000010001100000010100100001000
0100000000000000000000000010000100000000010000000001100000001000000000000001100000100010000010000010000001011001001100101011000001000100000101000100000000101000000000000001011000100010110010100000001000000000000000101000000001000100000000100100100001
0000010010000000110000000000000000000000000100000000000101000000000100000100000000000100000000000000000000010000000000100000000000000000000101100100000000000000101000010000000100000001000110000000000000000010010001001000000000000001101000000000100000
0000010010000011100000000000000001000010000001000100000000010000001000010011000000000100100000000000101001100000000000000000000000000100000000000000000000001000100000010000010000000000000000000000000010000000010000000000000000000000000000000000000000
0000001000000001000000010000000100000011000010000000000001101001100000000010111000001100000001001001010000000000111100000000000000010011001000000010000001011010000000000100010000011011000100000000010000000000100010000000010000000000011000000000010000
1000000010000001000001000100000100000000001010000000000010010000100000010000000100000001000110000000000000000100000111000010000101010000000000000001001001000010100100000010001000110011000010100000010010100010000001100000010110000001000000001010000001
0000010100000010000000001000000001010000000001000000000000110000110010111000010000000100000110000011000000000000011000010100000110010000000000001000000100010000000110000011001000100001000100000000010001000001000010110001100000001010010000000001100001
1000100001000000010010000000000010000000100000000000000001000000000000000000000100010000000001000010000000010000001000101000001000001010001000000000000000000100000000000001000011011000001010000000000001000000010010110100000101011000000000001000000000
0000010000000001010100000000000000010010000010010000100000000000001000000000010000000000001100111000000000001000001000000000000000000000000000100000000000100000011000100001100000101001010100011001000000001110000001100000010010000100000100010000001000
0000010000100000000010000010000010001000100000000010000000000100100100000000000001000000000100010011011001100000000000010000000110101000010000000100000000010000100010001010000000100000000000000100100011000000000100000100100100001010000000000100000000
1100001000100000000100000001100000000110000000000010000000010010000001000100000000100110010001000110000000000001110000011000000010001000000000000000000000100000000100001110000000000001010000000000000000000000000000110010000000000000000000001110001000
0000001010000010000010001100001010000000100010010000000000010000000010000000000001000000001000111101100010001000100000100100000000000000001000011000000000000101000000000000000001000101000000000001000000000000101010001000000000010000110010000000001000
0000000000001010100100000001000010000010000000000000000100110110000000000100000000100000001000001000001001000100001010000000000000100000001000000001000000100010010000101000000001010000100000000011000010000010100010000011000000000000000000100000100100
0000000000000000000000001100001000000000100000000000000000000000000001000000000110100010000000100000010000000000000101000000010010000000001011010000100000000000000000000000100000000001000000000000000100000000000000001000000100000000000100000000001001
0010010100010000000000001011000000010001000000001000001010000000000000000000000000000010110000100110010000010010000000010110000001000000000000000000000101000000110000010100000000000100100001000000100010000000000000000100000011011001001010000100000100
1110000000000000011001001000010000000010000000000100000010000010000100000000001000000010100000100010110000000001000000000100000100100100100000010010010010000111000000000001000101000010000000000001000000000000000010000000000000001000000000110100000001
0010101000000010000001000001010000000000000000100000000001000000000000000100000010000001000000000000010000000110000000000000101000001010010000000000000000001000000011010000000010000110000000000001010001000010000010000010101000100000001000000000000011
1100100100001000110100000010000000000000000000000000001000001011010000001000001010000000000000000000001010100000001000000000000000000000111000110010000000000000000000000011000000000100010010001000000001000000000000000000001000000100000000000000000000
0001000001100001001100000000000000000100010000000010101000100000101100000000001100010000000010100000000010000100000001001000000000110001000000000000000001000000100000010000010100000001000100000100000000000100001010000000000000000100000010100000000000
0000100000100010000000000100000110011000101000100000000000000000000001000010100000000001100011101100001000001000000100000100000000000010000000100000100001000000000000110000001000001000000000000011000000100000001001000100000101111000100000000000010100
0000000000000000000000000010100000000000001000001000001101100010000000100010100000000001010010000001001000100000000000000010000000000100000000000000010000000001101101000000100010000100010000000000000000010001000000100000100000101000000000010010000000
0000000000001000000110010000000000000000000000000000000000101010000100010000000000010000000000000000111001000000010100010000000001011000000000000010100111010000000000011001010000010000100000100001000001000000000000010000000000000000000000000000001000
0100100000000000000100100000000000000001100000000000000000000001010100000000000101001000000000000000010001000000000000000100100001000000000000000000000100000010000010000010000000010000000000110000011000100000001000000000000011000000000000100000000110
1000000000011000000000101000100001000000001000001101000000000000000100000100000000100000000100100100000010100000010000000000000000000100010000000000000000100001010011000000000000001000000000010000000000001001000000000100000000001010010000000000000000
0001000000110000100000000010000000001000010110101100000000000100000000010000100100000000000000000010000000010000010000010000001001000000000001010000100000000000100000000000000000000010000011000000000000100000000001000000000000100000000000000000000000
0001010100000001000010100100001000001001100000010000000100000000010000001000010000001001000001110000000010000000000000000000000000100001000000010000010000000000001000000001100000010000000100000000001000001000000100100001010000000000010000000000000100
0011000100000000000000000000000101100001001001100000010000010000000101100000000000101000000010111000000000001000010001010100000010101000000000000000100000000000110000000010000001000001001001000010000101000000011000000000000000010000000000000010000000
0000000000100001000000000000000000000010000000000001000001000000000000010000100001000000000100000100100100000000000000000000000000000000100000100000001011000000000100100110000010100000101000000000001010000000101100010010100010000001000100000010011010
0000000010001000000000101000001000010100001010000100100000100000010001100000000000000000010000000000100110000000000100010000100010010001100000100010010000100000000000010000000100000000000001001000000011001000000011000001011000000000000001010100000010
0100100101000001010000100000000010000001100100010100100010000000100000001010000010000000101001000000100000000000010000000000000001001000000010000000101010001001000101000010000010000100001000000000100000000000001001100110101010100000001011000010010000
0000000010100100000000000000011000000000000000100000000000000100000000000010000101000010001100010010000100100110101001000111000000001100000000000100100001001000000000000000000100000000000100001011000000000000000000100000100010100000000000000100001000
0000000000000000010000000000001000000000000000000000001000100000101000010000100000000000010110001010000000100100010000100000001011001000000000000100000000010001001000000100100001000000000001000000000000000000100100000000000110100010101000000001000001
0000000000101100000010000000000101001100000000100000000110000010110000111000000001000000001000100100001000001000000100000011000000001000000100000010100000000101010110000000000100000000100010100000100010000010000000000000000000000010100001000000000000
0110000000010001001000111000001000000001000001000000010000001000000000000000000100000000000001100110100000010000000000100100000010000000000010000000100100110000100100110000000000000000000001000000010000000011000000000000000000000010000000001000010000
0000010010000000000000000000000100100000000000000000010000100010001000000000001010001000100000000000010001111000000000000000000000000000100010000000000001110000010000000000000000000101100010000010100001011000010001000000000000000000000001000000010110
0110100001000000000100000000000000100000000001000010000100000010000000010100001100000000001000000100000000000100000101000001000100100001001000001000010010111000000000100000101000000000000000010000000010011000000000001001000000001100000000000000000100
1000100000000000010100000000000000100011000000101000000001010010000000100010011000000011000001100000000000001000000100000010000000000100110000100000000100000010111101000000000000000000000000010000000000000000010000010000010010001000000100100000000000
0000000000000100001000000000010000001000110100010000110000001000001000000101000100000010000000000000001001011000000000000000011100000010100000001000000110000001000010000000100100000100000011000001000000010010000110101000000000000000000100010010000000
0000001010111000001000000000100001000000000000000010000101000100000000001000000000000000000000001000000100000001001000000010000000100000000010000101110001000110000000000000010000000010000010000001010000000001000010010000001010000000000001000100100001
1100000000100100000000010001000000000001000000000000000010000000011000000000100100000000010000010001001101000100001000000000000000100000000000000000100001000000000000000101000100100010000000000000100000010000001110000000000000011000100000000100000001
0010000100100000001000000010000000000010100000000010000000000100000001000101000000010000000000000000110100000000100000000010000000100000011111001000000000000000011010001000001000000000010110100000011010000000010000100000010000100110000010010000001000
0001000000000000000000100100010010011010011000000000001100000000010000000100010000000000000000010100000000110000110000000000000000000000000000000100100100000000000001010010000000000000010010001000100001100000110110100001000010010001000100000001000000
1100000000000000100000001010001010001000001000001000000010000010000000000010110001000001000000000010010000000000000000000000001000000000000100001000000010001110000100000100001010010000000010010110000000000000000000001100000010010000000001000100001000
0001000000001100001001000000000000000000010001100000001000000110000000000001000010000000000000000000001001000000000000000000100000100000000000000000111000000000000000010000000000000000000000001000000100000100000010000100001100000110000000010000000010
0000010010000000000001001000000000000000101000000000001011000000011000000001000001010010000100000000000010000000000100100001000101010010001000000000101000000000001000000100001010100000110000110011000000000101000000000000000000000000000000001000000000
0000000000000000000000000000000010010000000000000101000000100000000010000000100100000101000000100000001101000010000100001000010000000000000100000000000011010000100010100001000001010000000000000000000000000000010010000000000001001000000000000001001010
0010000000000100100001000000010000101001000000100000100000000100011010000010001000000000000000001000000000100000000001001001010000010000010001101100010000001100010000000000010001000000000001000000000000000010000001000000000000000000001000001000000010
0000100000000010100100001001001001000000100110010100000100000000000111000000110000000000000100000000000000000100100000000000000010000000000010000000000101000000001100000000000010001000001001000000000000010000001000000001000000000010101000100000000000
0000000000000000000000000001000000010100000110100000000000000000010000010000001101001000011000000000100000000000000000000000000000000010100100000100001000011000010000001000000100001000000000000000000000000000000000100100001000000110000001000000001101
0000000100100000100101000000000100010001010000000001001010100100000010001100000010001110000000000011000000000000000000010000000101000001010000010000010010001000010000000000011100000110000110100000000001101000010000100000101100001100000010000000010100
0001000000001000010000000000000010000010000000001010011001100001000000000000000100010100001000000000000010000001000001100000010000000000000000000110000000000000000000000000000000000000000000000000000001001100101000000000000000000010000000000000011000
0000000001010101000000000000000000000000100001000000000000010000001000000000000100001000000010000000001101000010000000011000000100000001000000101000010001011100000000000010101001000000010000000000010101001001000011010000110100101000000010000000000001
0000000000000101010100000000000000000000100110010100010000100100100001000000001000000101000001000000110100000101000010001010000000010010000000000000010010100000001000000000001100000000110001100011000000010010000001010000010010100010001001100000010100
0000001100001101001001001000000000000010000000010000000100001001001000010100000110000010000100000000000010101000000100100000000111100000100000000000010101101001000000110000010000010000000100000000011001001000001010011100001000001100001100001001000000
0000001010000101100001001001000000000000000100010000000000000000000010100101010000000001001000001000000001000000000010000001110000000000000000001110000000000000000000010000010010000000110011000011000000001000000110100010001000000000010011000000000001
0000000000001000000011001000000100100010000000000000000110000010010001000010000000000011000000100000000000000000000010000100000001000000000000000000000001000000010100001010000000010001000000100000000000000101100000000001000000000000010100000000100010
0000000000001010000000000000000000000011101000100100000000100000100100000100000000001000011000100011011000010000000001100000001000000000000000000100110000000100000000010000000100000010000001010000010010000000000000101000010000101000000000000100000000
0011001000000000100000001100000000100010010000011001000000000001010101000000001100010010010000001010000000010000000000100000000100000000000000110110110011001000000000001010100000000000000010100100000000100000001010000011001010000101100110000000001000
0000000000101101001000010000000000001010100000000000100000000011000000001000000000000001010100011000000000100100000010000000001000001000000000010000011010101000000001000001000000000110000100010001100000000000001000100001000001000000100100010010000010
0001000010000000000000000010110011100001000010100100100000000010000000000010100000000010010000000000000000000000010101000000000010001000001010110001100100000001000000000000000000000000000000010000100100000000000000000000000001000010000110100000000000
0100000010110000110001000000000000000011010101000100000000000000100000000010010001010100000000001001000000000000000010000100001000000000001001000000001000001000000000010001010010100000000000000000001100110000000000000000111000100000000100000000000000
0000001001001000000000100000100001000000000000000100100000000001010100000001000000010001001000000000000001100010100001110000000000000000000010100000010000000100000000000000000000001001000000000100000100000000010000001000001000001000000011000000000000
1010001011001001000010010001001000010101000000001000000010010000010000001000100001000010001000001000101000000100000001001000000000000000100000000101001001000000000010000000000000000000000000000101000001100100000101010000000000000000000000000000000000
0010001000111101001000000000100000010000000010110000100100000001000000000000000000000000001100010000000000001000110010100000001100000000000100000000000011000000000000001001000000110001100000001000000011000100001000010100000000000000100000000010001000
0000010010000000000000001000000000100000100100000001010010000010000001001010000000011000001100000000000000000000000000000010100000100000000000000000000000001010000000000000010110010001000100000000000001000000000000100100000000000000000001000000000000
0000000001000000000010000010010000010001000010011001000000001000010100001000000000100000000010100100000110010001000000000100000000000000000000001010001000000000011001000000100011100001000011000110001000101000100000001000000001010000001100000000000010
0000010000010000001010101000010000001000100000000001001000000000000000100000000000000000000000000001001100000000000000100100101000010000000000100000000100000000000000000010010000000000100110000001000000001001000000000000001000101001010001000000000000
0000000000000000010001010001110000000000000101000100000100011000000001000010010000000010000001101100001000000000010000000100000001000100000010011000000000000000100100001101000101010000000000000000010000000000000100000000000100001000000100000000000010
0000100000000000000000000000010100000000010010010000100000000100001000000010000000000000000001110000010001000000001000000000000000000000000001000001000000000000000000001010000011000010100000000011000000000010100000001000100000010000101010000100000111
0001010000100001100000000000010000000000000000000000001100000000000000010000000001110000001000000000000000001011000100000001000011010000110000000010000000001010000000011000010000010010100000010010000011000000001000000011001100000000000000010000000110
0000000001000000010100000000100000100001000001000000110000011010011100000001010000010010000000001000000100110000000000100000100101000000000000001000000100000001101100000000000000000001000100010010000100001000001000000000000010010000000001001000100000
1000110000010000000000000000000000000000100000000000010100100001100000100010001000000100001110010001100000000000000011000000000000101000001010100000010000000101000000100000000000001000100000000000100000000101110000000000010001001000100000000100010000
0000100000001000000000000100110000010000000000000000100010010010001100010000000000001000000000001000000010000100000000100001011000000000000100010000100000010010001010110000001000000000000000000000000000000001110000000101000000000000000000000000100100
0110010100111000000011000000010000000000000000010001000000000000000000100000000100000000001000000010000000001000010000000000000100100100100000000100000000000110000000100000011001001110011100000001000000000000101000110110000100010010011001000001000000
0001101000100000000100000000000000000100000000000110000010011100001000100000000010000000100000000011000000000000100000000110000010001000000000100000000110000100110001110100000010000000100000010000001000010000010000101000010000110000010001010000000000
0010100000000000100000000000010000100000000000100001010000000100011000000010001010000000000000000100101001000110001001001001011100000000001000000000000100001000000000000000000000010010000010011000000000000110010001010000010000010000010000000100000010
0000000000001000000000000100000000000000000010000011000101000010000011000100000100001110000000000110000000000001001000000001010000000000000000000000000000000000000100000010000000100000000000000100100100001100001000000010001000100000010000001001110010
1000000010000001000010011000101000000000100000000000110100010000010000000001000000010000000010100000000001000000001000100000001000010110000000110000000011010000000000000000000000000111011000000000000000010000000000101000001010000000100010100010010000
0000000000000000000000000000000000000001001001010010000001000000100000011000000000000100000001010100010001010000011011001000010000000000000001000110000000000100000000100000000010001000000000000000000000000000100000000000001000001000100100000000100000
0000000000000000000000000110000001000000010000000010011000010101100010000000000000100100000010000001100010000110000000010000000100001001000110001100011000100000000001010110000000100000000001000001010000010011000011000000000000000001001010010000001000
0011000000010101000001000011000011000010000001000100000110000010100000100001000000000000010010000000100001000000010010000000000000001000100000100000000000000000000000000000000000000000000000000000101000011000110000000100000010000001001001001011000000
0000100110010010000000110100000011001010000000100000000000001000000000000010010000000110000011000000001100000000001101000000010000010100100000001000000100000011000000000010101000000000000000010000000000000000000001000001000000000000000000100000100000
0000000000000000000000000000000000000000000000100000001000110001001000001010010001000000001000001000000010001000010000000000010100000010000000000001001100001000000100010100000000000001110001000000100000000000001000000000000101010010000000000000000000
0110000000000000100100000010000001100101001000000010101000000000101001000000001000000000000000000100000000000011000000000100000001100000100000000000000001010000000010001000000000101000000001000000000000100000001000000010000011100000100000000100000100
0100000001100000100000000110010000100000001000001010100000100001000110000010000000100000000000000101000010000100000000000000000100010000000000101000001000000000000010000110000010000010010000000000000010100001000001000000011100010000000000000000000000
0000101000001000010000100000100010000000000100000001000100000110001000000000000100001101000000000100000100000000000000010000001000000000000000010000000000000000100000000000000000010000001001000000001000000000001000000101000000000000001000000100010000
0100100100000000100000100000000011001010000000100001000000100101000000011000001000010001000000000100000000101010010110000000000000000000100010000000100001010101101000000100000101000000010000000100000000100010000000010101000001100000000000000100000000
0000100001100000000000000010000000000000000001001111000000001011001000000000000010000000001000000010000000000000001100000000000100000000000000000000100001100001000000000000000100001000100001000000000000000000001000000100001001000000001000000001000000
0000000000001000010000000101100000101000000000010010100000000000000001000010010000001000010100000001000001010000001001000000000000000000000000010000000100000100010000001000100000000000100100010000000001101000010000000010001000010000010000000100000001
1000100010000101100010000010100010000000010000100100000100000000000100100000110000110000000100000000000001000000000100100000000100001000010100000001000000000101000100000110010000011001000100001001100000000010000001010001010100000101001010000000000000
0000001010000000010001000110000010011000100000000000001000000000011001000100000011000100000001011000000000000110000100000000000000000011100001010000100000000000100000000001001000100000010000000100000000000100101000101000000110110001000000000000001010
0000100000110010000000001000001000000000011000000000001000001000000010000000000010010010100000000000011000010000000010010100000100010001000000110001100000000000000000000001000000000000000000000000100000100000010000000001000000000011000100100000000100
0000000000011000011000001001000000101000000000100010001000000010000000110110000000000000000010000001000100001000000000000000000000000001110000000001000000000000000001000011011100001000000100010000010001000101000000000000000001100000000010000000001010
0000101010000011000111000000010010000000000001000000100100000010000000000000000110000000000110101000100000000000000010100000000101010000000000010000101000100000000000010011000011000001000001000001000000001000110010000000000000101000000000000000010100
0000000001000010000110000110010001010000100010101000000101000001000000000000010000100000000000000000001000000100100000100100000100000000000101000010001000001000000110110000000000000100000000000010000000010000000000000100000000010000000000000001000000
0001000000000100000100010101000110001001000101100010000000000000000000100010000000100000001010000000011100000100100010000000000000010001000000000000011100000100000001010001100000000000000000010110000000001101000010000100100000000110010010000000100100
0000000000101000000010000100000000010000001010000000001010000000011100100010001000000000000000010000101000100010000000100001000000010000110100011000010000000000010001010000100000000001000011010000100000011010000000000000101001000010011000000111000100
0100100000000010000000000000110000100000000010001001000000000000000010000000000001110100001100000001000001000000000000101000000000101000010001010001010000110000010000000000000100010000010000000001010010000001000100010000100000000010001000011100100100
0000000000000000000000000000001000000000000000100001000000010100001000000000000000100000000000000000000000011000010000001100001000000000001010011000000000000110010000000000011100000000010000100001010000000000000000000000000000000000000010000000100000
0000010000001100100000001000000000000000000000000000000010000101001010000000000000100000000000101000000000000010110000000000000000000000000010100000100001100000000100000000000000000000010000000100100000000000001000000000000100010000000000010000000101
1000000010000000000101010000001000000001000010000000011000101001000000001000101000101010000000000000000010101000011001000000000000001000000000001010001000110000000001000001010001000100000000100100011000000000000000000000000100010000100001100000110000
0000001000000000000010010000000010000001000000000000110010010000000010000000000000000000100010100000000000000000010001100000000000100000010100000100000000010100000100100000000000000000000000000000000000000110000001000001011000001100000010000100000011
1000000000000000000000000000000001111110000000000000000010100001000001000000010000001001100000000000000000100000000100111000100000010100000100000000001100001000000001000100000000100000011000010000010000010001000000001001000001001110000000001100000000
0010000000000000100000000100100100010000010000000000000010101000011000110001000000100010001000101000001100000000001000000000000000000001000000100010010000000000001001000000000110000000001000000001000000001000000000000000000000000111000100010001000101
0100000000000000110100000000000000001000000000000001000111000000000000000001000000000000001001000100000010000000000000000000010001000100010100000000010110010100000000000000100000010000001000110001010010100001100000000000111000000000100000000000001001
0001000000011000011000000000000000101011100010000000000000000000000010011100101000000101100001000000000010000000000000100001100000000000000000000000000010000000000001000011010100000100000001101000010000100000001100001000010000000000000000100000101000
1100000001000010000100000000100000100000000000001000000100000000001000000010010010000001011000000000110001000001000010010100000000000101000000100010100000001000000010011100000000000000001001000010000100000000000000000010001000000011000100000100010000
0001000001000000000000000000000100000000000000000000000000000001000000000000100000000000000000001001000010000000000000101000000000110000010000100000000000000010000000000001000000000000000000110001001010000000010100000100100010000000010001101000000000
0000001000000001000000000000100001010000000000000001000100000000000100010000000000100000000000010001100000000000000000000001001010100001000000110000101000001001000100000000001000000000010001000000100000000000000010100000100010000010000000001100000001
0000000000000100000100000011001101000000001000010100000010000000000001000010001000000110000000100110001000001001000000101000000010000101000000000001010000011000100000100001000000000010000000100101010001000000000010000010000010000000001100000000001001
0000000100010000000010000010001011000000000000101110010000000010000001000000000001000000001000000001000000000001000001000000000010011000000000000000000000100000000000000000000110000000000000000000000010000000100100000101000000000100000000000001000001
0000000000000110000000000010000000000000100010000000000000000000100000010000001000000000000000000010100000000011000000000000010101100000000000100000010000000010001100010000010100000000010010000000000000000000010001100000100000000000000010011010000100
1100000000000100100000100001010101100000000110001011000000000000000010000010000000010000000111000000001110000000001011100000001000000000000000000000000110000000001010000101001010001000000000000000010000100000000001000100011000001100000001000000000000
0000000000100000001000001011001001000100100110100000000000000000000001000001000000100000000010100010000001010000001010010000001011000000010000000000000010000000111000000001000000000000000011001000011101000000000000000001000000001110100001100010010001
0001000010010000000000100000010100000000000010010010001100001000000000011000000010000000100000000000100100010010000000101000000001010010100001000001000001001000000000100100000010000000000000000101000000000000000000001001100000000000000001000001010000
1010101000000000000000000000100001000000110000100001000000101000100000000000100010000100000001000100010000000001000000010000110000000010000000000010000101001001000000100000000000000001100011000000110000001000000001000100010100000001000000111001000000
0001000000000000010000010101000100000000100100000000000000000000010001011001000000000001001010100000000000010000000100010101000001011000000000000100000000001000000001000000000000000100100000000000100010000000001000010000000101001100000000000001000100
0101001000100001010000000010000000010000000000001100000100000000000000000001010000000000000000000010000010011000000100100100000001010000000000000000000000000100010010010110000100010100001000010001000001000000100001000000101000011000100000100000100100
1001000001000100010100010100001000100010001000110000000001000100000101000000000000000000001000000000000000010110001110100000000000100000110111100000110000000000000011110000000001000000000000000000000101000100000000000000000000000010010000000010000101
0000000000000100100101101001001000000000001000000000000100000000000001010000101001000000000010001001001101000000000000000001001000000100010000011000000110001000000000001010000000000000000110101000001100000101000010000000000000010000000000001101000000
0000001000000000000000100100000010010000000000000000001000000011000000000001001000000000000001001000000010000000000001100001000000000000100000101000000001001000000000000000001000010000000001000000000000001011000000010001001011000000010001101000100000
0010000100000010001000010010100000100000000110001000000100000000000000100001110001101101000010000100010010001000000001000000000100001000000000010000000010000100100100000000001010000001100100010001000000000010000000100010001001000000000000010000000001
0000000000000000000000000010010100000000000000000101000000000000001000000010000000000000000000010000000100000000000001010001000000000010000000100000110000100000001001000000000000000100000001010000000000011010000010000000000000000000010100000100000000
0100001010000000000000000001000001000000100000010000000000000000001010000010001000000010000000000000000000000100000010000000000000000000010000000010000001000000001000000000000000000000000000000000100000000000110010101000000000000000000001000000001000
0001101000011001100000000000000000000000000000000100000000001000100010000000000000000000011000000000101010010000000010010000000001000000000000100000000000000110001001000000010000001100100000000101000100010000100001000000000010001000000100010000000000
0001001000011010101100101000000010000000000000000101001000101010000100000001000000010000010110100100000001001000100001000000000000000100010000001001000000001000010000100000000000001011000000000000000000100000010000000110000000100010100010000000100000
0010000000000000000000000000000000100000000100000010000010100001100100100000000000000000100000001010010000100000010000001000000001000100000100100000000001000010010000100000010011000010000010100111001100000100001000000000000000010000100000100000000000
1000000001100000000110010000000110110100010000000100000000000000000101000000010100000000100000100000000000000000000000000001100001000000000000100010000000001000100010000000000000000000000001010000010000000010000010000000100000010010100000110100000010
1110001011000000000000011011010000110000000000010010100000010001000000010000000000001001000100000111000000000001000100010000001000000000000000000000000100000000000000000000000000000000000000000000010000000000000001000100000010001010000100000001000010
1010001000010010001000000000000001000001010000000001010000010000000000100000100010000000001100000001000001000011010100000100000000000011001000000000000000000000000001000001000010000000000000001100001001001001000000101000000000001000000000000000000000
0001000000010000000001001000100000000000000000010000000001110000100001000000001000000000000000000010001000000000010000000000000010010110100000000000000001100000000000000001000100010000000100000000010000000000000000000100100010100000110100000000000001
1000001100010001000000001010000000000110000000000000100100000000000000000000000000010010010000010001010001011000000000110000010001000010100000100000010010000001000000000100010100000100100000000001110000100000000000000000000000000001000000000010000110
0000000000000000101010010000001001000000000000000001101000000000001100100010010001001000000000010010000010010010100001000000001011000010100000000000000000000111000000000001000000000000010100000001010000011000000000001010011000000010000010100000000000
0110000001001000000100010100000000100100010100000001010000000000000001000001000100000000001000000010000000001100000000010100010011001011000000000000000010010001000000000001001000000000000110000010000000001000000100000000000001000000000010010000000001
0100100000000101010000010010000000000000100000000000010010100010000100000010000110000011000000000100000100000000001010001100000000000000000000001000000100000000100101001000010000100000010000101001000000000010100000000000010010000100101000011000000101
1001000000000000000010100000001100101000010000000100000010010000010000000100000000000010000000000000010100010000000000000001000100000000010001010000000000001110100011100000100101001000000000000100000100001000000001100100100010001000010001000010000000
0000010000010000000000010000000000000001000000100000001001011010000000001000010001110000000001000100001000010011010001000010000001000101000000000000000001010100000010000001000000000000000100001000000000010100000000000000000000010000000010000000000010
0010000000100001000000000001001001000000000111100000101110000000010000000100000000100001000000000000000000010100000000000000001110010100000000000000100001000010001000000000000100110010000010000101000000101000000100000000000000001000000110000110010000
0000000000000010010000011000000001001000101000000000001000111000001001001000000000000000001000000000001000000100001001000010000000001000011000000000010100000000010010010001000010001000010010001001000010000000000000000100000000010000010011000000000010
0000001000010100000101000010000100000011000010000000000000001000110000000000010100100000110001000100000000000100110000000010000000010000000001000000000101010010000100001010010000000001000010000010000000001000000111000000000000001000100000001100100001
0001000001110000000000000000000000010000000010000000000000000010000000000000000100000000010000000100000001000000000000000110010000000000000000000100000000110000000010000001001000000000001000000011000010000000100000010000001000000000000010010010000000
0010000000000000110001001000011011001000000000100010010000000000010001100000000000000000000000001000001000000100100001010000100000001000000000000000000100001000000010000000001110101000000011010000000000000000001001000000110011000001000101000000010010
0000000100110000100000101000001000000000000000000000000000010000000000100000011000100000000100000011000000000000011100100000100000100000010101010100001100000010010001010000000000110010000000010100010110100011000000001001000000000000000000000000000000
0010000000000000001000000000000100000000000000010000001000010000100000000000000001000001010000001000000000000000000001000011011100010000000100000100000000100001000000000000000010000000000001000010000000000000100000010000101000100000000000110100101000
0100001000000000010100001010000001000100000001000000010000000010010000000011101000000000001000000000000010001000000000000000000000000001000011110000001000001010011010000000000000000000000000000100000000000000000000000001000010000010000010001100100000
0011001110001000001001100101010000000100100000000010000000100000000010100011000000001000001000000000000000100000010000000010000000000010010000001000000001100100001010010000010000001100000000000000100100010000000100001000100000000000000001000000010010
0011010010011010001000100000000000000000000000001000000000000000010010000100110000000000011000000000101000000000000000010000000100000000000010000100010000000010100000010001000100001111000000000100000000100000000000110000110100000010101010000000100000
0000000000011011000000100010000100100000000010100000000010000010000000001000100010000010000000000000000010000000000000100000001000000000001000110000000001000000000000010000000100010000000000001001000100100000000000000100000101000100001000001000100000
0000000100001000010010010000010000000000010010001000100000110100000000000000000101000000000000100001000000001110000000000110010111010000100001000000010000100001011010011100100000000001000100010101010000101010000000000100000000000001000100000101010000
0111010000000000010000011000000100000001000010000000100001000000001000000000000001000001000000001000100000010000001000000101000000000000000001000000100000010100000001000000010000110000000101000001000000001011101001001100110000011100000010001000100000
0010001000000000000000011101000000000000111010001000001000010001000000000000000010000110100000000101000001000000100001010100010000000000100000010001110000000100010010000000100000000000000000000010000000010000000000000000100000000000000000100000010000
0000001000000100010000000000000100000000000000000001110011000000000000000000000000000100010000000000100100010000000000000010000001000000011011001001000100000010000000100000100000000000000010011000000010010001000000000010000000100010001000010010000000
0100000111000000110010000100000000011000000000000000000100100001001001010000000000000000000000000001010110000001000000001000000000110000000000000110000010000001010000000000000000000001000000010000101000100100000010000000000000000001010000110010001000
0000010000000000001010000100000000010100000000000000000000100011000001100000001000010000001000000000010000100000100000000000000000000000001000010000100001100000000001010000010010010010010001000000010010000000101000000001001000000000000010010000000010
1001100000000000010000000000001010010010000110000100000000001000001000001100010000000000000001001010001011000000010000000000100000000000001000001000000001000000000100000000000000001000000000000000000000001010000011000000000000000101000000001010110101
0001000010000100000000010010010100000000000000000000000001000011000001000100000100000000000000000000001100000000001100010000000001000001000010000000010101001001010000000100000101000001000000000000000100100100000000000100000110001000010100000000000000
0001000100000000000000000000100010100000000000000000000000010000000000110000000000000000000001000000000001000000000000000100001001100000100010110000000000000001000001100000000000001100000000000000110011000000001000000100000000000000001011001000100000
0000000010000000000001000010100000001010001010000010000000000000101000000000010000101001000011000000000100000100000000100000000000100000000010000001100010000100000000010001000000000000010000000111000100000001000001000000000010000000010010000000000000
0000000010010001010010000001000000000000000000000000000010000100000000100000000000100001100000000000000000000010100010010000000000100010000001000000001000000110100001000000000001000000100000001000001000000001000000001000000000000001100000010000000011
0100000010000000001010000010010001001100000101000000000000000000000000000100000000000000000010010000000001000000000000000000000000000000000000000000011000000000000100010101000000000000001001001001000000000001100000010010010001010000001000000000000001
0001101100000000010100000000010000011010001000010100100000000000000100000100000000000010100110000000001100100010000001000000001010000000100000000000000000000100100000010000000000100000000000000010000000000111010000000000000100000000000001001010010100
1000001000000000010000010010011000000001001010000000101100000000000000000011001000001000111010011000000010000001100010000000011000010000000001000100000100001101000000000100000000001000100000001000000010001001000010000000011001011100000100001000010100
0000000000000100010000000000000000000000100101001000000000000000000000000000000000000001000000100100100001100000000010001000001000100000100000000000000000100000000000000001000000010000000000100000000100000000000000000001000000001000000001000010100000
1000100000100010000000010000000000000000010000000000110000001010000001000000000000000011000100010001000000000000110001001010000000000100000000001000001000000000000001000100100000000010000000000000001000000001010000000000001000100000010000000000100000
0001100100000000000010000100111000000000010100000001000110000000101000100000000011000000000001000000000001000100000000000000001000001000010001110000000000001000011010110000001000010000010000000000001010010110000000000000000100000000000000100010001000
1100100100011000000000000000000001000001000001000000010000000001010000000101000000110001000000000000000001000000001000101000001000000100010000100000000000000000000010001000101001000001000001100000000110000000010000000000000000000001000000010100110001
0110000000000001000000100000001000000001110001001000010001001000000001000110000000100101000000001000100000000000000000000001010000100010000000000000000010001000000000100010000000000010000000000001001000010000001101001011000111001000100100000000000100
0000010000000000010000001000000010010010100010000000010000000000000001100001000010100000100101110001100000100000010010000111011000000000101000000100000000000100100111000001100000010000000001000000100000000100000100000000000000000001010000000000000000
0000001000000100000000010001010000101001011010100000000000001110000010000011000100010000000000000000000000011000000000100000000000000000000100000000000000000000000000000000001010110010001000000000100000000011000010100100000001000000101001000000000000
1100000000000000100001000000000011000000010000100000000010010001001010000000000001000000011100100000000000000000000001000100100010010000010000001000011000110010000000000001000000100000011010000000000000000000100000000100001000001001000101010101000000
0000010000000101000011000001001001000000000011000000001000000010000000000000100001000001000010000000100000000000001000100000000011000011000101010000000000010000000000000100000000000101000000000000000000000100000000010100000000001000010100100000001000
0100001100010101001001100010000000000000101000000001000000000000100011001000000010000001010001101000000110000101001000100001100000000010000010000000001101000000101000100000011000001000000000000000100000000110110000010000000000100001000100000000010000
1000100101000000100000111000010100100010000101000010000110110000000000100000000010000000100000001001000000001100000010000000000000000000000000000000100001000100000100000000000001000100000010000000000001000010001101000000000000010000000000000000000000
0000100100000000000000000000000000000100010001100100101001010000001000000000000000000000000100100000100010010011100010000000000001000000000000100000000000001001000001000000010001010000000000000001000000100000010000001000000000100100000001110100000010
0011000000000000000000000000000010010101001100001000000000000000010000110000100001001100000000110000000001100000000011000001101000001000011010000010000000000010000001100000010100100010111110000100000010001001000100000000000000000000100100101001000000
0000100001100011100001000000101001100100110000000001101000010000010000010000101100000010001001010000010001000100001000101000000100000000001000000000000000011000000000100000000000010100100001001000000000001011000101000100000001100000000000000000001010
1000000000010000000010000010000001001100000000000000110000000000000100000000000000100000000011001000000000000010000000010000000100000000000000100000000010000000100000000000000000000001000000000000000001100100000000000000001011000000000000000000001000
0000000010010001000000100000000011000000010000000000000000000000000000100011000000100011010010110000000000000000001111000000010111101000000100000110000011000000000000011100000000000000010000001001000000001010000000011000001001000000000000100011000000
0000000000000000001000000000000000010010000000010000000000101001000000000000000100000100001000101001010000110001000000000000010000111100000000000000000011101000010000001110001000010000000000000000000001000001100010000000010010000000000000100001100000
0100000000001000000000100100110100000010000000000000100000000000010000010000100000001000000000010000000110000000110000001011000000000100000110000100000000000000000000010000001001010011000001001100111100100000000000000000010000000000000001001000000000
0000100000000000010000000000000000000010000000010010110000000010000011000000100000000001000000000100101101000000000001000100001000001000100000000101001000000001010000010000010000000010000000001010000000000000100101000010000000000000100001001000000010
0100100000001000000000000100001100000101100000000010100000000000000010100000010000100001101001000010001000001000000000000000000000000000011001000000100000000000001011000000001000100100100000000000000000011100101000010100000100000100000000001000000000
0000000010000101000000100000100100010000000101000010010000001000100000100100100000000010000000010000000001100000000000000000000000000001001100000001001000000000000000000010000101000000100010000010100000000000000000000000000000000100000000000000000000
1000110000000000001000000000000010000001000000000010000000010000100010000000110000000001000000010110001110000000001000000010000001010000000000100101000000000000001000000000000000000000000100000010000001000001000000000000000000000000000001000100000001
0110010000000000000001000000001000000010100000100010101110000000001000001000010000000100010011000100000000000000000000000001100000000000100100000000000000000000001000000000000000001001000000100000100011100000100000000100000000000000000100000001000010
0100011000100110000100000011001000000000000000000010000000000100000100010000000000000000100000010000000010110000100000000000000010011000010100000000000000001000110001000000001000000000000000000000000010000001001100001000000001000100000000001010000000
0000000100100000010000100000000000001001000011000010000000000000010010000000000100000000010000001000000000000000000000001000000101000000000000100100000010000000001000000100100011011110000000000000000010000000000011000000000000011001000000100010100000
0000100100000000000000011000000000100000100000001100000100010000001100100000100000000000011000001000000100010000000010000000100000000010000000010001000010000000010000100000010000000000000000100001000001000000010001010001000000010000000001000000000011
0000000000100000000000000000000100100010000000001000000000000000010000000000000000100000000000100100000000000010001000000010000000010101110000000000000000100011000100000000000100010100010001110001000100100000100000010000001000000000000001100010000010
1000000000000000010011100010010000011000000000000100000000000001000000000000010000000000011100000000000000000100000000000010000000000000001000100001100000000000000000100110010000000100000000000000100000000000101100000010000000010000000000000100000000
0001000000101000000100000110000000000000000000110000010000000000100000000111010100000100100000001010001001000000000100000000000000001000000011000000000000011000000000001000001000001111010000000001000111000000000000011000000000010000010000001000010000
0000000001110000000010000100000000001000011000100000000000000001000010000100001000001000000000000000000000010100001110000001000000000000010000000000000110000010011000000000001001000000010000000010000000000000000000011011000000000100000100000010101000
0101000010000010010001000100000000001000000000100000000100000000011000001100001000010000100101000000110010100000000010000000011001100101001000010000000001000000001000100000000001001000000010000111000010000000000000000100000010000100000010001100110010
0000100000000000000000000000000000000000100000000110001000000001001001000000000000001010010000000001000010000000000000010001000000000000000100001101000000000000000100000000000000001000101011110100000000001000000001100000000000000000000000000111100100
1010000000100000000100000001000000000000001000000010010001001000010000001111100010000101000110000000000000000000000010000000000001100000000000000000000000000000000000000000100100000010000000000100000001110000010000000000000001000000000000000000000000
0000100000000100000010000000000000000000000000000010011010110000000010000010001000000101000000000000000010000000000001000000100010000000000000001001000110010001000000000000000000001000000000010010001000000101000000000100101000100000000010000000000000
0000100001000001000000010010000110000110000000000000001000100000000000000000010010000000100000100010000000000000001000001110000101101000000000000000000100100100010000000000010001000000110000010001000100000010001000000001000000010000001001000001000000
0100000010001001000000000010000100001000000000000000000000001100100000000000000001010000001000000000000000000100001000000000000000000000001001000000100000000101000000000001000001001100000001000000000110000100000000001001110000001010000100001100000100
0000001111000000000100000000010001000001000010000000000000010010010000000001001100010000001001000000001010100001000010100000000000000000000000000000001110000000100000000000101000000000010000000100000010000000000000000000001000000000000010000000000010
0011000000000000110000000000100000100011100000010011000000000000010001000000000000011101000001000010000000010000001011000000000001000000001010010000001001000000100000000000000100010000000000000000010010010001111100000000000000011101000000000000001000
0000001000000010000001010100000010001000000010000000000100000010100000000001010000000000000000000101001000010000000000100011101001000100000000110010000000010011000000011000000000010111000000000000000000000010000000000010000000000000001000000010101100
0000000000000011000000000101100000000000000000011000100100010100010000000000000100000110010000000000100111011010100000010010010000010000000100001001000000000000000000000000100000000001000000000100000000001100110011100000100000000000100000000010001000
0000001000000000110000100000000000010100000000101010001000000100011000000000010000000100001100001010000001000010011000000011001000010100000010010000000101100100010001000001010010000000000001000000001000000010000000010001000000000000000010010001000001
0001000100100000000000100000100000000010000000011100001000000000000100010000000100000100000000001001000001000000101011000010101001000010101000010000000000000010000000010011000000000000000000000000000000101001000010000010000100000000000100011101010000
0000100000000000000001000000000000001000000000010000000001001000000100100000001100000010001000001000010001100000000000010000001010000000100010000000000000000000000001010100001010000000101010000100100001010000000000000000000000100100101000100000010000
0000100100000000000000000000100100001000000001010000000001000010000000000110000000000000001001100000000010000000000001100110001000000100010001000000000000000110000010010010000010001000100001000000000000111100000000000010000001000011000000000000100000
1000000000010100000010000001001000000110000000100100001000000000000000000000000000000000100000010000000010000000000000010000000000000000100000100001000000000001100110000000000010001000000000000000100000000000010010001000001100000010000000011000000101
0000001000000001110000000010000000100000000000000110001110001011010010010000101000100000000110000000000000000010100000100000000000001000011000000000001011000100100000001000010010000000100010000000010000100010000000000001010000000010000000000000000000
0000001101000000010100100000000000100000011100000000000000000010000001010100010000100100000001000011000001001000000000010000000000001000010000000000000000000010010001100010001000010111001100000000000010100000001000000000100100001100000010000000100011
1010111100110000000000001000001101001000101110000010001000001101000000011000000000000000110000000011000000100111000000110010000100100000000000001000000000010100000100000100001000110001000000000000010001001000000000000000000010000000000010000110100001
0100000000000000000010000100000000001010000001000001010010000000001010000000000000101000000000000000000000000000001000000001000000000000000001000000000000001010000011000001001000000001000001100000101000000001000101001000000000010100000010100000101000
1101000000001000100000110000000100010000000000000000100110000100000000001000110000000001000100101101000000000000001000100000001000100010000000100000000000101000000000000110000010000000000000110010000010000000000000101000000000000010000001000000000000
0010000010000000100000001000000000010100010001001010010011000000001010000000000000000000000001000000000000000100000000010100010010000000001000000010000000000000000000001000000000000100110000000000000010011010000000000000000000000000000000000000000100
0000000000000000001000000001001000000010000000000110100100000001000000100101001010000010100000000011000000100000010010001000001000010100010000001000000010001000000100000101000000000000010000001000000001010000001000001000001000100000000000000001000000
0100000000000100100000000001000010010000000000010000010000001000010000001000001000111000000000100110000000000000010010001000010000110000000010110000000000000000000010000000000010000000000001010000000100001000010000000000000010000100000000100000100000
0000000000000000000001000001110000000001100000000010000000000010000000010000000000111010000000001000000100001000101100010001100000000100010000000000100000000010000001001100000000010000000000000000000000000010001000110100100001000000000000100000000000
0000000001000000000000000100000000000011010000000000100000000000100010100000010000100010000010100100000000010000000000010100010001110010100010010000000000000000000000000010100000010000110000100000010000000000011000100000100000000000000010000101000000
0000000000100000000100000001001110001001011000010000001100010000010000011001000100001001010000000010000000001000001000010100010000000000010000000010000000010000000000000010000010000000000000000000001000000100000100000000000000010000000000000000000101
0000001000000001001001010001000110000000000000101000000000001000100001100000100000000000000100101000010000101000000000100000100010000000000001010010000000001000000000000000101000010000000010001001000000000000000000110000010010000010001000000010100000
0000100000000000100000000000000000000000000000100010000000001001100000010000000000011010000000000000000001000000101010111000000000000110000000001000001000000100000101000100000010100000000010000010010000010000000010001000100001000000000011000010000000
0000100000001000100000011000000000000001000000000101001000000000000001010000010100000010001000010001000011100000100000000101000100001000100000000000000000100010000000001000000000000110001010011000000000000000000001000000000000010100001000000000100000
1100100000011000001000000110010000001000000000000000000000010000000010000000010000010010000000000000000001000010110010100000000000010000011000000000101100000000000000010100000010100000000000010000001100000000000000000000111000000010000000000000000001
1100001000100000000000000000000000010001000000010000000100000000000000000100010000001100000010000001000000000000000000000000000000000100110000000000001001101000000100100000000000100111000100000001010000000011001000000000000001000001000000100010100000
0010000100000000000010000001000001000000100000000100010000111000000000010100000000001000000000001000000000000000001010000100010000000100000000001010001001000010100000001000010000000000101001000010000000000000001000000000000001001100010000001000000001
0000100001000100000011000000011000000010000000010001101111000010011000001000000000000100100000000000000100100000101000000001000010101000010000001001000100010000000000000000000000001001000000001100000000100100000100010001000000100001010001000000000000
1101100001000001001000100001000100011001100000000000000000110000001000000000001100001000000101000000000000010001000001000000010010001000100010000010000100000000010001000110001000010010100000110000000000000000010000010000001000000101010100100000000000
0000000000000000100001100101010000000000000000101000010100000000100010000000101000100000001000000000000001001000000000011000100000000000001000100000000010000001010000000110000000000000000000000000000000000000000011000000000000000010000001000000100011
0001010000011000001000010000000000001000001011001100010000000100000000101000000100010000010000000000101000101000011000000000010000001010000000000000001010001000110000000100000100010010000000001000000001100000001100000001000010001100000001000000101000
0001101000000010100001000001000000010001000000001000010100000000100000010000010001000100001000000001000000000000000000000101001000000001001010110000000100010000000001010101000100001000000010000000000000110100000000000000001000100001000100000000000000
0100000010010000001000000000010000100000000000000001000000000000100000000100000010000000000010010001000000000100010000100000000001000001000000001010000000100000000000010000000100101100000000000000000001011000000000010000000001000111000100001000000000
0110000000101010101000000010000000100011100000000000100000010000110100000001000000000100100001100000000000000100000000000100000000001000001001000000100000100000000010100010000000100000010000000000000000010000000000100000010000000010001000010011000000
0000001000000010000000011001001000011000001000100000000000000000000100000001000000100010000000000000000001000010100000000000100100001000100100001100100010000000100000000001000000001000001000000000000000011000001101000000000000100011100000000100010010
0100000000000010001001000000000000010000000100000010001000010000000001000000000000000000100000010001000001001000000100000000000000001010000000000000001001000000001000100011010000000100010100001000111000000001000000000000100001001010000000001010000000
0000010100000000000101010000100001000000000000001001000000000000000001000010000000000000100001000000000000000000000000000000010000101000100000000000000000010000000000010000100010000010010000001100000000000001010001000111010100110010100001000100000001
0000000000000000010010100000001000100000000010001001000000001000100001000000000010010010010110010000010000000000010000010000000000000010000010010100000101000000100010010100000000000000000000000000100000000000010000011000101000000000010000100001000000
0011000010000000110010100000010000000001000010100000000000000010000010000100000000101100000000100000100000101000001000000100010001100101000100000000100000000000000010000100100000101000000000101000000000000000000000011001000000000001001000000001100001
0000000000000010010000000000000001000010010100001000100100011000110000110011010100001010001000000010000010000000000100000010000001100000001010000010000010001000000101100001100000000010010000000010000101001000000000000000000000000101010010001010000001
0000000001000000000100000000001000000100010101000110000000100000000101000000001000001000010000000000000100000100000000100010000000000000010101000110000100000100010000000000100000001011000000000100000000010000010100000001100001000000000101000100101000
0100101100000000101000010010010100000000000000100000000000000000100010000100000000001000000000000010000001010100000000000000000010000010010000000000110101000001010001001000100000111000100000000100000000000000000000000000000101010000001010000101000000
0011000100000000010100000001000000000100000111000000000000001100010100010000000000000000001001001010001000011001000000000100000100000010000000000000011000010000100000000010000010010000000000000000000110000000011001100000000010100010100010000000111000
0100100100001110000000000100000000001000000000010000000000000000000000000010011000000000100101011000010100000000000000001100000000000110000100000000100001000000001110001000000001000000001000000000000000000000110001000001000001000001000000000000000100
0001010000000100000000000010000100000001010000010001000000000010010000011000000000000000001000001000010100000000001000101001100000000000000001000000000010000100000001000000100000011000010110000110000010001000000000001000000000101110000000000000000001
0000010000100000000000101100000100111000000001000100000000100101000000110000000000000000000100011010010000000000000000100010000100000000000110010000000000000000000010000101010011000000000001000000000000010010001010001010100000000000000000000000000011
0011010001001000100000100001100010000000000110000000000000000001000000000000000001000000000000100000100001000000000000001000010001100001001010000000100001000001000000000000000000000000000001100000000000100000011000000000000000001100000110000011000000
0101000010010010000010001000001000000000000001110000000101000000000000000100000010000000010000001001000000010001010100110100000000010000001000011000010000000000000000000000000000001000100101110101000011000000000000000010100100000000000111000000001100
0000000000000001100001000000000000000000100000001010000000100010000110010000000100001100000000000000000001011000001100000110000010000000111000011000000000000000000000000000001011000011001000000000000000000000000001000000100001100000011000001001000000
5 164
18 175
