250 250
0001001100001010000000100100000100000000010010000000100000000010000011000001000000001001110001000100000100101001000000000100000001100010000001000010000001000100100000000000001000000000000000100110100000000000000000000000000001010000000011001000001000
0000001000000000000000000100000000000000000001000100000000011000000000000001010000001000000000010010100000010000100100000010000000101100000010000000001000000001000010001000000000100000000111000000000100010000000000000000000000010000000000001000100000
0000100010000110000000011100000000000010001000100010000001101000000010000001010010000000000000000010011000000000010000100000000011000100000000010000001010001101010000000010000100101000000000000001000000000000000000001000100000000010011101000011000000
0000010000000001100000000101010100100000001110000010000000000000000001100001000000100000000010001000000000000000000001000000000100000000010010100100000000000000001000100000010000000100110000100011101010000000011010010000000100000110000011000010101010
0000000100000000100010001001001000000100000100000100000100000000100000000000000000011010000001011000000110011000000000000001110010000000000111001000001000100001010000000000000100000000000000000100001000000000000100000000010000000000001000000001000000
1000000000001000001001000000000000010110000000100100000010000110000000000000000000000001001000101000000001000000000000010000000100001010001110000000000000000000001001000000000000000010000000101001010100000000010101000010000001000000000100100000000000
0010000000010001000000011000000000000001011000001000000010000000000100000000000000000000000000000000000000000000000000000101000000000000000010000000000010000101010000000100110101000000000000000001000000010000000000000001100001110100100000000101100001
0010000001010000101011000000001010000000110010000000000001000000000010001000000000100000000000101000000010000000001000001000000000000101000100000000000010000000010000000010000000000000001001000000000011001000000000010100100000000000100100000000000110
0001000000010000010101001011000000000100000110000010000100010000000100000000010010100000000000101100110000010000000000001001100010001000010000000000001000011000010001100000010110000000000000000010101001100010000100101100001000000110010001000000000110
0000001010000000000000010001000000000010000000100100000000000000000001000010001001110001000100100000001001100000000100000100010001000100000000000100010000000001000010000001000000000001110000100001000100010001000100001001000100000000000010100000000010
0000110100000010000000010000101000100000000000000100000010010000001001100000000000001001000000000000110010000000010000011100010010000011001100010100000000000000000000000011000100000100000000000100000000000000100001000000000110000000000000100000100011
0100000000010110001000000000010000000000000000000100000000110010000000110000000010100000100100100010111001001000110001000000000100010000000010000010000001000100000010100000001000101001000000000001000000000000001001010011000000000000000000100000001000
0000001000010001101000100000000011000000000000000000001010000000001100000001000110010000000011000000110000000001000000110000000000000000000000001100000010001000000010000000000000101001011010000001000000000000000000100000001000100001000000010001000000
0000000001000010000000000001000000000001000000010000000010000000000000000000000000001010000000100000000010010101000000000000000100000000001000000000010001000000000100010000010001000100001110010000000101000001001100001000010010011001000010010000000000
0000100010000000000001001000010100000000000000000000001000000000000000000010000000010000000000000000000010000000000000000001000000000000000000010100000000101100010011000000001010100000000001000000000000001100000100000000000100010101010100000010010000
0000000000000000000000100001000000000000100000000000000000000000000000000000100101000010000100000100000000000000000000000000000000000100000000110000000010000100010010100000000010000000000000001000000000001000000001000001100100001000101100100000110010
0000000001010000000000000000111100000000000010001010000010000000000001000000000000100000100000000010000000000001000000010000110000000000001000000000000000011000000000001000000000000100010000001000111101000100001000000101000000000110010000100000000000
0000000100000000110000000000000000000110001000010000000001000001001111000000001000000000001000111000010000010000010000000000001000010000100001000000001000010000010010000000100000100100000000000011000000000100100000000000000001100100001000110001001001
0001000100100100000010000100000000000000000100000011001100100100000000000000000100000010010010000001000000010000011000000001100000100000001000001101100010110011011000011010000100100010010100000000010010000001010010000100011000010010000000100000100000
0000000100100010000100000000000000000001110000100010010000000000000000100100000001001000101000000000000100010000001000000001000000100000000000000000001000000000000001000111110000010010000000000100000000011000000100000000000000000001010000010000101101
1000010000000010000000100000000000000000000101000000000000100000000010000000000000011001001010000001000001000000100000000001000010000000010010001000000001100010010011100010000000000010000000000010000001000010000000100000100000000000000010000000000000
0001000000000000000000100000000001000000000100000000001100000000100000000000000011000000000011000001000001111010000001010000000100100001000001011000000000010101010011000000010010100000000000000000000000000001000001000100000010100010001000101000000010
0000000001001000010000000000010000000001000001000000001100000100000000000000011100011000000000001000011000000000100001000000001000000000000000000000000101000000100000001000011010001000101000000101000000000010000010010000010000010000000000000000100000
1000000001010000000010100000000000000100000000000001000000000100000000000000000000000000001000110010000001001000000000100011000000000000001010001000000000110000011010010000000000000000000010000001001100001000100000100000000001010000000000000000100001
0101000000010000100000001100001000000000000000000000001000000001001000000000001010001000000000100110100000000100001101010000000000000000000000011001000000000010000000001001001000000100000000010000000000000101010000011001000000000000000000000000101000
0010001000000000100000101000100100100000000000001000010100000000100010000010000010100001000000000100001000000010010010000100100000010000110010100001000000000010000100000000000010100100100000000000000010000010101011000000110000001000000000000000000000
0000000000100101100000000000001100001000001010000000000010001000000010000011000000100000000010001000000000000001001100000000100000010000000001000010000011000000000100000000000100100010001001000011000000010000000101000001100000000000010000000000001000
1001000000000010101001001000000000000000000001011000110000000010011001100100000001000000000000010000001000100000000000000100100111000100000000011001110000110001000000010000000001000000100000000000011010000000100001000000101000000000000000000100100000
1000001000000000000011100000000110000000000001100110010000010100110000100001000000000000000100011000001000110000000000100000001100010000000001010000010001000000110000010010000001100000000000100000000000000100000010010000010100001010000000000000000111
0000000100100010000010000000000000000000001010010001100000000000100100000000000001010000000000000000000000000000000001101000001000100000100000000000000000000001000000001000000000000000000000100101001000000100000010000000000001000000100010001000110100
0000100000000011000100100010001001000000010110000000000000010100100000000000010000001000000000000000101100100010000100000010000100001000010010000000000000001000001100000010010010100001001100000001000000000000000110100100000010000000000001000000010000
0010000000100100000000000100001000000000000000100010000000000000001000000101000110000011000000000001000000010010010100100000101000000100010000000100001000000001000100001001000000010100000000000000000001000000000000001010000000000000001100000000000000
1001010001000001010010001001000100000001000000000100000000000000101001010000010010000000100001000000000001100000000000000010001100101000001000000000110100001001010001000000000000100000000000011000000010000100000010000000000000000000000000000000100000
0000101010101001000000000000001000000000000010000000010010000000001000000000000000000110000000000000110000000101000010000000010000101100000000000010101000000101000000000010000100000010100000100000001010001000011100000000000000010000000001000000000000
1110001000000001000000000011000000000000000000100000100100000001000000100000100000000000100000000000010100001000101010100000000100001001000100100001010000010000000000000010000000001000000001010010000010100000010000010001000011000000000000001000000000
1010000001000000010000001000101000000000100101000000100100110100000000000110000101100000001000010000010100000110000000010010100100101000000000000000101001000010000001000000000000001010000000000000000111000010001000001000010111000000000000000000000001
0110000100010010000000000000000000000000001100000010000010010000100000000010000000000000000000000000100100000000010000110000000100001011000000000000010100001000001000100000000000010000010000000100110101001111000000100001000001010000000001011000010000
0000000000001001000000001000000000000000010000010000100000110100100000010010000001000000000000000100001100001100000000000000000000001011001000000000000000000000010100110100000000000000001000110010101100010000001000000011100000010100000101000010001000
0000000000000000001000010010100000001010000000001000000001000000000000101000000010011000000000000000000000100000000000001000010010010000001100000010000000000000000000011000010000001000001001010000010000000001100100100000001000000000000000011000100000
0010000000011000000000000000000000000000001000000000010001000000010000000000001000001000010000000000010100000100110001100100000100010000011000000011000000110000000000000000001000000000000010101000000100001000000000100000001100000000100000001100000000
0100010000000100000000010000000000000000000000100000000000100000000000000000010000000010110010000010000100100000000000100000000000000000000000001001000000000000001000000000110000001000100000000000110000000000000000100000000000000001100011000000001100
0000011000000100001000110000000100100100001000000000000001000100000100100000101001000000100100000000000000001001010001000010011110000100001001010000000100001000000000100000000000000000110000001000000010000000010000001001001000010000101000100010000000
0010000001000001100000010100001000000000010111011100000000000010000001000000011000000000101010001000000000000000000001000000100100000101001000010100100001000010100000000001011000001011000000010001000100100000000010000000000010010001010000000101110010
1100100000010000100000010000000000110010000010000000000000110000000000000000000001010100000000000000000000000101010010100000000100000001001110011000000000000000000000010000000001000000000001010001000010100000000110000010010000000000001001000001010100
0000110000001111010001000100000000000000000111000000000000010000010000100001000000000000010000000010010000000010010000000010000000011000000001010010000000001000100000001010000000100000101000001101100000101011010001010000010000100011000000100000000000
0000010000000000100000110000000000000100000000000110010000000000001000001100010000000100100100110000000001000000010000000001000100001000010001000010001000000001000000010110100000001000000000001000000000110000000000001000000010000000010000000000101010
1000000000000010000000000000110000100000110000000000000000010000100101010000000000101001000000000000000000000100010000010010010100000000000010000000000001000001010010010000010001000010001000001000000000000000000000011010000000100100000100000000000000
0100100010000000000000000000000000010000010110000000010000000101000100000000000000010000010000000110010000100000000000000000010000000001000001110001001100110010000000000000100100011010000000000000000000100010000000000001000101000000000000010100000000
0000100000110110100000001000000000010000000100000000000000000000000000000100000000010000000000001010000000000010000100101000001010000010000001000010000001000100000000000100000000000000000000000000000000000100000000100010001000000000001000000000000100
0001000000010000000001000100000000000000010000000000001000010000110010000000000100000110000000100000001000000100000000000000001000100000000000000000000000000011011000000001010000010010000001000000000110000010000000000011000100100110000000000100000100
0000001001001000010000110000100010000010000010000000100100000000100100010100000000101010000100001000000000100100000000000000010011011000000000000101000000010000000000100010100100000000001000110000000000000000001100010000000001000001000000000010010000
0100001000000000000000100000000000000100000100000100100000100000000011000000011010000000000011010100010000001000110000001000010000000000100011000000010000000000100001000000000000001000000000000000001000100101000000100000110000001110000010110000010000
0001110101001000000000000001000000010000000100000100001000000100101000000001110000010101100001000000101000000000000100000100010000000000010000000000000010011000010011100000100000000000000111001000000000000011000000000100000010110000000100001000000000
0110001001000001000001001001000100100000100000010001010010000010000000001101000000000110001000000100000000000010000010000100100001000000000100000010000000001000000101000000000010000000001101100000000000000010010000100000011000000100000000100000000100
0000000000100100000000100010000000110000000100000110000001100000000001000001000000000000000100100001010101010011000010010000000000000010000000010000000100011000000000000000000100000001100010000010000000100110010000000100100001000000001010100001000000
0100010000101010000011001110000001000100100001100001001000000000011001000000000100000000000000000111000000001000111100010000000010100000101000000000000000000010000000001010000000100010000000101100010010000001000000000101000001100001100001100010000001
0100000010101011000000010101100000000000000100000101000000000010000100000000000010000000000000000001001000000100011010000010011000001000100000000010000011000001001000000010100000000000001000100001001000000000001000000011000001000010000000001000000000
0000001000000000001110010001000010000000000000010000000010010000000000000000110000110000010000000100000000010100001010000001000010000100000000000100000000000000000000000000000101000000001100000000000000000000000000001001100000000011100010000001000000
0001000000000110100000000100000000010000000000001000001000001000000010000000000000000100000000000000000000000001000100101000000000000001000000000100000100110100000001001000010001000000011000010000000000100000000100011000100000001100101001000000110011
1000110001000000001000000000000001010000000000000000000000000000000000001101001100001000010000000001000000000000000000000000100000000001011000000000000001000000100000000101011000000100000000001100000000000100000000000100100111010000100001100100000110
1100000000000000010000000000010001110000111000000000010010000000000000000000010000000100100110000000000000000100001000000000101010001000000010000100010000001000000000100000000110101000000000000011000000000000000000000000000000000000001000010000000001
0000000000010000000010000100001010100010001000000000000010100000000010000000011000001000100000000101000010001100100001111001000001010010100000000110100100000001000100000000010100000000000000001000011000010000000001000000011000000000000010000000101000
1000000000000000000000000001000000000000101010000010010001000000000000000001100000100001000000001000000000000000100100000000001000100000000010010000000000100000000101100010100000010000000000000101001101000000011000000000000100000000000001010000100100
0100010000000110000000010101000000100001010001001100000000100010000001100010000111000000000000000100011011000000000100000100100001001010001001000001000000001100010011001100000001000000001010000010010000000000000100010010000010001000000000001011000100
0000000000100100000100000101000000000001000000000000000010001000010001110000010000000000011000000000101100000000100000000011000000010000000000000000000101000000000000100000000000000010000000000000001000100000000100011000001000000010000000000000000000
0000000000100001000000100000000000010000010000000000000010100000000000000001000000001000100000000101001010100000000000000000100001000000000000110100000000101100000000000000000010000001000000101000000000101010000000000000011100100000000000000000000101
0010001000000000000000000110000010001000000000000000010010010000000000100100000001101100000110000001000000000000010000000000000000000000000000000011000001000010000010100100000000010000010100000001000101010000010000100100000000000000010011001000101000
0000100000001011000000000100010101000110000000010000010010100001100010100010000000000001000000000000010000011000000001001001000000000000011100001010000001000010000000101111001000000100100000000100000010100000000000000001000000010010000011000000000000
0010100100000111000001000100100001010000100010000001000010000000000000001010010000010100000000010000100000000001101010000100000000000000000100000000100010100000000000000010000000010000000101001100010010000000000000100000100000000000001000000111000000
0000000100100101100000010000000000101001011000000000101001001001100000100001000000000100000000000010000000000000100000000011000000000000000000001001010001000011000000001000000000000100000011000000001000001010100100001101110000000000000001100010100000
0000000110011000000010000001010100000000001000000001000000000000100010100001000000000001000100000000000000000000000000010000000100001000000000001000000101000000000100000000100010000100000010100011000000000000000000000011001000010000000010000000010000
1001000000000001010100001000010000000000010001000001000000100010000010000100000000010000011000000001001111010000000000100100000000110000000100000000001000100110000001000001000000001000010000100010100010000000011000000100001000000000110000010000101000
0110110000010000000000000000010101000010010000000000101100101001000000000110101010000000000000000001100000100000000000100000000000000000001000000010000000100000000000001000000010000000000000011110101100000000110000000010000100010100000000101000000000
0110000000000000000010010000001000000010010000000001000010000100000000010010110001000100000110110000000000000000100000000000000000000100000000000000000000100000000000000101010100000011011101000100000000000100100001000000000000000000000100000000000100
0000000000000000000000000100100010001001100000000000000100010000000000000000000000000000010000100010000000110000100010000000000100000100000010100100010010000000100001010000000000011100000010111100000000000101000100000000000000001000100000000000001000
0001000000010100000000000000100110001000100100000101000101000000101100000000001100001000000001001110000001110100001000000000000001000000000100000000000001110000010000000001010000000000100000000000001100000000000000010000101010001000100000000100100001
0000001000000000000011000000000110001000000000000000100010000000000000010000000000110010000000000100001001110100000001000011000000111110110000000001010100011000000010000001000010001000000011000010010000010100000100000000100000000100000000000000010000
1000010000000011001100000000111000100100000000100000000000000000000000000100000000001000010101000000000100000001101100100000000010000000001000010000000010000100000000001000000000000100000000000110000000000001000010000100000010100000000100001000000010
0100100010010110001000100001000000010000100001000000100010000110001010000000000000001000000000000000101000011000000000100000010110100000001000000100000000000100100001000001001000000000000000000000000100000000000001010001000010000001000001100010000000
0010000000000000000000000000000001001000000100000000000010010000000000000100000001000000000010000000011010010001100001000000000001000010011100000000001001001000000000000000000000000000000000001001000001000100001000000000001000010000000000000011000000
1010010101001010000001000000101100000000010010000101000000101010000100000010100000000000000000000000000000100000000001000000010100000000011010000001000000100010000000100000100000110000000001010001000000000000100001000000000000000100000000000000000010
0100000001000000000010000000000000000000000010000100000000000100010010000001100000000010000000000000000111000000000000000001000000010110000100111000000000000000110100000000000000000001100100010000000000000000011000000100010000000000010011010000001000
1000101000011000000000100010100000010011000000001000000101000000010000001000000000000000001001000010001001000000111000000100000100000000000000010110010001000000000000000000000010000100010000000000000000001010001000000001000000000100000100000000000000
0000001000101000010001000100100011000000001000000010000000000000000000000001000011000000001000000000000000000000000000000000110000000000000000000001100000010000010000000000000000001100100000000000000000000011100000100001100000000000000001000000000100
0000000000000000100000000000001000000001100100000001101100010000000011000000000001010100000100011000100000000000100100000010000000010101000000000011001100000000000000000000010100000000100000100000100010000000100001000000000000011010001001010110110001
0100000100000000001100010100101001101000001100100000000100000000000000110000000100000000001001000100000100010010100100000111000000000000000000000000000001010100001000000100001100101010000111001000001000000000000000000001001000100000100000000000101000
0000000000000000000000010000000101001100000001100100000001000010110010000000000000000000000010100000000000011000000000010000000000011011000010001010000000000101010001000000000000000000000000001000010000100000010100010010001001010001000110010000000000
0000001010000001000000000100000010000000010001000000000001000000010110000000000001000100000000000001000001000000000000000100000100000100000000000001001000000000000010100010000001001100000110001000000000000000000000000000000000000000001000010000000000
0010000000000000100100010001000000001000000000000000000000000011000000000010000000101000100100000010000100000000000010001010010000100000000000000100000010100001000010000000000001000000010010001000100001000001000100000000000000000000000010000000000000
0000000011001000010000000000000010101010000000001000010110010010000000000001010010000000010010010011100000000100101000001000100000000000100000000100000000001001110000010010010100001000000000000000000000000000000001000000000001000100100101110000001000
0000010000000000010000100001000010000011100000000000001000011000000000100000000100101100100000000000000001000001000010000001010001000000010000000000000000000000010000000000010100000000000000011000000011000000000000010000000100010000100101000110000000
0000000000100000110010000100000010000000000000000000000101001000000000000010010000000000000000000100000100000000010100001000001010000001000010000000000010001001001000000010000000000100010000010000100000000000000000000110100100000001000101000000001100
0000000110000000000010000000000000011110000000100100000000000000000000000000000000000100000101000100000000000010100000100000000010000010000000010000000010000010000000000000001100000000000000000001000001010000000000001011000000000001001000001000000000
0000110000100001001000000000000001000000100000100001000000010101000000100001010000000010001001000000000100101000000000001101000000000000000101000000000001000001000000000000100010100101001110000001100000001000000000000000000000000000100001010000010101
0000000011010001000000000000000000010000000100000000000010010000000000000000000000001000100000000000010100000100000000000010000100000000000001000100000000000001000011111010000011000111000001000000000000010010010000100010000000000010000000000000000000
0000000111101100100000100100000100100000000011000000000000000000000100000011000000011000010100000100010000001010000010000110010010000010010001000100000010000000000000000100000000000000000000000000001000000001000000001010000000000100110001001000000010
0010001010000000010100001000010100101010100000010010000000000001100000000000011000010010101100000100110000100100000100100010001010010000001010000100001000000000001000000110000100000100010000100100001001000000100000000000100000000000000000010000000000
0000010100100010000010101100000000000100000000001000000000010000000001000100001100010000000000100101000000000000000000000000000100000011100110001011010000000000000000000010000000000000000001000000001000000010000110001100000000000000001010000100000000
0000000000000010100100001000000000000010110000000000000000000010000010000000100000010000000000000000000100000001001000000001000000001110000000000000000000000000000100010100011001010000010010000001000000100000001010001000000100001000001100000010000001
0000100000000010000000000000010110000011000100000100001000010100000000000010001000000100000001001010010000000011000000000000010001001000000000000100000100000000010000000000000000001000000000010100000000000000010000001000100001010000000000000000110010
1000000000100000010101000000001000000000000000000000000000000001010000110000000010001100000000001100000001000000100000000000100000000100010000001000001000100010010000001000100000100000010000000000011000110010000000000000001010100000001000000000000110
0000000100010000100010001000100001000001000010000001000000000000000001001000000001000000000000000010000100000100001000101000100100000000110010011000000001101000001000000000010001000100100001000000010000100010000000010000100000000000000000000010010001
0001100000000000000000001000000000000010000000001001010000100011100000101110000000100000000000000000100011000000001000000000010000000010000010001000010000010000000000000010100000000000010000011000001000100000000000000000000000000000000000000010010000
1000001000000000100000011000000000000000000000000000001000000010000000000000000000000000010000000000000000101000000001000010100100001011000010000000000111100000100000000000110100011100000000011000000000000000000000100110001010000100101001001000001000
1000100000100000000000000000000000010000001011100000000010000000000000001100000000000000000000000000000000001010100010100001000100000000010010000000000100100000000001000000001100000100000000000000000000000000000110000000000001100000010010001000000000
0000101010000000010010010000000000000001001000000001101000011001000000100101000001000100100001100000011001000001000100110000001000100011001010001000010000000000010000010000010100000001100000010101000100001000000000000000000000000100000000000000000000
0010000010000000000010000000000000001000000001000000000000100000100000000001001000001000000000000000100000001000110000000000100010000100001010010000010000000000010010001001010000100110000000000011000000000000100101010000000010110000000001000000000000
0000001001000010100000100100001100000000100000001100000010000000000101000010000100000100000000000000010000001000000110000000100101000101011001100000000000000010001000101010001101100000000000000010001000000000001000110000000001010000010110001010000101
0001000001100010100000001000000110000000000000010001010010000000100000010000100000000000000010010000000100000000000010000000000100000000000001010000001100001000001000000000100101010000000010000000000001001010000000000000000100000001010000000000100000
0000010000000100100001000000000010010001000101001000000000000000011000000001000000010001011000100000000000010000000100011100011000100000000011000000100100001100000100010000001000100010000000100001000100000001000100000100000000100110000110001000000001
0011000000010000001000000000000010000001100000100001001000100000000100000000000001000000000000000000000000010000000000000000000000000100010000000000000010100000000000000000000010111100100000100000001000000000000010000100010001000101000001010000000000
0000000100000001000000000000101000101100010000000000010000000000000000010001001000000010000000000000011100000000010000000011000000000000000000001000000001100010010110000000000000000100010000000000100000001110000000101000000011000000000010001000011000
0100100000101000010000000000000000011000000000000000010000010100000000000000000001011000100100000000101000011010010000001000001000000000000000000001000000000000100000010000100000111000000000000000000100100000011000000110000000100000000000000000000100
0000011000000100100000000010001000000010000000000000010011011000000000000000001100000101001000101000000000000100000100000000001000000000000001000010001100000000000000000000011000010000000000000000010000000000000010110000000010110001000000000000000000
0000100000000000000000000011000000000000100001000000000000010010000100000000000000000000000000000100010000100000001010000100000000000000000100000100110001010000000011000000000000001000000000101000000110010101001000011000000000000011000000001000010000
0001100100000000010000000000000000000000001000000000000001000000000000000000000000100010000010001001100001000100000001000000000011000000000010000100000000000000000000000000110100000000100100010000100000001011010000000000000001000000000000010000000000
1001000000000000000101000000001000000110001000010000001001000100000100100000000000000000000000000000100000000100010000000100000000000000000000001010010001000000000000011000010000000000000000000010000000000100100000100001100000111110000100000001100000
0000000000000010000010000000100110100000101000100000000000010000000010000101100100001010001000000010010000000000100000000000100000000001000000000010000010010000001000000100000010000000000000000000100001000000010001011110011000010000000000100001000100
0101000000001000000000000000011010001100000000000000000000000010000000001000000010000100000101000000000000000000000000000100010000010000000000101010000000000000000000000010000001000110001000100010100000000000000000000001100000000000000000100000010001
0100000000100110000001010001001000101000000010001001000000100010111000001000001001000000001000110000010010011000110000000000000100100001000010000000001100000000000000100000000000010100100000000000010000000011000000010000000000000000100000000000000100
0010101100010101010100000000001000000000000100010100100000000000000000010001110000000010010100100010100000000000100000000000000001000010001100000100100011100000000000010000000001001100000000000000000000000000100010000001110100100100101110000000000001
1010101000010000000000000100000000010000100001000010000000000010011000000010000000011010100000000100000010000000001100000000010000000000000000000000000000010010000000100100101001000000000010000000000010001000000000000000001000100000000000010010000100
0000001010000000010010000000000100100000100000110000000000000000000100000000010000000000000000000000000001000101000101000100000000000010110000000000000000001000001000000000000000000000000000001001101000000001000110000000100000000001000100010000100010
0000011110000000000000010000000010000000000000000000000000000000001000000000000000000001000000000000010000110000000000100000000010000000000000000001000100100000000000010000000000000010010100001000000010000000000000011010001000000010000000000000100000
0000000000000001000000000001100000000000000001001100000000000001000000100000000100100100000000011110100000000001010000001001000000000000100010000000000001000001000001000101001000000000000000000000000100000001100010000100001100000010000000100000001100
0000000000000000000000000001000000010010000000010001000010000010100100000000000000000100001001000000000000000010000011001000101000000001000000000000000001100000000000000100001000000001000000010100000000000010000000110001000010010000001100010001000000
0100000000001000100000000000000001000000000010100000000010111010000000000010010000100000000000000000001000000000000000010001001010000000000000000011000000000000001001110000000000000100001100000000100000100000000100100001000000100001001000000100000100
1000000000100001001000000000011000000000010011000000010000001001000000001100001000100001000001000110010000000000000000010000001110100000010010000000000000011001010000011001001001010001000000000000100000000010100100000100000001000000000000011110000000
0011010000000000000100000010010101000010100000001000010000000000100000000000000100000000100000000000000000000100000000000001000000100000000010001000000001000001000000001010100101001100101000000000010001110110000100000000000000000100000000000000000010
0000000100000000010000000001000000001001100000000010000000000000101000000110100000000010000101000010000100000101000000100000000100000000100000001001010000000000000100000001100000000001100001000001001000001010110000000000000000000100010010000010000000
1000010000010000000000000110011000010000100000000000010010000000000000100000010000100001100010000001010011010000000110011000000001000000000000000000010000000000000000001001010100100001100000000000000111000001000000100000000001000000000000000001001000
1001000000010011001000001000000000000000001000001000010000010001000100000000000000000000100000000000100001000010001011000011100010000001101000000010000000000000000001110000000010000100000000000010110000001011100000100010000000000000000010000000100000
0000011001000000100000000000000100100000001010000100000000000001000000000000101100100010000000000000001000000000100000000000110010001111010010001100000000000000000000000100010000001000100000100000000010000010000000000001010000100000000000000000001010
0000100000000000000100001000000000001000100000010100000000110000000100100001000001100000000000100000000000001000000010000000001000000000000000000000000000010000000000000000000000000000100000000001000000011001010000000000010000000000010000010000100000
1000000000000000000000010000000000000000001000001010001101000001000001000000100000001000000000010000000010100000000100000000000111000000010000000000100000000001100101000000000000110010100001100000000000000000110000110001010000001000000000000000000100
0111000001000000000001001000000000000000100001010000110000000010000000000000001000001110101000000000010010000000000100000000000000001001000000101000000100000010000010001000000001000000000000000000000010000001000000000000000000110000100100010000000000
0000010100001000001000000100000000000001000000000110010000011000000000000001001001000000010000000001000010000000100000100000000000111000100000000100010010000000010000000000000000000011000000000000000010000000000000100010000001000000000101110000000001
0001000001010010001000100100000000000000000001001110000000000000000100000000000101001000010000000110010010100000101010000000000000000000000000010000000000100001100001000000001000000000001000100001000000000000000000000100000000000010001000000000000000
0001000000000000000000001100000000011110001010110000000111000000000110100000001100010010110001000000001000000101000111010000000100100000010000000100000100010000001000000001000000000000001000000000100000000000000000000000000100010001100000000010000000
0100000000000010101101000001000100000010000000000000000100000101000001000001000010000000000100001000101000000000010000010000000000001000100000100000000110000100000000100000000000011000000000101000000000010100111101001100010010001000000001010100000000
1000000001001000100000000001010110000010100000000100000000001000000000000000000000000100010000001001000000000010100000000010000110000010010000000010100000000000000000000000000000001010100000010001010000000000000001000000000000001000100000000001000010
0100000001011000000101000000001000000000100001100000010001100000011000001101011000000000000000000010000000010000001000100001011001000000000010000000000000010001001100010000100010100000000000000000001000000000000010010000000000010000000001000000110011
1001000000000000110010000000001100010110000000010000101000000010001010001101000100000000000101001000000100000000000010010000000010000000001000100000000000001000000000100000001000110000001001000010000000000000000100100001100000101100000000100000100000
0000010000000000000001000000100000000000100000000010000000000000000000000100000000100000001010000000001000010010000000000000000010000000000000000000000010100000100000001000000100010001000001000000101000101000000100001010100000000000000001000000010010
0000001010000011000000000100000000000000110000000001000100011011000001000000000000000000000111000000001000000000010000101100001000000000100110000001010010010000000000001000100011111000010100000001011000100011011000000000000000010000000111010101011010
0000000000000101000000000000000001001000000000010001010011010001001001100010010000000000000000100000000001100010000000001100000000000000001000110000000000001000101000000100000001000101000000010110001000001011000010000010000000000000000000000100000000
0100001001000000000000001101000010001100000000000000001001100000000001000000001010000000101010000101000000000001000000010010000000000000010000000000010010000000000000100000000100010010000000010010000000010000110101000011110001000010000100000000000010
0100000100000000000000000000000000000001000000001000000100000000000001010000001001011000011000000000110000000000100000001000000010000000000110001010001000000101100000000000100000000101000000000000000100000000000000000000010001000000100001000000111001
0000000010001000110000000100000000011001010100000100000000000000010001010010000000001010000000010100000010100000000000000010010001000000010010101000000110000100000000010000010000100000000000100000100000000010000000000000001000010000010000100011100000
1011000010000000010000000000010000000000000000010000100100000010100000010110000010100100011000000001000000000100010101000000000001001000000001100101000000000010001000001000000000000000100100000100000100000000000000000101000001000000000010000001000011
0001000000101001000000000100100100000000000000000000000010000010000010000000001001011000000001100000000000000000000000000010000000000100000001100000000001001000001000011000100000100000001101100000001000000001000000000010000000110011000000000000000000
0000010001110010000001000000000000000111000000000000000000000000000010000000000000100000011110000001100000000000101000000000000100000010010001111010001000000001000001000010001000000111000001000001010000000001001000000000000010010000000000000000000100
1000000000000000111000010000000000001000001000001011000001100000000100100000000000010000000010100000100000000000100000100001000000000010001000000100000001001000110010100101000000000000010000100000101010000000000000100010000000000000000010001000011001
1010000001100000000000000000010101000100000000000001010011000001011000000000000000010000000000000101101000000101000000001000100000001000000010010000011000001000001000001000000000000010001001000100000000100000000010000100010000000000010000000010000001
0011000000000010100100000001100010101000001000110000000000001100000010010000101000000000000100111010011100000000100000000001000000100000010000000001100000000000000110101001001000000000000110100000000010000110001100011000000100100000011000000010000000
1000000000100000010000001000000000010010000000000011000010001000001100000000000010000000100000000001000010000000100000000000000000001000000000001000000000000000000101000000000010000101000100100010000100011000000101010000000000000000000000010000010100
0100000000010000000000000100000000100001000001000000000001010000001000000001101000001000000010000000010000000000000010010000001010001010000101101100001000000000000010010000010100001000000000000000011100010000000001000000000000000000001000110100100000
0110000011001001001001000000001000000000000000001000100100000010001000100001000000010110000001010100000000000000000000001000000000000010000011010001010010000110001000000100000001011011100000000100001001000101000000000000000000100011011000001001110000
0000000000000000010001000000110000010000010001000010000000001000001010000000001100000000000110000000000010001000001100000000000000000000000101000000000000001000000000000000001000000000001010000100000011000110100100001000110000010000100000000000001100
0000111000010001100000000001010010000000010000000000100000000100000010000000000100000010000011000000000000010100110000000010100000100010001001000000000000000000000101000000000000000000000101000000101100000000000000100000000010000000000001000010100010
1001000101001000001000001000000000001000010000100010000100010000000000000000100000100000000001000000010011000001000100000000000000000010000000001111111000000000111100010000000000000100100000001000000000000100000010010000000001001000000001000011000001
1000000000000000000100000100010000000000100100000001000100000000100000000001000000100000000110001010000000111000100000000000000000000000001000000010010000000001000010000000000000000000100000100100000001000000000010000001001000101000000000000001000000
0000000000001001100000000001100100010000100000000000000100100000100000010000010100000110000000000010000100001001000100000000000100000001000000001000000000001000010000010000000000000001001000100000101100001000100000000001000100001100000001000000110100
0000000000000000000010010100100010000000100000010100000000000100000000000001000000000001100000010000000000000000000010000000100001000100001000001010000000000100000000000001001010100000001000000000100010000000000001000100000100000000010000000010000010
0000000000000000100110000000000000010000000010000000000000000100000000100000011000000100001100000000110110000010000100110100011001010010000100000000000010000001010000000000100000000000011010000000000010000000000100000100010110000000000000000011000001
0000000000000000010000000000000100000010000001001001000110000000000000000000100001001000010010000000000000000000000001000010000000100000010000100000100000010000010101000000000000001000000001000011010000001000000000000000000000000000001100010000000011
0000100000110010000000100010000001000000010001000001010110000000000000000000000000000000010000000100111000100000110000000010101000010100000001000001000001000000001000100000001000000000001001000000010000100010000011000000000000000100000000000011100101
0000000000000100110000100000100011000000011001010010000010000000000000000000000000111000000001100000000011000000100001000001000001000000010000000000100110000000001000000010000000000000000000100001011001000001010000110100000000001100000000000000000100
0000000001110000000100010000000000100000010000000000000000000000100011010000001000000000001000001001000100101000000000000100000000000010010010000011000001010110010001000100010001000000000000010000000000001000010000000110000000000100000000010000000100
0000100110000000000100100000000000000000000000000000001000100000010000000000000000000010000000010000100011100011100010000000000011001000010000000000010010000010100100000010010100000001100001000000010000000010000000000000110101000000111000010010000000
0000000000010000010001001100000000100000010010000010000100000000100000011001000000000000000000000001001000000000000010000010000000000000110001001001000010000000000000000000000010100001000000010000001000101000000000101000000010000000000100000000000000
0000100100000001001010010001000010000000011000000100000000101100000000000000000000001010000100010001000000000100100000010010000000000010010100000000100100010100100100000000000001000000001000001000000011001011000000001000100000000000001000000100000110
0000000000001100100011011000101010000000000000000000000000100010100000000000000000000000001000100000010000000000010011000000000000000000000000000001100101000000000000001010010000000000000000000001000000100000001000110001101000110000100010001100000000
0000100000000000000100001000001001101000000000010000000000001000001000000100000001101110001000100000010110100000001011000000000000010101000000000001000001000100010100000000011000000000000000001000000101000100000001000001100010010000000100000000000000
1010000001000001001000100000100001011000010000000000110000100000000000000101010010000000000000000001010001000100100000000000000000000001100000000100000101100100000001000000000000001010011110000100000001000010000000001010110001000010101000001101100001
0000001001001000011101000010000000100000000101000001000000001000001110100001010000001000000100000001100000010010001000000000000000001110010000000100101000000001000000010000000000000000000001000000000000000000000011000000000010101100000100000000001000
0100000001000010010100010000001101001001010000000000101011000000100000001000000000100001000010000000000000000000000000010000000001010000000100000100000000000000001000000110010100000000010000000011000000000010000000000100101010010000000000000110000000
0101000000001011000100110000011100000010000000000000000011000000101000000000000000000000001001100010100000000000000010010110110000001000000000100001000000000001000000011100000000000100011010000101001000001101000001000000100000101000000000000010000000
0000000001000000000000100000000010001001010100000011110000010000000000000000000000000110000110000100000001010100000000010000000100000101000000010000000000000101010001000011010000100000000100000000000000000000001000001000010000000000001000001001100000
0001100000000000000000000000100000101000000100000010001000000000010000000110011000000010000000000010100000000000001000000010000000000010000000100000010010000101010000000000000000000000000000010000100000000000011001100000001000000000010001001000000000
0000000000000000001000000000000000000010101000000000001100000000100000000000000000000010100100000100000001001000010100010000100000000000000100100000000100010110000010010001010000000000010000100000001010000000101000000000001001000001010100000000000000
0000110100010000000000011001000000000000110011000000000100100001011100000000100000000000100000000000000000000001000000000010100001100000000001000000010100000000000000000001001000000010000001010010000010000100000000000100000000001001000000000000000000
0100000000100100100000000000100000000010000000000000010000100000000011010000000001000000100000001100000000001000000101000000010000000100000010000100000100000010000000000000000001100000000000010000000000110000000010000000100001000110000110101010000010
0000100000010001000000101000001011100000000000000001000100000001000000011000011000010010000010010001000010000000000000000000000010000001101000000000010000000011101000000000010001000000001000000011001000000000001010010001001000001001000101000000010101
0011000000000000101100100000100001000000000010000001010100010000110010000000100010111001001000100000000100000000001010000001000100001000000000000001100000000000000000000000000000000000000000000000011000000000000000001000000100011000000001100000001000
0000000011100000000100100110000001001000100000010000000000000100100000000000000011100010000100000000000000000000000000000010000000000000000000100100000000001000011000010000000000000000010100001000000000010001000000000000000000001000000101000000010000
0010101010000100000100000011001000000000000001001011000100000010000101101010010010000000000011000010011000000100000100000001000000100000010000000000100000000000000000000011100000000000000000100000000000010100000000001000000000000000000000000010000000
0000000000000000000011000000000000000001110000101000000010100101010100000010000010000010001011000000000000000110000000100000000000010000001000000000000010010000000010000010000000000011000101100010000000000010000000100000000011000100000000010010000010
0010100000000001000000000001000000010000000000110001011000000010000000010000100000000000000000001100000000000000001000000001000100001010000001000000001000000000000000001000000001100001000010000001000000101000110000000000010000101101010001000101001000
1000110001010000011000010010001100010000001000100001000000001100000100010001000001001110000010000000010000000000011000001000000100010011011101100000010010000000000000001100100010001000000010000001001000000000000000001000011000001000001000000100000000
0000100010011100100000000000001101000010000000000001100000000000000000000000001001000000011010000010000000000110000000000000000000000000000100000010010000000001000001000001000010110010000000010000010000011111000000001100000000000001000110001000000000
0010011000000010000000000001000000001010000100000100010000000111001000000000010000101000000000100000100010100000110000010001000101000000000000100000010000000000000001001000001001010110001100101000000000011000000000000000000000010000000000000000000001
0000011100010000010010101000000010000010000000101010100010100000100101000000000101000000010000000000000100100000100000110001000010000000000000000000010011010000100000010000001101000001000001100001000100000000100001010000010000000010000000000000000000
0000100001000100000000000100000010000000100000010011011000000100000000000000010011000001100010000000000111010100110001000100010000001100010000000010000000000000000001001000011000000000000000000000100000010000000000000000000110000001000000001000000000
0000000000010000000000000000001000010000000000100010000000000001010010000000100000100000001010000000101000000100110000010100000000000000000001001001000000000000000000110000000000000001000000100000000010000000000001000000100001000000000000000110000000
1001100100000010000111011000010100000100010001000100000000000011100000000000000010000000010000010000001000000000010010011100000000100000000000000000001000000001100000000000000001000000110001000000010000000000010010000000100000000000100000010000011000
0100000000100000000000000000100010010000000000000000001000010000000000000000001000000000001001001100000000000100010001001000000001000000000010000001000001010100000100001011000100000110001000000000000000000000000000100011000000000000010000000000000010
0000000100000010000001111100000011010001010000100010001000000000000010001000010001100000110000000010000000000010000000110111001000110100001110000000001000000000000000000010100000000000000001001000000010000001000000010000000000000000000000111101000100
0000100000000000010000000010000000001010000001100000000000100000000000000011010000000000000001000000000000000000000100000010000010100001000000100000000000000000110000000000001000001000010011000001100100000101000000000000101000000000000001010000110001
0000000000000101010001000000000010100010011010100100010000000011010000000000000000000101001000001000000001100000000000001001100000000100010100001000101101000010100001000000000000100100000000001000011100000101010000000010000000010000000011000001000100
0000000000000001101000000100000001001001000000000000000010000100011000001010100100000000000000000000101000100000101100000000000010100100100001100100010100100000000001001000000000010100010000000001100000000000000000000110000000000000100110000010000000
0000000010100000010000000000000010100000000010000101100000000011000010001000000000001001000000001001000000010000100000101000001100000100000000110000010000000000100010001000000000010000010000000100000000000100000000000001000010010001001010001000000000
0000010000100000000000100000000000000000010000111000001010010000000000000000111010010100100010100000000010011001010000001000010010100001000010000000000000001000110000000011010000101010000000010100010000000001011000000000000000000000000010000000111000
0100001101001001100000001000100110000000000000000000000000000100000101000000001001010011000000000000001110000000000000000100000000000000000001000000100000001001000010010000100000000100000101000100000001100001001100000000000000100000001100100000000100
0000000001000000000000010000000000000001000010000001000110000000100000000010001011001010000100010010010000110001000000000000000000000000010000001010000000100010000101011010000000000000000010000010000000000000010010000010000001010000000000000000000000
1000000000000100000000000001000000000000100000100001101110000100011000100010001010010000000000110001110100000000100100000000000011000100011000000100100000000010000001000000010000000110000100010001000000000000000000000000000101000000000000001100000100
0000000100001110001001000010000001100001000000000001000010001000010100001000000000000000000000000000000000001010000000100000000000111011000000000010100101000001100000010000000000000010000010000010000000000011000000000000010000001000000000011110010000
1000000010001001000010000000001000000000000000000000100000011000010010001000000000000110011000000000000000000000000011001010010000001000001000000000000000100000000000000000100000000100000000000010000000000100000001000000010010001000110000011000000000
0010000010001000000000000000010000000000010100000000010000001010010000000010010001000010010001000000000000100000100100100000000000000001100011001000001000100011010000001000000100001010011010000000000000000010000000000001000000000001100100100000000100
0000000010000000100000100010001001000000000010011011010100000000001010010010001000100001000000010010100000100001010111000100010000000010010010000000000100000000000000011000000000100000000000000000000000000000000000001001000100100000000000100001000000
1000101000000000000100001000010110000010000000000000000000000010100000010000000000000010001000000010000000000110011100000010000000001100000000000000000101100000000010110000000000010001000000000000000000000000100001100001100000000000000000000100001000
0000001001000011000010000000000000100110000101000000000000000000000000000000101000000110001000100000001000000000000100000000000000000001100010010001001000000000101001000000000000010010000010000000000000001010000111000000000000010000001101101100001100
0000110010000000010000000010000000010000001001000000001100001000000100000000000010100000010010010000100101000000000000001100000000000000000101100000000011000010001000000000000000110001000100000000000000000000000000111010010001000010010101000000010000
0000000000000000000000000000000001000000010000000100000000000000000000000000000010000010000000000001000011000000001010000000000000000000010010110000100000001000000000010000000000001000000100000001000000000101100100100011000000101000000100101100000000
0000100011000000101000010000100110001000000000100001001100100000100100100000100000010000010001000000000100000010001101000110100000100000001100001000000010100010110001100001100000010000100001000100100000000011000100000010000000001000010000110011001000
1100000000010110010000000100000000001000010000000001000000100100100000001000110010000000000001011000101010000100000000000000000000001000000000000000000000000100000000000001000100000000100000000001100100000000100000100000000010000000000000110000110000
0000000000000001100010000010001000000000100000100000000001010000000000000000010011000010010100000010001000100000000000010000010001000000000010000100011000000000010100000000010101000000000000101100001000010010000000000010000000000100000000110000010010
0000000000000000000000000001000000000000000100010000011101000000010000101000000000000000000000000010000000000100000000000001000000000100000000101000000010001001001000011100001100000000100000101000001100000011011001100001010100010000000000010001000010
0000001000000100010001010010010000000000000000000000111000100000000000000000000010001001000100010010100001001001100000001000100110010001000000000000000000001000010000000000000000001010010000000000000010010000000000011000000000000101000000000001000100
0000000100010000000100000110000000000100001000000100000000100000000000000000110001000100000011000000000010000000000000001000000000000100000000000000000000000000000000100010101001000000000000000101000100000100110000000010111000000000000100001000000010
1010000000010000110000000000011000100001100000100001011010001010000000000000100000000000000000000000000000000001000100010000000100010000001000000000011010001001100000100000000100000000000000000000001000000011100001000000000000000010000010001010100000
1000000000101000100000011000000100000000001000100000000000000010000000000000100110000001000010100000000000100000001000000000100000010000100000000111110000000000000000001100000000000000100001000000000000101100000000000001011001000010000011000101000100
0001100000000010000000101001001000000011000000000000000010000000000000010000000000000000100000000000100000000010000000000000000010000010000000001001000000000100000100000000000100000001010000000000100000000100001000001000000000010001010001000000000000
0010001000000100110110001000011000100100000000010000000000000000100010000000000010010010000100000000100001000000011000000010000000100000010000000000000000000000010001100000001000000000010100000000100000000000000000000010001100010000000000000010000001
0000000000001001010000000000000100001000011001000101000100000011001000100100000000001000001100000100000000000000001000000000001001001000010010001000000000000000000000000110001000010010000001000000000010000100000010000000000010000010100010000000010000
0000000100000000101010001010000000000010100010001100000000000010010000000000000000000010000010000000000001000000100000010000100100001010000000010100000010000000000011001011000000000000000000000000000010000000010101000000000000000001000000000000001101
0100000000000000000000001000000100000000100000001001000100010000000010001000000000000000000000101000001000000000010000000000000000000101000000000000010000000000000000000001000000100000000000000000000000010001000010000001000001001000000001010010010000
0100110000010000010001000001100001100000010000000010010100000010000100000000000000010100000100001000000101000000000010000100000001000000000000000001000000001000000000000001001000010000000000000000010000000000001001000000000000001001100001000000010000
0100000000000001000000010010000000000000101101000000001000000000010100000000000000000100000001000000000000000000000000001010100101010100000000000111000000001010000000000000001000101010010010000000111000100000100011011000000000101000001100001000000000
0000001001001000001100000000000000100000010110001000000011100010000001000000110000000100000000001100001001100000000000100010001000000000001110010101000000001000100000001100010000000000000000000100000100000000001000001000000000000001000100000000010101
0001000000000000000010000010000000010100000100000000000000010100000011000010000100100001010000001000000010010000000100000000000000000000001000000000000000100000100000000000000000000000000100000000000001011100010000000000000000011101000000010000010010
0000010100000000000000000110000010000100100000000000000000000000000000000000000010001001000000100001100000100000001000100000000000001000000000010001000001010000100100000000010010000000000100010001000001011000000111001000000100010001000001000000000000
0000000001011001010000100000101000100100010010000100000000000000010100000010001001000001000000000000100000000100100000110101001000110000100000001000000100000001000000000000001000010000100010001000000000110000000000000000010010100000000001001100000010
0000001000000100000000000000000000000100100001000000100000000000110000100000000000101000010000000100000101000000100000100100000000001000000010100100010000010010011001100000000000000001001010000000010000110000000010000010000001000001000000110010000000
0111011111000000100000000000000000010000000000000000100100000100000001100000100000100101001100000000010000000000000011000100000100001010100000000100000000010000000000000000000000000000000001000000000000000101010000001000000000000000000000000100000000
0010000100000000010000000000100100100011000000100100000000000010000000000000001100001000010000000001010000000101100100000000000000000010000100000000001000010000000000000001000000000000000010000000000001011001100000000000000000000000000011010100000010
0100010001000000000010000000010000000000100000110000110000000000100000010001000010000001001100001100000101000010000000100010000000000000010100010001000001101000100010100000010000001000000000010000000000000000000010000000000000000100000011000000000000
0000001101000100000011110000000000000010000000101001000000001000111000000000000000100000001000000000100000001001000101000100000000010001001000100100000000010100000000011000001100000000000100000010000000000000000000000000100100000000000010000000001100
0100000000000001000000000000000000000000101000000000000000010001000000010000010010010000000000000000000001001010101000000010000001000000100010010010001000001000000000110000000111100000000001000000000100100000000000000000010100000000000000000000000000
0010010100010010000000000000000000001100101000000100000000001001100000000001000010000000000100100100000101000100001010000110100000000001100001101001000100000000001000010000100000000000000000000100000001000000000000000110100000000101000000000101000000
0000000000000000001000000001000000010010000000001001001000000100000000000000000001000100001000100000000001100000010000000100001000001000000010000100000001000000011010011001100000000100000000110000000110000000010000000010100000000000000000000000010010
0101100011100000000000000000000000010001000000001000100000000000000100000000000010000001000010000000010000000100010000000000001000000000100010001000000101100000010000000000000100001000000000000011000010000010100000011000000110000000010000100000000001
0010000100000000000000000000000001010001001000010000000000010000000000000000010110100110000011000000100010000100000000000000000010100100010010010010000100000000000110000001101101000000000011000000100000000000101000000000000000000000100000000110000100
0011000000001010000000010001101000000101010000000100100000000001000000001000110100000000000010000100010001100010101000001000001000000100000100000100000000000010000000010100001100000000000000000000010000000100100100000011100110010001000000010000000001
0101000000010000000000011011000000000001000100101000000000000100000000000010000001000000000000000000100000010000000101000000010100000000100000010000000000000001000100000000100000000001100100010100000100000010110010011100001000010010100000001000100001
1010010001001000000000001000000000101100100000000010011100000000000010000000001010011000000000001000000000110000100000010010101100000000001011001110110000010000000000111000000000010100000011000101000100000010010000000000000010000011011100000000001000
0000000000000000000000100101000000100000000000001000000000110000110100001100000000000000010000000000010001000000001000000000001001000010000100000000010000000000001000000010000011100100000000001000000000001001100010000000000010000000000000100000000101
0000000000000000000100010100000000000001000010010010000000000001001100000100100000011000100010100000010000001111101001100000000000100100100000000100000000000100000001000000000000010000001000111000000000000100100001100000010001100011000101001001000010
0010000100011000000000001000000000000100100000000010011000010000000000100000000001000001000000001000010100000001000001000010001001000000011000000000000001001000000000000000000000100001010100000001000000000010001000010100000000110001110000000000000000
0010000000010000000000000001000000000000000000000000000000100100000000000100100000000000000000001000010000100000001001000000101010000000010000000000011000000000001000000000100100000001000000000010000011000100001000000000100010001000010000000000000010
100 242
98 225
