250 250
0000100000100000000000001000000001000000000000010010001010000001000000010000010000000110010000001000000010000000000010100000000000001000000010001000100000000000000100011000000001100100000001010000000000100000010000001000010000100000000000100000000010
0001000000001010000000000000100000001000110000000000010000000001001001000000010000000000000001010011000010100001000000000000000000000011001000000000000001000000001101000000011000000000000000000001100000000000000000000000000010001001100000000001000000
0000000000000000000000010000000100001001010001101010011000000000000000011111000000000000000000010000000000001000010000000011000000000000001000101000000000000111010001000000001100000000100000100010100101000011010100000101010010001000000000000000000000
0001010000101000000010000001000000000001000000000000000001000110010000101000001000001000000000001000010000001000000100000100000000000000001000000010000100001001000000000000000001000000000100000010000100001000000101110000000101000100001001100001000000
0001000001000000000000110001000100100000000000001010000000010111000000011000000011110010000000000001000000000100010100000100000100010110000000000100000010001000010100000010111000000000000000000001101000000000110000000001010000100000000000000110001000
0000101100000000001000000010100100100100000010001100100000010000000000100010000001000100000000000000000000000100000000000100000000000011000000000010010100000010000100010110000000000100001010010010010100110000100000010100000000000000000100000000001100
0000000100000000001100000000010001000000000101000100000000001000001010000000000000000100000000111000010000010000000001000000000000000001011000001001100000000000010000000000000000000100000000001000001000001010001000000100000000000000100000000000100000
1001110000000000000000000000100001001000101000000000000010000000001000100000111100000001000000001010110001000000000000000001010000000000000110000000010000000000000000000110000000010110000000010110100000101000000001000010100000001101000000010000000000
0000000010010100000010000000000000001101010000000000000000000000001000000001010011100000010100000000100001000001000010000000000000000001000000000100000001110000011000010010000000000100100000011010000000100000000010001001000000000000000000100011001010
1000000000110110000001000000000001000000100000110000000000000001100011110010000010000000001110000010000100000001010000000000000001000100000100100000000000001000000000010110101100101000000010010000000000011000000000000100010100011111001010000011000001
0011110010000010000000100000011000000000000000000101000100000000000010010000100010000111001000001000001001010000110000000000000000000000001001000001001001000101000000001001100000000000000000000100010000001000000000000000000000100000000000001001000001
0000100001010001000000000000000000000000000101000000010000000000000000000000010001000000000100010100010010100000011000000000000000001000000010000000000010000000010101000000000100000000000101000000011001001100000110100000001000000010000000001000000101
0000000000000000010000001000000000000000000000100000010000111000000000000100000001001101000000001010010100001001000100000010000010001100001100000010100000000001000000000000000110000001000000010000000000000000000000000011000000000001000010000100100000
0001000001001110001000000000000000010100100000000100000000000001000100000000001100110001000010000110000000000000000000000000001001110001000010000000000000001000000111000010110001010000001000000101000001000010010001001000000000000100000000000001100000
0010000000000010000000000010000100000000000100000001000001001010010000000000001010000000000001001011100000100000001000000000010000000000001000000000000100000000001000000000000000110000000100000010101010000000000001000100000000000001000001000000100001
0000011010000100001100000000000001000101101001000001000000000000100000000001000000000100001010100010000000100000000000010010001000000000100000001100010100010000100000000000100000000100100001010001000010000000000000100001000011000000100000000001110010
1011000000100011010000000000010010010000010000001000000010000000000000001000010000000011100000000110100000000000000000000000100000000000000000000000010000000000000001000000000100000000000110001000001000010001100010000101001010000000100101000000010000
0010000000001000000001011000000000000000000100010000010000000000000000010000010010000100000000010100100000000000000010000000000000001000000000000101000011000100000000001000010001000000000000100001000000110000010000000010100000010000000000101000000000
0000000100000000001000001000000000100000100110000000001001000100000100000000000010010000000000000000001011000000100000000000010000000000000000001000010000000010000100000001000010000000000000000001100010000001000000000000000010001000100000001000000000
0101100111000010000000010001000000001000000000000010000110000000010000100001100010000010000000000000000000000100000000000100000010000010000000100000000100001000000010000000001000000000010010000000100100001100101000000101001101010110010000010000000010
0001000101111001000000000000000010001000010000010010100010100000010010000000001010000000110100000100000000001001000000101000000000001001100000000000100100000000000000011000001000010000100101010000000000010000001001000000000000000000000001000010000010
0000000000000000000001100000100000000010000000010100100000100001000010000000000010001010000010100011000000000000000000000000100010100100110000110000011000001000010010000100000000010010000000000010001000010000001000000001010000000100000000000100000000
0000011001001000000100110000000010000010010000000001000000100000000000000000001010100000000101011000001000000001100001100100100000000000000001100000000100000000001001000000000000001000000000100100001110000010110000100000000000010000100000101000000100
1000000001000001000100011110000000000000000110000000000000000000100011100000000000000000000000010001101000000000000010000000001000000000010100101000000100001100000000000010010010011101001000001001000000001000001000000001000000001000000101010000010001
0000001100000000011010000001000011000000000000000001001010011000000010001001001000000010000000000000011001000100000000000100000100100000000000100000000000000000001000001000000100000000000100100000010000000000010001000000000000100000110000000001000101
0000010011000000010000010000100000000000010000000000010000000000101001000100100000011100000100000000100010001000001000001010000100000000001000001010000100000001100000001000000100001100000001001000000000100000000100001000010000000000100101000000000000
0000100000000000100001101000001000000000000110100001000100001100000000000100000000000000000010010000000100000011010110000001001001100010000001100111010010000000001100000000000000100000000100010010001100000000000000010100100100000100000000001100000010
0000000100000001000000000000110100000000011000100101000000000000000100000110101110000100110000100100100010100000011000100100000101010000001010000001000000001011010010000000000000011000010100000000000000000000000010010011000000000010100000001000000010
0010000010000000000100100000000000000100000110000000000010000100010101000000000110010000000010000000010001000000000001000000001100000000000000000000011010000100000000000010001011000000001000011000000000000000000000000110011000000011110010010000001000
0000001100001010001000000000000000000000000000100101001001000100000000100000000011000010000010010000000100000100000001101000001000010000001001001010000000100000000000000010000000101000000100100000001010001000000000000010000000000000000011010001000000
0000101000010000000001100000000000000011101100100010000000000001000000000000010000000100000000010001000110000001000001100101101000000000000001100110010000101000000110000010000000010000000000001100000000000000100000000001000000100010010010000000000010
0000000000101000000100000100000000001100000100000000000000000001000010100110000010000000101000000000000000100000000000000000000010000011100000001001000000000000001000000000100000000000000101110011000010000000100000011000000000100001001010100000000001
0000001100000000000100010000000000000010000000001010100000010000000010000000000010100000010010000000000000001000000010001100100000000000101100000000000000000000000011100111000000010000000000000101100001000000001001100001000000000000000000000000000010
0000000011000100000000000000000101001010000000010000010010101000001000001010000000001001100100001010001001010001000001000100000001000000000000100000000000000000000000000000010000010000001000000000001000000000001000000010010000000000000001000000001000
0001110000001000010100000000000000001100100001000001101000001000000010100010000000110000000000000000000100101000101000000000000000000000000010001000001000000100000010000000100000000000100000000000000000100110010000100000000000000001101000010101000010
0010001000000000000000000000000000001000001000000000001000000001001000000110000000001110000101000000000010000100000000111010010000010000000000000001000100010100000000001001000100000000010110000010000000100000000000001010001000000000001001010000010110
0000000000000000000000000001000000001000011000001000000101000010010000000000001010000000000010000010000010011000000000000100000000100010100000000000000000010000001101010000000000001010000000001101001010000000001110000001110100011100100000101000000010
0000100001000000000000000000000010100100100000001010000010000000000000000000000000000000000000001000101001000000000000001000000000101100001000000000000010111101011000010000100001110000000000000010000000100010100000000001001000000000000000000000000000
0000000000000011111000000000100000000000000001000000000000000001001001000000000000001110010000000000001000000000000000000000000000000000000110110100001001000000101000000000000001110101001000001000000000000000000000000000110110000000000000010001000000
0010000010001010000000010001000110000000000010010000000010010000001000000001010100000001010100100000001000001000001000000001000011000001001010000001000000000000001000001010000000000110000000000110000001000000000110010010111000100011000010100000001100
0010000011000100010000000000001100000000000000000000000000000110000010010100010010000000100100000000000000000100010100000000000001101001000000000000000010001000100000001000010000000000000000000000101001000010000001000000000000100000000000000000001010
0010000100000000000000010010000100100000000101000001100000000000100000100010000001000000000000100000000000100011000100000000000011000000100000000001000000001000010000000010001000100000100000001100000100001001000101000001010000000000000001000010000100
0000001000010001000010000000000000010100010100110001000000000000000000000000000000100000000001011000000000001010000000100001000010000001111000100000000000100101000000000000101001100000000000000100000000000000100101110000110000000001000000011000001100
0000000000000000000000000000000000000000010110000000010000110010010000001000100000010000000010000000000000100001000000000000010001000001000100000000000000000000000000110000010001000100000010000000000000000010001000000000100000010000000000000100010100
0000000011000001000000001100000100000000000100010000010010010100000101000000000000010010001000010000000000000000010010100000100000000000100000100000000110001000000000000000000100001100000000011101000010000010000010011000000000000000000000001010001100
0000000000000001110000001000000000000001001000001000001000010100000001000100001000100000100101000001100000000000000000100001000000000001001000000010100000000000000000000000110000000000011000000000000100000000000000000101000000000001100000011000101000
1000001000010100011100000001000011100000000100001100010010001000001000000010000000101000000000000000111100000000000000000000000000000000000000110001000000000000100001010010100000001000010010000001000000110100000000000000000010100100000000101100000000
0100001101000000010110110010000011000000100000000100100000000000100000010000000000100000000000000000000100000000000000100000000010010100100000000000000001100010001000000000110011000001000100000000010000000010000000000000010000001100101000001000110000
1001000000000000110000000010111001000010100100010011000100000011000000000001000000101000000000101000010000010000010001000001001000000000000010111001010100000001111000100000000000000000010010000000000000000000100000000010000000000100000011000010000101
1100000100011000010000000000000100100010011000101010100101000000000000000011010010001000000000001000000100000000100001001000000001000100010000100000000000010100000000010010000000001000110111000001000001000100010010000011000000100000000000010011000000
0000000000000000000000000000010001000010000101100000000000001000000000000000001000000000000000010000010010100001100011100011000001100000000000000000111001000000011000010000000000000010100000001001010100000001000110001100011010000001000100000000000000
0000100000000010000000000001000000000001000001000010000100000101000010000001000001000000100000000000000000001000000000000000110010001000000100000000000110000000000000000000000000000000000000000010000000001100110000000100000000000010000100000000100100
0000000000000001001000000010000001100011000000100000010101110000000110100000000000010000011110010000001000000100000101010001001110001100100000000001100001000000000000110100100010000000000000001000100100010100010000010000000100000010011000000000000000
0001010000000000000000100000000000000000000001010000000100101000010000101000100011001000001000000100001000000000000000000000000000000011000010000000000100000000001010001011000000000000000000011001100001100000000110000000000000000000000000000000000000
1000000000000000000110010000000100010001100000000100000000000000101000000000000000001000000000000001000000100000110001000100001000100000000000000000100110000000101000000011001001100000100010000101100000100001000000000000010000000000001100000000001000
0100100110000000001000010000000000000000000000000011000000010000011000000000000001000100100000000000000000010000000100100000000000000000000000001001000000000000000001000010000000000000001100100000100001000010010000001001000101001000000110001000010000
0010000000000100000000001000000000001000000000110001100000000100000100101000000000000000000010000000000011000000000001000010000110101000000010000100010000000000011000000001100010001110001000101001000100001000000100000100000000000000000110000100000111
0100010000000100000000000010000010000000000001001000010000000100010000010000101101010000000100000110000000001000000001000110001100000101001101000001000000000000100000000000000000001001000000100000000000000000000000000000011000000100100100100000000101
0000000000010110100000000000010001000000000000000000001110000100000000000000011100000000000000000100100000000001000010000000000110001110000110010000000000001001000100000001000000010000000001100000000110000000000111100000000010000000010000000000000000
0000000000010001000000011000000001000001000010000001100001000001000010000010001001000001000010010000000100010000000000000000100000000110000000001000000000101000010010000000000000001000000000100000000100010000101011000100000001100101000000000100000000
0100100000011001100000001000001010000000001010000000000001001100000000000000000011010100000010000000000000000000000001100001000000000000010000000110000000000010000000100000000000000001111101010000000000000001110001100000010101000000010000010010010000
0000000000011010000000000000010100001000100110000000000000001000000000001000001000100111100000000000000101000000000000000000000000100001000000011001000000000000100000000000000000000110000000000000100001000010000000000000101000000110010000000010100000
1000000010100000000001000010000100000110000001000001000001100100001000000000000001000000000000000010000100010010000000000101001100000010000000000000001010000000000000000001000000000000011000000001000010010100000000100001000000110000001000010010010001
0000000111000000011010001001000000000100100000110000000000001001000100100010001000000000100000000001001000100000000000001001000010000000000000010100000010000000000010000000101000001001000000000010000001110000000000000001001000000100001000000000000000
1001000000001000010000000000100000100000000000100000000100000000000000000100001000100000000000000100001000010100000000001001000000000000000010000000010000000000000000011101001010000101100001000100010001001000010000001010010000000000000000000000001100
0010001000000001010000000100000100001000000100000001001010000000111010100000100000000000000000100100000000001010000001100001000000100100000000010100000000010000000100000000000000000000000000000000000000000000100000001000010000000100000000000000000000
0000001000000000010000100100010111000100100000010010000000010000000001000110100011000101000010000100010010110000010100000000100000001000000000000010000010001011000000000100000000000000001000000000010000000000000000100100001000001000000000100000000000
0000010010001000000000000000000000010000000100000100000010000100100000001000001000100001001110000000000000001001100010001000001000001100000000000100000100010001001000000100000001000010010000001011000101010010001000000000001000000001000010000001010011
0001000000000000101000000000000000000000000000010101000000110000000000000001000000001110100000000100010000101001001000000000011000000000000000000000000100010010001010101000000000000000001011000001000100000001000000000001000000000000100010000100110000
0000000000000001101000000000000000001000000010001100000000010000101000010100000000000000001001001100100100000000000000000000000101010000000001000000000000000001000000001000100000101100000100000000000001100000001010010000000000000010000000000000110001
0010000010100000000110000001000000000101100100000001000001011010101000000000101000000001000000000100001010001100000010010000000000000100000000000000110000000010000000010000000000000000000100000000000010010000000010000010000000000001001000010000100011
0010101000000000000000100000010001001101001000000001100001000000100000010100000000001000000000000000010000000000001010010000001000001001100001100000000000011000000000110000001000001110000000001000000100000000000000000001000000000000011000000100010101
0000000011100000001000010000000100010000000000000000000000000000000000000000001000000000000000000000000100100000010100000000110101000101000000000000000000011000000000000100000010010001010010001000000000001000000101100000000000010000001001110000000000
0000000100001101000000010000010011000001000001000100010000000000000000000100010010001010000010000000000100110100010100000001010000000010010000000000000010100000000000000000000001000000000100000100010001100100100000000100010000010000010100100000000010
0000000000000001101000000010000001000001000000000001010000110000000000100011000000001000000000000000001001010000110000000000000001001010100000000010000100000100000000100010000100000001000010010000001000001001000010000010000011110000000000000100000000
0000001000000110001000000000000000000000000000010000101001000100001000000000000001000101000111000010000100000000010000000000000100000010000000101000100000110000010000100000000000000100001010000000001000010000000000000110011100001000000010010011000000
0100000000000000110000001101001000010000000001000000101000000000100100100000000000100100000000000000010000001100110001001010010000011100000100010000000000000000000010000000000100000000100000000000100000000100001110000000100000100000010001000010001001
0010000000110000000100000000101100100001000000000010000001000101000000100010001010000000000000110000000101010000000000001000010000010000000000000010010000100000100100000110000010000100000010001000000000000000001100000000011000000001000001000000001100
0000100000010000000101100100001000000000100001010000000001001000000100010000000000000100010100000000011001000000000000100000010100000000001000011010000010000000000001000000010010000010000010000011100110000000000000100001110100011000000011000000000000
0000001010100001000001000001000000000100000000000000110101000100001000000000000001010000100100100000001000111100110100000100000000010000010000100100000000000011000010000010000010001100001000001001000000101001000000001000001000000110000000000001000000
0000000000011000000100001000000000000000000000010100100010001000001100000100000000000000010100000100000000000010000011100000001100000000100011000010001000000000010000001010100010000000000000000000001000001001100001000010000000000110000010001000100101
0000100110000000100100000001000000000100100000000000000000010100000100011100000001000000000001000000000000000000000000000000010000000010000000000000010010000000000000000000000000000001000000000011000000000100011010000000000000000000000000001010000000
0011001001100000000000000000100010001010000010100100000110000010001010000010000000100000001010000000000000000000010000010010000010010000100000010100000010000000000000001100100100000000001100000100100100000000000101000100000000101000000000000000000000
1010001000100010000010000010000001001000010000000000000001100000000001010000000000000100000011001001000000000000000000000010001100000000001000000000000000000000001000010000000000000001010000000101010000000000000011001000010000010000000000000100000000
0000000000000100011000001100011000000001000101000000011000000000000000001011000000000000000010100000000000000000100001001100000001000000010000000001000000000000100100001010001100000001000000000000000100001010000001000100100000001100110010000000100001
0000000111000000000100000000000100000000000111010000100000000000100000010001001001000011001000010000000100001000010000100000000000000000000001000010000000001100000000000000000000010000100000000010100000000000000000000001000000100100101101000001001000
0000000000010010000000010000000100000100001000000000110000000100000000100010000000000000000000001000000100000100000000101000100000011001000001010100000011010011101000101000100000000001010000000000000001000001000000000000001001000100010000000001110000
1000000000000000000000000000000000100000000000000101000010000011000000000010000001000110010000001011010100000000000010000100000000000010100000001100000010100010000100010000000000000010000000000000101010000010000100000001000000010100000010000101000010
0100001000010000000000000001011000000010111101100000010010001000010000001010000010000100100010100000100100001000000100001000000000000100000001000000010111110100101000000000000000000000000000000101000000000000000010000000100000000100100000000001000010
0010100100000000000000000001000000000000000010000001011100000000000000000010000010010000010000000010000000000000000100000000001000001000101010100000001110011001000000011100100000000010000000000000000000000010000000000011000000000000100000010010000011
0000000000100010010000000000100001001001010100001000000000000001001000001000100110000100000001101000000011010000000001000000011000000001000110000100000000100001010001000001001000000000000000000000000001000001000000000100100000000011011010000000000000
0000000000000000001000000000001100011101100001000001000000000001001000110000000001000000000010000010000000010001010101000000000000010000000000010000000000001010000000000000000000110000000000101000000000000000000000000001000000000000000000010010011010
1000100010001010010000000010000000010000000000000000100000000001000111000001010000000000001000000000001000010101000100100000000000000010001000100000000001100010000011000010010000000010000000000010000001010000000000100000001000000001000000100000000001
0000000000000100000001000000000010010000000100000000000000000000001000010000000100000001000000000000010001100000011000100000100001100000000000000000000010001000100000000100000010000000000100100000000000000011000001101000110000100000000000101000010000
0000001000000000010000001001000000001000000000000000100010001010001001110000000011000000010000000000010000000100100001000010010000100000000000100000000000000000000011001010000100000010100000000000000100100000000011101000000000000000000000100000000010
0000001010000100000000000000000000100001100000010010001000100000000100000000000010000000110100000000000000000100100100000100000100000100000010000001000000100000111000000000100000001000000000000100011001100000000011000100000100000100010000010000000010
0000001000100010110100010000000000001010001000100000000001110000010010001010100000000001001001011000100000001010100000000100000001010000001010000000000010000000100000000010010000010000000000100000010000000001000010011000000100000000000011010000000010
0100101100000000000101000010000001000000000100000000001000000010100101001010000000000101001010011000001000110001000000100110000001000000000000011000100100001000000000000000000010000000000000000100000000010010000001010001000000100000001101001000000000
0000000000000000000100000100001000000010000010000000000000000000000000101100010001000000010010000001001000010001000000000000000001001000000000000000000010010001000100100100001000000100000000000000110000000100100000000100001000010000000110000000010001
0001000110000001000000001000010000000000100100000000011001000000000010100000000001100110000010000000000000101010000000000110000110000100101000000000010000100010000000011000000101010000000000000001000000000000100000000000000000000100000000010000000000
0000000000000000000000111001000100011000010000000001000000000000110000000001000010000001000000001001000001000000000000010100000000000000100000001000101110000001010000000000000001000001000000000000010000000001000110001010000100000000000000000000000000
0000111001100000000000000000000000000000000100101001000010100000100000001001000000010000000001000000000100000000000100000000010000000010000000110011000000000001000000000000000000000000000000000110100000110000000001010000000000010000000010000110010001
1000000100010000111000000000100010100100000000000001011100000000001000000001110000000000100000000011000010000000000100000100000010001000001010000000000011000001001000100000000000100100100000000000000000000000001110011001000001000001000000010000001000
0000000101000000000000100010000000000001010000000000101001011000000000000011000000000000101100000000010100000001010010000001010000100111011011000001000000000000000001000010000000000000000000001000110000100110000000001100001100000000000000000000000010
0000010000000000000000001000000000000001000010100000100001000000100000100000011000010011000000001000100011010000000101000001000000100010001010000000000000100000001001001000000000000100100101110000010000000000000100100000001000101000000001001010000000
0000000010000000100000001010001001000100010100001110000000000000000011100100000001000000000001100000000000010000000000010010001100000000000000000000001001001101100000000000010000000000100000000000000100000001000010000000000000100000000000101001001000
0000001000000000000000010011000000001010000000000000000101000000010001010100000000000000000100010000000000000100000100100000000000001000100010000010000100000001000001000001000001010000000000000011000111011010111001000000000010001000101000100100000100
0011000000000100000000000000001000001000100000011100000000000110100000000000100100000000100000001000000000001010000000100000100000000100000000000001001000000000100101000000000000000000000000000101000000000010010110011000010110100000001000100101010001
0001000000001010000000000010000000001000001001000010000100000001000000000110010000000000001000000000000000000000010010000101000001011010000000100010000001000000000000000101000110000000000000000000000010001010000000000011101000000001000000000100000000
0001001000100000000000001000000001000100100100001010000000001100000000000011100001010010000000000000000000000000001000010010010000000000100000000010000010010000000000000000000000000000000000000100011100000000011000000010100100001010100010010000000101
0011000100010000010000010010000001000000111000000000100000000000000000001000000100010000100000000101000001010000010001010010011010011001001100010000000001000000000010000000010000000001000000000000000000001001010000000000000010011000000000010000000000
0001000110010000100100000010000000110001001000000000100000100010001000000000000011010000000010000000011101010000001000000000000010000000100101001000100000000010001100010011100000000010000000010000010000000000000000000001010001000000000000000001100011
0001000000100000000000000000000100000000000100110000001001001011000000000001100000100100101000011001100000000000010000000101010100100001001100000000000010000100001000001100001000000000000000010001000000010000000010000001000000000000000100000000010000
0000000000000010010000001000000010000010001110000110000010000100010000000001000000001001000000100000000100000011001010000000000000001100100000010000000000000000000000011000000000000000110000100000000000000001100010000101000100001000000000001000000000
0000000001101001000010000000000000011001000100000001000000000010000010000000000100000000000000000010000100110001000000000010010000000110000100000000000000000001000000000000000011000100110000000000001001001000000010100000000000000000000100000000000000
1000000000000101100100001000000100000000010100000000000010000000000001000001100001100001100000010010010000010000000000000001011100000000000000000000010010000000000000010100110010000000001000011000000000000000001000010001010000010000000000000000000000
1001100010000100000000000000110000001001000000000110000100110000000110000000001001001001100011101110110000000100000000000010000100100100000000001000000000000000100000000000100001000110110001000000000000000000000000100000000001000000000001001000010001
0000010001011000000010001001000010000010010100000101000000001100000000000010000000001000000000011000001000000000010000001010000001001000010000100110000100001000000110000000001000000001111000001000000100000000000000100000000000010001000100000000001000
0000000001010011000000010010100000001000000000101000000001000010000010000000100100100000000001100110000000000000000000000001000000010011000000000000000000011100100000000000000001000011001100000011000000110110100101000000100000000000010000001000000000
0001010001100000001010000100010000000000000000000000000000000100000000110000001000000001000101000100101000010000000001000100000100010001001010100000000000000000000000110000001000000000000001000101001000000000000010000100010001000100000000110100101000
0100111100010101001000100001000000000001000110100000000000000010000100000100000010000101011110000011001100000010010000001110000001001000000000100001000000001001110000000010000100000000000101000100000100000001000010000100100000000000000010010000000000
0110000100000000000001100000000010010000001000000000010000000000010100000100100000000000000100100000000000000010010100000000010001110000000000000000010000000001000010010000000000000000100000000001000100000100010000000101001000000001000000000000000001
0001000101010000000100000100000000000000000100000110010100100000100011100010100001001000000100000000000010101000000010100100101000010010000000000000000001000000000100000001000000001000001000000000100010000001100100001000000001001000000100000000000000
0000000010000000000000000100101000100110000000110100100000001000100000000001010010000000000001000001001000010110100001110000001000010000100000000000000101100100010011000000001000000100000001110100000000000100000000000100100000010000000000100000000001
0000000000000000100001000100001100000001000000100000000001000000000000101000010100001100000001000100000000000001000100000000100000000100101110010010000000000010000000000101110000000110001010000000110000000001000100000001010010100010000010000000000111
1000000000100000001100000000010000000000000000000001000100110001010000000000000100010001100000000000000000000000010100010000001000000000000000010010010111100000000011100100000000000000000000000010101000100000000100000000000001100000000000010001010000
0000001000010010000001001010001000000000101010100010101001010100000100010000000110000010110000111000110000010000010100001000001100000010000010000000010100110010001001000010100100010000001100100010000010100001000100100000100000100100010000000100001100
0001000001000000010000000001000000000000001000000000000000011100000101000000000100001001000000000100001000000000000000000010001000001000001000000011000011000000000001000000010100101000000000000001000010000000000000000000100000000010000100001000010100
0000000000000000000000000001000000010000000000001000000010100110101001001000100000001010000000010000110000000000000000100000000100000100010001000000100010000000100001010000011000000100000000000000000010000101101000000000010000010001000110000000000000
0100000000000000000101001100110000000000001010000000000000001000000100000000100000000100001000000000000000001000000100000010000100000000000000000000011000000000100000000010000100010011100000000110000010000000000010000100000000000000000001101000000000
0000000000001010000000011000000000001000001000100000000001000000001000010100001010101000100000000000001000000000000000011000100010010110100100010101001000000000000000000001000000100100000000000000110100100000010001100100000000000000000000000000000000
0000000000011000001000000000010000000000010110000000001000000000000000001100100101110001000001010000000001000000000000001101100101000000000011010000000010001000000100000010011001000010110000000000100100000000001110011000000100000011000001010000000000
1100010000000001000000000000000000000001000000000000000101000000001000110000100000000000000010001100010000000000000000000000000001000010000000000000000000000010010000000010000000000100000001000000100001000010000000000000000100100000000100000010010100
0100010001010001000010000100000100110000000011000010000000100100000100000000000000000100000000100000000110000100000000001010000000000000000000001011000100000001000001000000010100000000000000010000100100000011000000101000000001011000000001010000000000
1000000000000000010000000000000000011000010100001000000000010011000000000000001010000100000100000100000100010000100000001001000001000000000000000000000010000000001000000000000000010001010000100100011000000001000000100000000000000110000100010111000000
0100000000011010000010000000001000001000010100000000000100000010000000000000000000000000001001000001010000001011000000000000001000000000000110010000000101010000001010000000010100000010100000100001100000000000000001100000011100000000001010000000000000
0000000000000010000100000100000000000000000100000000000010100100001000000100000100000100000000100000100010000000000001000000001000000000000010000010000000011000000010000010010010011001010000000000101000010010001000000000010001000000000010000101000000
0100010010000010000000001000001000000000000001000000010000000010000000000011000000001000100000000001000000101000000000111000000100000100000000010100000000001000001000000010000001000000000001100000000001000010001001110000000010000001010001100000000100
0001100000000000000000010000001000000000000010000000000100100000000000000000000000100000000000011000110001000000000010000000010000001001000000000000100000000100000000000000001000000001000101010000000000000000000100000100000101001000000000110000000100
0000010001000000000011000000001000000010000000001000100011010000110001000010000000000000000010000000000011000000001010000000101101010000100001000000000100000000000000000000000000001000000000000000000001000001100000000000010100100011000000000010000100
1000010000000000000000000010001011000000000100011010011000000100000000001000000000000000100000100000100000000110011000000000000000000110000001000000010000000010000010000000000011000000100010100000011001000100000000000000000000001000000100000000001000
0000001000100111001010000110000011000000000000000000000000001000000000100000000000010000100001001000000000001000000001000000000001001000101000001010000001000001100000000010110000000000000000001000100000000000000000000001000000000000000000100001000000
0001100000000010000000000001001001000000000110011001110000101000010011000010000000010001110000000000100000000000100000000000000010001000000100000000000000001000001101010000010111000010000000000010001000100000000100000011000000101011000000000000001000
0101010000001000000000000010000011000000000000000000100010000000111000000110000000010011101100100000010000011111000110010001000001000001000100000000001000000000110010000010100010000011010000010100000001000000010001010000100010001000000000000000000001
0000000000100000100001000000011000000100100000000000000000000010000100100000001000100000101000000010100000000000000011000000000001000000000000100010000001000000100010000000000000000010001000000011000100010000000000001000010000000110000000010000000010
1100000100000100000000000000100100001000001000000000000000001101100110010000000000010000000100001100001100000000000100001000000000000100000000100000000001000000100000000000000000000000000100011000000001010000000000000000100100000100000000110100000110
0000000000101010100000000000000101000000010000010011000110000001001001000001010000100100011000100000000000000000100101000000000001011000000001000000000100000001100000100000000000010000000010000000000000010000000000000000000000000001000100001001100000
1000110000000001010100001000010000001000001100010001010001000001000001000000100010000100000000000001011000011000010001010100000100101000000000010000000001001100010000100010000000001001000000000001000100000010000011000100100000001000000010011010010001
0000000010100000000110000000000001000100000001000000100001010010000000001000001010000000000001000010011000000100100110000000000000000000011000000000000000001000000100100000010000000001010000000010000001100100000000100000000000100000110101010000010000
0000000000010000000000100000000000000000000010001001000011010000000000100001000000000000010000001000000000000010000000000010000100000000000010000011000000000000010000000000001011000000010010011000000000111000001100000000101000010000000000010100000100
0001000100100000000010000001010000001100000000000000000001000000100001000000000000000000000000000000011000000001011000010000000000001000100010100000110000000000010001000000000010000000110000000000000000001010000000000001000000000000010101101010000010
0000100100010000000000000000000000010000000001000000001010110000010101000000000000000000010010000100000101001000100000000111000000010001101000010000000000000010100000000000010000000100100000000000101000000000000000000011000100000010001000000001000000
1000000010001000000000000000000100100010000101010100101001001110100000000000001100001100001011010000000101100000000000000000001000000000010010001000010011000000000000000000000010011101000000000000000000011000000001001000000100000000000010000001000000
1000100100101000001000000000000000100000000000000001000000100000000001100100011010010100100000110010000100001000000001000111010000000000000101001001000010000000000000000010000000000001000001000000000100100010001000110000001000100001110001010000000101
0000000010000000001001000000001000001000001000011000000000000001010110000000100000000100000100000000000010000101000000000000000000001000010000000000000111000000000010000000011000000001000000110000000000000000000010101110000010000000100010110101100000
0000000000000000010000100000000000010101001011000001001000100100000000010000000100000000000100100000001010000111001000110000000000000000000000001010000011110001100000000100011010000000000000000000000100100000000001001000000011011000000101000100000100
0000000010100000010000010000000000010101000000010000000000000101001011100100000101000100000000000000100000000000000000000000000000010000000000110110000000000010101000000100000000011000000000010100100000001000000101001000000001000000010100000000010010
0000010000000100000000100000000000010100000010001000000110000100101000010100000000000000000001000000000000100000000000000010100000010000010000000001000000000100100000000000011001000100000011010000000000010000000000000000000010000111000000100000100001
0001000000000001000100000000100010100010000000101100001001000000001000100100101000000000100001010010010000000000001100100000000000000000000000011001000000000000000000000110000000000000001000000110000000000010000100000000000000000100001000000000011100
0010100000000111100000000000110000000100000010000100000010000110001000010000100000000000000000000000010001000000000000010000000010010000101001001000000000011000101101000100000011100010000000100001000001010100000000100000010000000100100000000000000000
1001000000000000001000000000000000000010000000000001000010000001000010010000000000001000000100000000000100001110010000000110000010110000100100010000000000000000111010000100010000001000001000100000000000010000000100000010110010010010011100000000000000
0001010000011001110000010000000100001001010000000111000001000000010000000010000000000100100010000000001000000001100000000001100000010000000100000111000000000010011100010100001000010000010000000100100100000000010000000000010101010000000010100101001000
0000001000001000000000011101100110000000100000000001100000000000001000000001001001000000010000000000010000011110000000000010000100100100000000100000000010010000000011000000010010001000000000101000000000000010000000010010000010000000000010001000100000
0000010000000000000000000001000001000000110000000000000000000000000100000000100000000000000000000000000010010011001000000010000010000101001000000000010000000000000001000000100000001000100100000001000100000000101000001000000000000000010000010000000100
1000000000001010000000001000010000000000000000000000000000000001100000100000000010000000100010000001000010010001000000000000000000000000000101100000000000100000100010000000100100000010000100110001000100001000000100000000000000100000000010100110000000
0001001100001010000000000000000001000010000100000010000011000010000000000000000000000000000000011010000100000001000000000000000000100000000000000000100000100000100101001100000000000010001000100000010000000000001000000010000100000000000000100000000000
1000001000000000001000000001000000010000010000000000000111000101010001000010001100001001000100000001000011000000010000000001100001000101011000010100000000010100000010000010000000000000000000010000000000000000000100000000000000000001000000000001000000
0010000000000000000100000101000000010001000110100001100000000010000000000000000100000000000011000001001000000000001100100000010001000000000000000110000100000001000101010000000000011111010000000000000000010000000000010000001010000001000000000000011010
0000001000010000010001000000000100010000000010010101000000000000000000000000000000000001000000000000000000000000000000000010000001000100000000010000000000000000000000001001000000101000000011000010000000000101010000000000000000000001000010001100100000
0000000010000000000000011100000000000000000000100100100001001001000001000000010101010010110000000000000000000000000000000000010000110010000011000000010000000000100000000000000010000000100000100000000010001110010000000010000001000110000010110010010000
0010000001000100000000010000000100001010000001000000000000100100100001000000010001000000010010010000000010010000000000000010000001010101000000000000000000000000000000101100110001000001000000010100000000000100000001011010001000000000000001100000000011
0000000000100010000100000000000100000000000100000000000000000000000000001000101000001000100000000000010010000100100001000000000000100001000000111100000100000100000100100100100000000010000000000000010000100100100000010000001010100100000000000100000000
0001010101000010000000001000001000011000001000010010000100000000000000100000100000000010101001000000101000000000001000000000000100000000001000100000000100010000000000010000100010000000000000000000000000000000000001000000000100000010000000000010000000
0000010011001000100000000000000100000000000010000100000110000000000000110000010000000000000000000010000100000000100000000000000010000000000000000001000100000010000000001001001101000000100000110000000010001100010000000000101001000100001000000000000000
0000010000001100000000001000100000000000100010100001000000010000100011000000010000100100000000000001101000000000010010001000000000000010010100000100100000000000000000000000001000000000000000000100110010000000010000000011100101000000100000000100010000
1000000000010100000000000010100000110100000000000010000100000000000000000100001100010101000000000000001000000000001000000000000000000000000010100011101000011000100000000010000000001000000100001101000000000011000000000000000000001000000010000010001000
0000000000000000000101010000000000000001000101000001011000000000100100000010000000000001000001000000000000100000000100100000000000010000000000000001000000000001000000000011010000000000100100010000000000011000000001101000100000000101100000000000000001
0001001000100100100010101000000001010100000000000000000001010010000000000010000000100000000000000000000001100000001000010001000000000001000000000000000100100000000101000100000001010100000010001000000000100010000000000000000010001000110000100000001000
0000000010001100000000010100010000000000000000000000000010010000000000000000000000000101000100011001000001000000000000000000001000000001000000100000100000001010000011100000010000101000000010000000000000000100010000000000010100000000010000000000000000
1000000000000000100000100000001000000001000000000001000101000000000010000000011001001000000000100000001000000000100100000010001000100000010100100100000001000000000011000000000000100000000000000000000001100000100000000000001000000000000010001100000001
0001000100000011101000000100000000000000000000000000010011011010000010000010000000101000000001001000000001000000100110000000000000000000001000000000100000000000000010000100100101000000000000010001000010000000100100010100000100000101001010000100000010
0000110000000000000000000000000010001011100000000000000000000100000010001100010000000000000000000000000000000000000000101010010100000000000000000000000001000000000000000000000000011000100100100001000000000001000000001001000000010010100100000000100011
0000100000000000000010000010000000110100000000100100011010000000011000110000001000000000000100000001000000010001000000000010100110010000010001010000000000000001010001001000100010000000000001010101100100000000000010011010000000100000000001000000000000
0100000000000110000100011001000010000000100010100000000000000100100100100000000001000010000000010001000000000001001010000000000001000001011000000010000000000101001010010000000000000000100000000000010000000000010000000000000000000100000100100011000000
0010000000000000000000010000100000010000000000000000111001000111000000010100000010000000001000100000000000000100000000000000001000000100000000101100000000000001100010001100000000000100000000000000000000100000000000010010100110100000001100000010000010
1001111000001101001001000000010000000000001000000000010100001100000010110000000100001000000000000101000100000000100100000000000000000100000101000010010010001001010000000000000000010000100000100000000000100000000000100000000001100000001000000000010000
0100000000000000000000000000000000010000000000000000000010100000100000101000000000000000000000010000000000000000000001000010100100000010000001000000000010000000001001000000000000000010010100011111000010001011000001010000000000010000000000000000000000
0000010000101100000000000001100100001100000001100010000000000001000000000011000010010000001000000000000001001001000010011000001001010001000010000000001000010010000010000000100100000000010000000000000000000000001000000000000001001000010100010100000001
0010000001000000001000100000100000001000000000000010010001000000110000000000000000000000010000000000000000001000100000010000010000000001100000011000000001100000001101000001000100100001000000000000000001000000100100000000010000000000000000100000100000
0000110100101000001000000010001010000010000011000001000000001001001110000000011000000000100010000000000000000000000000010001101100000100001100011001001001100001000000000000010000000000000010010001000000000000000000010000000000000100000011100100000101
1000000010010000011000010000000010000000000010110000010000000000100010100001101001010000000011000100000000010110000011001100000110100000100000010000000100000000100101001001011100000000011100000000000100000010000000000001100000000000000000000000100100
0000000100000000010100000001010001100000000000000000000011000000000000000000010100000010001010000100000001000000000000000000000001000000001000100000000000000100000000000101000001000010001000000000000000001000000001000001000000100000100000000010010000
0000001100000000000000100001000001000000000000000000000000000000001100000011010000000110000000000000000000001000011000000110001101001010000101100100100000000000000001000000100000100000010010101000000011000000000000000100000000000000100100000010000100
0000000000001010010001000100001000000000000000101001000000100000000010100011100000101010010000010011010000100010000011000001010101000000000100000000010010011000000000011000000000000000000100001000100000000000001000000011000000100000000000100000001010
1100001000001000000100010000010000000000100000001010001000000101001000000001001100001001100010000001000000000000001000110100000001010001001010000101000000000100001000000100000000000100101000000100000000001000100000000000100000000000000000010000010010
0000010000000110010101000001000000110000000100000100000000010000100000000000001000000000000000100000001000000000100000000000000001111000000000101010010000000000100000000001000000000000000000000100000000000001100001010000010000000001000000001000100000
1000001000100000010110000000100000000100010000000001000000001000110000000000001100000000100010010010001010000001000010000000000000010000000000001000000000000000000000000010000000001000000000010000000011000001000100000010110001000001000000000001101000
0011100100000000000000000100100100010000000100010000000100110000000000000000001010000101000000001000100100010000100000001100000000000000101000000000000000000000100000011000000000001100001000000000000010000000001000001000010000010010000001001110000001
0001000010010000000000000000100000010101010110111000000110000000011000000100000000000001000000000000000000000000000000101101000000000100010000000000000000000000000000100000000000000001001000000100000100010100000000000000100000000000001000000000100000
0000000000000001100000000010000100000000100011000001000001000000000100010000010100000001010000100000000000000000001000000100000000011010001000001001000000011000000001001110000000001000001001010010010000000000000001000000100000000001000000010000100000
0000100000010000101001000100000000000001010100000000000000000010101000001100000010000110010001100001100000000110000000010100001000000001010110000000010000010000000000000000100001100010000000000000000000000110100000001010011100001000001000000000000110
0000011010101010000001000001000010100100100000000000000100001000010000100100010000100001001100000000000101001000001000100001000001000000000000000001001000000000000000000011000000000000000010001010000000110001000000000000000100010100000000001000001000
0100010000100000001100000000001100110000011100001000100000000000000000001001000100010010001001110100010000000001000100000100000000000000000100000001010011000000000001010000110000000000100000000000001000000110000000001000000000000000000001001000000000
0100010000100000001000100001000000010010001001000010000000000000010100000101110010100010000100010111000001000000001000000010000000011000010000000000000000100000100000000000000000000000100000001100000001000000010000001000000000000000000001000000100000
0000100000100011000100100000000010000011000000101000010000011000000001000101000000000010010100001100000010000000000000100000011100001000000000100000001000100000000001000000001000100000000010000000100010110000000100000010000000000001000001000000000100
0000000010000000101001000000000000000000000010001000010010000000000100001000000000000101101000001000000000001000010100000010000100000000000000010011100000000000000000000010000100100100100000010000001000000001000001000000000100010001000100000010000000
0100000010000000000000000000011001000000000010000000010100010000000000100000000001000000000001000010000100000110000010101000000100000000000100100000100000010000000100000000000010010001000100000000000000000001100010010010001000001000000000000010100000
0000100000101100000100011001000000000000000000000000000000000000010001000000000001010010010000000000000000011000000010000000010000000000000000100000100000100001000000100000000010000000001001000001000000000000000011000010001000100000000000000000000000
1000000101000000100100011001001000010000000000000000100011100010000000000000000000001000000000000010011000000000000000001100010001000110001000001000000000000000000000100000000000010000100010001000000000001000000000010101000000000000000001000100001100
0000000010000000000000000001100000010000110001000001001000000000000000001001000100001001010000000001010000000000000000000000110001001000010100100101100001000000100001000000100001001000000000000000100000001001100000100100010000000100100010001001001000
0110100000001000000000001010001111000000000010000011000000000100001000000000000000000000000001000100000011000000010010000000000000000100010010010110000000000010000001000000000000000000010110000000000000000000010000000000000000000000100000001000000000
0000011100000010000010110010000000000000000000100010000001000001000100000000000000000000001001000010000000001000010000000000010000000001101000000000000000101001100000100000101000000100000000010100000001010001001000001000100000010000000001000000000000
0000010000001011011000100010000000001000010000010000000000100000000001000011000000011000000000010010000010100000000000000010000100000000000100000000001000000000000000000000000000000000000000000000000000000010100010001000100000001001000100000011000000
0100000000000010001100000000000000000001000000000000000000000000100000000001010000000000100100000100010100000010000110000110001000001000100010100000000000000110010000010000100000000010000000000000010001000000000000000000000000110000000000100000000000
0000001000100100100000001101100100000100001000000000000000010000001110000000000000000101001000011000000000000000000000001000000000000000000000000100001000100001000000100010010010000000000000000100000000001010100001000000000101000000100000001101000000
0000000000000000000000000010000000001100000000000100001000100000000000000000110101000000000100100000100010000000101000001100000000001100000000000100000000000000000000001000001000100000000000010100010000000100000000000110000000000000000100001000010000
0000000000000000001010001010000000000000000000000000010001000000000110000100000001100000000100001000101110100000000000100010000000000011000011000000000000100001000000000001001001100000100010000010000001000000000000101000011000000000000000010000000000
0000000000000000000001000001000100000010000000110000010000000001000001000001000100010010000000010000000000101000000010000011001100010000100000000010000010001001100000100000000000000101000000010000000000000000000000000000100000001001101000100000000011
0000000000000000000000000000110000001000000000000110000001100000110010110000000100000000100001000000000100000001010000000000001000001100000000000001000100000100000000000000000100000100000000100100000101010000010000110000000000000000000000010000000000
0110011000000000000000000010010000100100000000100101000010000000000000000000010101101000010010000000000011010100000010110000000100001000000000000010000010011000001100100001000000000010000100000000001000001000000000000000000000000010000100010000001000
0000000001010010000000000000000000010000011100000000000100001000000000010000001000000010001000110000010000000010100000000001100110100000000000000010000000000000010100011000000010000000100110000000000000000001000100010011000000001000010010000100000001
0010100000010000000001010101000000010000100000000001000000000010000010000000000000100000000010000000000001010000010100000010000000000101001110001000000011001000000000000110101000010001000011000001000000000000100000010000000000000000010101000000000000
0000100000000001000000010001001000010000000000000100100000000001010000000000000001000000000100000000000000000000000100000000000000000000000000000001011000110000000001001010000010000000000100000110010010001001001000000010000000010000010010010000101000
0000011100001000010001000000000110010000000010100100001010000000011010100000001000000000000000110000010000100000100000000000000000000000000010001001100000000000010010000000000101001101100000001000100100000000000000000000000100010101000000000100000000
0001000000000000000000000000000000000010010000101000000000000000000010001000000001010000010000100000001011000000010010000000010010100001000000001100000000000001001000100000100010000000000100010001010000001000001000000000000101000010000110000000000000
1000000000000010000000000110000000010000000000000011001000000010000000000000000000000110000001000001000001000000001000000010000001000100100010000000001001000000001001100000000010000100010001010000000000000000000000000000010100010000000100000000000000
0000000000100010000000000000000010000000000010010010000001011000000010000000000000010110000000101100111000000000000001100000000000000101000000000000001001000000001000000100000000000100010001000101000000100000000110010000010110000010100100000100100000
0000001000010100100001000000000000001110000010001000000000000000000000001000000001000000000000000000100000010000000010000001001000000000000001101000010000000000000001000001000000001000010000100010000000000000000100101010100000011010001000000000000000
0000000001000001000000000000000000110001010010100000000001110010000000100000110000000000000000100010010000001101001001000000000000011000010100000000011000000000100100010000000000110000000000000000000000001010000100000000000000010100000000000000100100
0000010000000010000000100100010000000101000000100001010000000000000000000000011000000000000000000000000000010000000001000000000000001100000000000000000000101100000000000000000110000000000000000000000010010000000000000000000001000000000000000100111000
0010100010000000000010000010000001000100000000001000000010000000100110000000000001000011000000000000000010000000000001001000000001100000011000000000000010010010000000010000001000000000000010001010110000100000100000000100001000000000010001001000001000
1000010010000010000000100010100000000110000000000000000010000000000001000000000100000000000000000000111010001001010001000000010000000001001001101000000000000000011000000000000000000000000000100000000001001000011000001000010000000000100000000000110100
0000010010000000000001000010000001010000001000001010000000000000000100011001011000010000000001100000000100000000000000010000000000010000010000001000000000000000000100000101010000010001100001101000100000010101010010100010010001000001001100000000000000
0000000101000000001000000110001100000100000001000010000000000001000011101000100000000100000000000001000001000000000001000100000100010101010000001000000000000001000000010001010000000010011010000000000100000000100000011000010010000000000000000010000100
1000000000000000100100000001000011100100000000000000000000000000000010000100100000000000000100010000000000000000000101000010000100000010000011000001000001100000000000000000100001000100000000000000010010000000001000000000010000010000100010000010000100
0101001000000000000000001000000000000000101000001100001000010000001100000000001000000000000000000000010000000000001000100010000000010000000000001010100010000001000000100100001010000010000100001001001101000000100000000100000000010000000010001000000001
1010001010000000000000000000000001000000001000001000000000100000110110001000000100100000000000000010100000000110000001100100000000010000110000100010111010001000000000000100000000000000000010000000000100010100100000100001000100010010000000000100001000
0000100001000100000001000100000000001100000000000000000000010100000000000000001110101010000000000100010000010000000010000100001001000011000000001101010000000000001100000000100010000100001100000001101010000000000000000000000000000000000000100000001000
0100001000001000001101000100000000100000001000000000010000010010000010000101100111001000000000000000000000000010011000000010011000100000000000010010001010001001001100000100001000000000001000101001000010100000011001100001000100001001001000000000001000
0001000010010000100001001100000001001000000000100000001001001001000100000000101000000010000010100100000000000000010101000000000010000110000000010001000010111010000100000000001010000010001000010000110010001000000101100000001000010000000000000000001000
0000000000000100010000000001000010000110000000110000000000000000011100000000010000010000100000000100100000000100000100100000000000011000001000000000000000100000010100000000000000001000000000000001000000100100000000001010100000001000100000100001001000
0100100101000000000101110000000000000010100000000010010000100010100000000000110000011001000000000000000001100000000000110000000110000001011000000000000000000101000010101001000000001011000100000010010001001000000000000000000000000110000000000000001000
0010000100000000000001000000010000001000100000000100100000100000001010000000001010000000000010000010000000010000010000100010000001100000000000000011000100010000000100000000001010000010000000000000000100000000000000000000000000000000010000000000000000
0000000000000001010000000000000000000000000000000000100000000100000010000101000000000000000010000000000001000100010000001010000010010000000000000000000010000000010001010100000000000000000001000001000100010000010001000100000110010000001000010100000000
1000000000000110110000000000100101100100001000000000010011001001000000001100000100000010010000001011100100000000000000000000000010100000011000000100010100000000000001010011000000001010011000010100000101110001001000000010000001011000010001010000100000
0000100000010010101001000110001000000000000000100100000001000000011000000100001100011010000000000010100010000000000000000100010000100100000000000000110000100000100100110001000010000000001100000001011000000100000000010010001000100000000000010010010100
0000000010000001101000100000100100000000000000100100100100000000000000100000000100100000000010100000101001000100011000000000000000000000000000000100000000000010011000010000000001000000000000000000010011000011100001000000000000000000000100000010000000
0000101100010000000000100000100000000000000000000000010000001000000000000001000100000000000000000010000000000000011000000000000001001000001000000010100110000001000000000100000001010000010000000000000000000100000000010001000100010010000000100000000100
1000000000000110000000000000000101000000000000000000000000000000000010010100001000101000000000000100001000000010000010000000001000000100000010000100000000000100101000000000000111001000010001010001000001101000000000000000010001000001011000000000000100
1001000000010000011000010010010000000000000001000000100100101000000001001010100000000000010010001001100000000000000011000010000001000010000000000000000000101000010100000000000000000010100001001000000000100000000000100000000000000011100000000000001000
1 181
7 37
