250 250
0000000000000000101010010000000010000000000100000000100000110100010001000000000000010000000000000110000000000001010010100010010001010010000000010000001100100000000001001000001000001000000100000001010000000000100001000000000100001000000000110001010000
1000000100000000000000000000000000000001000000000100000000000000000000000000000010110000100100000000100010000000010000001011101010001000000000000100000000000010000000101100000001000000000000000000000000000000000100000010000000000010000000000000000000
0010100101000000000000000000011000001000000000000010001000100000000000010000100000000011000000010000011000001000100000010000000000000001000001000000010000000000010101000000000000000000000000001100100000100000000000100000000000000000000000100000100001
0000000000101001001001100000000000100010000000000000100000000010000010010001000011001000000010100011000100000000010100000100010001000000010000000000001000000101101000001000000000100000000010010000001000000000000110001000000001000001100000000000001010
0000001100000000000000000000000000111000000000000100000001000100000000000000000100001000000000000000000000100000010000111010000000000000000001000100000000001010001101100000000000010010010010000000100000000000000000000000001100010000000000010011010000
1000000000000000001000010000101010000001000000000100000000101000000010000010000100011000010000000000100000100010100000100100000100100000010101000000000001010000000001000000001001000000000010100010000110000010010100000000000100000000000010000000000101
0000000000000110010000000000000000000010001000000010000100000100000000000100100010100000010000000000000000000000100100000100000000000000000000000000000001000001000000010100010000000000000000001000000000001000000001100000000010000000000100100010001100
0100101000000000001000000000000000010010011000000000100000000000000000000000010000000001000000100100100000010000000000000100000011000001000011101010001000010000000000000000010000010000110000000000000000000000000000001000000000000000000001000100010100
0000001000100011000000000000000000000000000011001000010000000010000000110010100000000001000001000000100000100000000100000101001111000000100000100000000000000000000000001011000110000000100000110000010000000000000000000000110000000000001000000000000000
0010001000000000000000000100000000010000000010000010000000100000000100100000000110000000010001000001001001000010000011000000100000100000000000001000010000000000000010000000000100010100010000001001010000000000000001001000000101000110000000000000000000
0100000010000001000010000100000000010000000010100010000000000100000010000100000000010000000000001000000000010110000000000010101000000100000000000100101001001000000001000000000000000000100000000001000000100000001000001000000000000000001000000000000000
0000101100101101100001001001000100000010000100100000000010000000000000100000000000101000110100010000000100110100000000000111101001000100000000000100100000000001000001000100000000000000000000000000000000100010000000000000000001000000000000101100001110
0000100000000000000001000001110000001000001000000000010000000100000000100000000001000000001011000010000011010000000011010010000100000010000000011101000010111010011000000000000000001000001000000010000010100001010000100000000001000011000000000000000000
0010100100000000001001000000000100000100000000010000010000010101010001000000100100000100100000000000000010000000000000000000000000100100000100000000000011000000000100000010100000010001100100000000000000000000001010000000011000100100001100000001100000
0000000010000010000100000010101010001011000011000000110010000000000100000000000000001100100010000010000000000000000000000001001011000100000100110000000001000010110000001110000000000101000000000000000001000000100100000000000000000000001000100000000100
0000000000010110000000000000101000001010100000100010100011000000010100100010000011000010000011001000100110000000000101001000000000000100000001000000010000000000010000000001000110000000000001000010010100001100100001000000000000010000100010100000000000
1100000100000000000000100100110011000100000010001100010000000000001000010000000000000000001000001010000000000000000000001000000010000000010000000000010001000110101000000000000000000000000000001110010010000100010000001010000101000100100001011010011100
0000000000001000000010000001010100000000010000000000000001000000100000010000000000000000001000000000000010010000000000000000000100000000000000000101010000001000001000000100110000000000010001000000000000011000000010011110001100001001000000000000000010
0000000000100000011000100110001010000000010000000000000100000001010001001100000001000000000000010000111001000010000000001000010000000001000000000100000110000100000000000000000001100000000011011000010000010100001010100101000000100000010000100000000010
0000000001010110100000010000100100000010000100001000000100101100000000000001001000000000000100000000100001100010000000000010000001000000000000101010100000001101100000100100000000001100000000010000000000000000010000001000100000000000000010010000000000
0000000100000101000000000000010001001001000000010000000010111000001000000000100000000000001000010010001000000000000000000000100000000000000000110001000101010100100000000000000010001001010010000000000000010000000000000000110010000000001010000000001000
0001100000100000010000100010000000000000000110010010000000000100110000000000100100110000000000000000000000001110100000100000101000000000000000010000000000000000010000010000100010000000000100000000000100010000000100000000000011100001010101001001001000
1001100001100000000111011000000001000010001000000000001110000000000000000000000000000010100000100001000010100000000010000001000000000000000001010010000100100000000010000001000001010110000000000000000011000010000000000000000000000000100001010000000010
0000000000001000000101010000000000100000000000100100000010000000000000000100000000000000000000000100101100100000000100011000011000000000001000000011000100000000011000110010000001010000000000010000000000000000000000110111000100000000001011000010010000
0000101000001000010001000000110000011000000000001000100000000100000010101000110011010000001011101000001000001000000000000110000000000000000100000000001000000000000000001010000000100001000000000010000000000100101000000000000000000100000000000001000000
0011000001110000100000110000000000000000010000010000000000011000000100001110000000000000000000011000000000000100010000100000000010000000000000010000000010001000000110000010001100100100000000000011000000000000000000011100001100100000000100000000000000
1000000000100001000000100000100001000000000110000000010000100000010000100000000000000000000000000000000000000000110000010010010000000000001000001100001000010001001010000000010000000000100000000001010000000100100100000010000000000000000000011110000000
0000010100000001100000000000000000000000000000100000000000000000000011000100001000010001000000010100000000010000010000000000000000010101110001000000001000000001000001001000001000000000000000010000110001010000000000000010011000001001010000000000000001
1000100001000000000000000000100000000100000000000010000000010100000100101001100100000000000010000000000000010000000101000000000000000000000100000011010000000000000000001000000000000000010011000001000001000010100011000000000000000000000000000000100000
0001010000101000000000000000001100000000000000001010000010001000000000000100010100001000000000001000000000000010000101000100000010100001100000000001000000001000010000100000000001000001000001000101010000000000000001000000001000100000000000000100000100
0001000000101000000100000001000011100110100000001000100100000000010000010001000001101000000000000000010100010000100000001100000000000000010000000001000000000000000000000000001000100000000000100000100001001000000001000000010110000110000000000000000000
0000101000000000000100000100000000000001110100001000010000000010000000000001000010100100000000000100000000010010001001000000001000000000100000100000000010000000100000000001001110000000000000000000010001000100100001000000000000101100010000000000010010
0010000000000000000001100100100000000000000100010000001100001000000001000000101000000010000000000010000000000000000101010001000010000110000000010001100000100000000011000000000000000000000000010000000000010001000000001000000000000000000010000010000000
1000101000000000000000000000000100000000011001000100000000100000010110110010110000000000000010010001000000000000001111000010000110000000100000000000000100101000010000100010100000000110000100000000000000011000100000000000000000010110000100000000000000
0011100000000000000000000000000000000000000001000000010000010100000100000000000000010000100000000010100100100010010001000000000000000011000000001001000010100011000101000000000000100010000100000011000001001000000100000000010000000000100000010000000001
0100000100100000001000010000000000000000001000000000000000000101101001000000010110000000100000000000010000000100000000100000000000000010110000011000011100000000001010010000001001001100000000001001101100000000000000000000011000000011000000000010100000
0100000000010100000000000000000100000000100000000000010100110000000000000100000000101010000000001001000000000000000000001000000100000001101000000000100100000000000010100001000000110101000001001000000100000000000000001000010000000000000100000000000000
0000110000010100010000100100000000000000000010010010110001000000010001100000010000000000000000000000000000000000100000101000000000100011000000100100000001000000000100000000001000000010000100000000000000000101000000100001100001100001110010000100010000
0000010000001000000000000000000000000000000000000000000101000000000000000100000010010001000000010100000010010000000000000000000000110001010101010000000000000000100000000010000000000000000000000010000000010000000110000001000000000000001000001000000100
0010100001001000001100010000101001000001000010011010001110010001010000011000000000000001100010000001000100000000000010000000000010000000100000000010000000010000000000000100010000100100100100000101000000001001001011000001101000000010111100000000010010
0000110000000000000100100000100000000000000000000000001000000000000010000010000010101000000000001000000100000001010000000010000000100000001001000100000000000000001000001100000010001000000100000000100000010000000000000000100000011000000011100000000000
0101000000000100100000010110000011000000000000010000000010000000010000110000000000000100000100000000000000000000000001000010000000000000101010100000100000000000011010000010000001000000000100000000000000011000000010010000010000000000010100001000100001
0100000000000100000000000110100000100000000100000000001000110010000110000000000000100000000001000000000001000000000110000000000000000000000001101001110000000000010000001000000110000000000010010000001000000000000100010001000100001100000000000010000000
1000000000000000000100000000000000100110000000001000000010000000000010001001000000000011000000000000000000000101001000000000000000000001000001000000000000000100000001010000010000001000000001000000000100110010000000000100000001000000010001001010010000
0010000000000000000000000110101010000100010100011000001000000001011011100000000001000100000001001010000101000000110000100000000000000000000000010011101010000000100000000000010010000100010100000000010000000010000000000000001001100000001010100000000000
0000000100001000000000101000000000000000010011011000001000000010001001010000011011000000011001100000000101010001010000000010100000001000100000101000000000000001001010000010000000000000100100000001000000000000000000010000000000000000111101100000001000
1000000010011000000000000000000000001000111000010101000001100110000000011000000000010110001001000000000100000000000001000000000010100100001000000100001000000001000001000100000100000000000001000000001000000001000000100001000000000000100001000000100010
0000000000010010000010010100000000000001000000000101010111000001011000000010010000010000000000000000000000010000100010000000000000010100000001001000000001000001010000000000010100010000100110010000000000000101010000000000001001000000001101000100000010
0000011010000000000110010000000010000100001010000100000000000100001000000100001101010000000000001000010000000010001000000100000010000100000000001000000000100010000000000000000000000010000000000000010001010000000000000001000000000100000000001010010000
1000000010010100000000001011000001011000000000100000100000001010000000100100000000100100000000001000000010100000010000000010000000000000000000000000001000100000000001010000010011000000000010000010010000000000000010000000000000001000000000000000000000
1100000000000000000001000100000000000001000100001101010100000100000000000000000001000001010001101010001010100000000100110001000000000000100000011010010000001000000000000010000000100000010001001001000000010010010101010000000000000000000000001000000000
0100000000101010000000000001000001000000000010000010010100101000101000100000000000000000000001000000000000000000001000001100100001000100000001000000000000010000000000100100000000001000110100000000110001100000010000000100000000010000010010000000010010
0000000000100000000000010100010000100001000100000000000000100001000001100000010010000000000011000100001000001000000000010100000001010000010000000000000000000000001100000100000010110000000001010000101000000010000000000000000000100000000000000001001000
0000100000000000000011000000000000110000000001000001000000000000001000000000000101000001000000000000100001001000010000001000000000100110010010010000010000000001011000000001101000000001001100000001001000100000000001001110000000011000010000000000000000
0010001101010000100010000001000010100001010000011000100001010000010000000000000000000000000010000001100010000001000000000000111000000000000000101000010000100100000100000000000000111000100001000000000000001000000111101001001000000000001100001010000000
1100011000001000000000000101000110000101001010101000010010000100000000000100100000010001010101000000000100000001000011000001000110000000000010100001000000000101000000000100000001000000000000100000010011000001000000000110000010000000000010100000000010
1001000000100010001000100011001000110000010000010000101100000000000000010110100000001000001000001000000100000000000000000000000000010000000010000000000001100000001000000100100000010000000010000001000010001000000000000000000001010110100100000000000110
0000000111000000010110000100000101011011010100100000010010001000100111001000010101000000000100000001000000101000100000001000000000000101000000011000010000000000000000000110100000000010000000000001001000010010001000110000010000101001001000000000000100
0000100100000000000010001001010000000000000100000000000000110000001000100000000001000000000000000010000000001100000001001000100001100100001000110100100000000100000000010000001100100100010011100010000000001000010000000000000100100000000000001001010000
0010100000001100101010000001000100001000001000000100000110000100100000100100110000000000000000100000000010000000000001010011000000110000000000100000001100000000000100000011010000000000011101000000000000010000000000001000100000000110000001000000000000
0000000000110000000000000000001101000000100000100001101000000000100000000000100100001000000001000001100010110010010010010000011000011000000000000000010000000000000001100100001000100010000000000100001000000000000100000000000001010101000110000000100001
0000001001110100100010000010001000000000000001000000100110000000000010001010000010000000000010010000000001000000000001000000000000010000000010000111101000000000110000110001000000000000000100000000100000000000000000100000000001000000000000100110001000
1001001000010000100001000000000010000010000010000010000000000100000000000100000100000000000000000001101001000100100000010000000000000000000011000010001000000000100000000100100000010000010110010010010000010000000100100000010000010000101000000000000000
0000010011100000110000000100010110100000001010000000000000000001000010010000000010001000100000100010000100001010000000000000000000000000000010000010010010000110010100000000010000010011001000000000000001000000010000000001000000001001000000001000000000
0000000000001010001000010000000000000000000000110011000010010010100000000011010000000000011100000100000000000000000100000010010010001001000000000000100000000100010100000100000100000000000010000000010000000010101010110000011101000000000000000000001001
0100000000000000000000100000000101000001010000110000000100001010000100000001000000100000100000100000100000110000100000000000000010000010100001100000010100001000001000000000100100000000100001000100010000011001000110000000100000000010001010000100010000
0000001000000000100000000000000010100100000010000000100001001000000000000000000011100000000010000100010000100001000000100000110010100001000011100000110000101100001100111101100000010000000000110000000000000000010000000000000001010001101010000000000100
0000000010010000000000110000000110000100100010000000000000000000000001010000000000100000000000000010000001001000000000010000000000001000001010011100000000010000001000000000110100000100010000000110000000000000100101000001010100100100000100000000000000
0000010011000001000000000001010000101010010001011001000010010000000000011001001000001000000001000001001100000000000000000010000000000001001010010001000010010010000010100000000100000001000000010010010001001100101001011110101010010000000000010000011000
1000000000000010010000000001010000010010001010000000000000000100000000001000000010100000000000000000000000000000100000001000001000001000110000010010110000000000000000100000000000000000000000110000000000001010010000000000000001000000000000000001001010
0000110011001000000001000000000000000000000000000010010011001000010000010001101010000001000000000001010001101001110010000100010000010000100000001010000010001010000111000100000000100000101010000000011000000000000001000001000100001100000000010000010011
0010000000001000000100001000000000000000001000100000000000001001000001010000000010000000001000000000000010000100100000100110000000000000001000001001000000000000011000001000000101000100000000000001000000001000110000100000000000000000000010000010000001
0001000100000010001000000010000010000000000100000001001010000110100000100010010100000011000000011000001100000000000010000011000000100000000010100001000000000000000010010000110000000001000110000100000100100101100000110000100000010000000000011010000001
0000100100100000000100000100000000000000100000001100000000000000000000000000001011000010011101001000000000000100100000010000000000001000000001000001100110010100000000100000100000100000100010000010000000100000100000000000000000000000000000010010110000
0010000000000100100001110000000000000100000001000000000001000000000000000000000000000000000000100010000000110010101001100000000000000001000000000011000000000011000000000001000001010010000000000100000000000000000100101000000000000010001000000001000000
0100000000000000010000100000010000000010001000000000000000001000100000010001000010000000000000001000010000000000100000000000011101000000000010111010100000110000000000000000001100010000001000001000000000000000010010000000001000100000000000010010001010
0110001100001000000010001000000010000000000100000000001000000000001000001000001000001010000000000001000011000100000000011100100100000000010010000100001000001010000000010110110000000000110001000000010011010110010000010000000000000000000000010000000000
0100000000000000000100000000000100010100010000000000011000001000100100100111100101000000000000000001101000000010000100001000000000010100001001000001000000000101000100100000110100000010000000000001100000000000000100000001000000000000010000110000100010
0010100000000001000000000000010100100000100000100000000000001000000000001000000000000001101100000000000110001000000000000000000000001000000000000000000000000001010000000000000001000001011000010000010010000001000000010000000010010101100010010010001010
0000100000000000000000000000001000000001001001000010000000000000001100101000000000000001001100000000010000000000000000000100010000011000000001011000000000000000010000000000000000010000101000000000000000011000000100000110000001000011000000001000001000
1010001000000000000100000000000010000001010000100010000001000000001000001010010100100000000000000000100000101000000000111100001000000000000000000000000010000000000010000000100110000001000011001100000010000000010000000100000000000000011101000000000000
0101001001000010001000010100000000000000001000010000000011110100000000010100000000000010000000010000000010001000000100000101100000000100001000000010010001000001100001000011010000011001000000010100001011100000000000100000010000010011000010010000000001
1000000001000010010000000000000000000000000000000000000000000000001000100000100000000000110000000000001000000100101000000100010000100000111000000100000010000100000000000110010000100001001000010000001000001000010000000010100000010000010100000111010000
0000010100000001000001100000100000001000010000010100000010100100000100000000110101001000000000000000000000000000000000001000000000000101001010000000001100001000000000010100000100010000000000000010001000001000000000010000100000000001000000000100010100
0000010110000110000010000000000001100100000000000000000000110000011000000010100000101000000100000101000011001000010000000010000000000000000101100000001000000000001000000010000000000000100001000000000000000000100000001000000010000001010001000000100010
0000101000000100000000000000000000000100010000000010110001011001000001011000101000000100000000000000000000100000000000000000000000000000100000000100001000001001000001010000000001001000100000011000000001001000000100000000000000001110100000000000100100
1000000000000100001000010000101100010001101000010000000000000100000001000000000111000000000000110001010000001000000010000101010001100000000001000000100000000001001001101000000001100000000000001110010001100001000000010001000000010001000000000010100000
0000000001001001000000000000100000010001000100000000000010000110000000010010110000000000000010100000010101100000001000000000000000110001000000010010000010000100100010110000000001100011010000010010000000010100001000001000000000000100000100000100000001
0100010000000000000000000000010110100100100000000000010000000001010010000100001000000000000000000000010011000000000000010000001010100000000010000001011000000000010000110000000000110000100000000001000011000000000001000000000011100000000000000000000000
0000010000000000000000001100000011010000000000000000000000100000000001000100010100000000001000000100001000010000000000000010000000000000000010110100000000101001000011000110000001100000001000000100000000000000000010100000000000000000000000010000000000
0101010000000010001010000000000100000010000000000000011010000001000100100000000001000000000000110100000000010000100001010000001000100000000000000000000001100001000000000111001001100010000001000000000000000000000001100000000000000010000100000100000000
0000000001000000000000000000100100000000001000000110010000000000000000001000000000000000100000000100010011000000100001000000000010001000000000010010000011000000000000000000001000000000001000000011000100101010010010100000010100110000000000000000010100
0000100001000010111000000000000001011000001100101000000001000001000000000000000001000000000100001000000000100000000010000000000000100001000000111100100000100010000000000110100100000000000100000000100001001000000000000101101000000101000000000010000110
0000000100101000000001100000000100000001000001110000000000000000001000000000110000010001000000000000000000000000000000011000000000000001000000101000001000010001110111000100001100000000001000000100000001101000010000010000001011000000100000000100000000
0000001011010000000000100000001010001000010000010000000100111000100000001100000001110000000000000000000001010000100000011010100000000000000000000000010000000010000000100001110000100000001100000010000000000000001000000000000001000000000000001000001001
0010100000000100000000100010010000001000000000000101000000000010010100000100000000000001001000001000001000000000010000010010001000000100000100000100000000010000000000000000010010000010000000101001010000000000000000000000000000000000000000001000000100
0000010000100000000000000000100000000001000000110000001111001000000001001000000000010000010000000110100000001010001000000000000001000000000111000000000010000010000000000001000010000100000010000000000000000000000000010000110000000010000000001001000011
0100000000000000010100000000010000000010000000000100000000000001000000100110000000011000000000000010100100111000001000001000000100001000000000110100000100000010000000000000010001001001100011000000000000001001000100000000001000000011000010000000000100
1000000000010000000000000000000010000110000010000001000001000000001000000001000000000100000000000000010000000100001000100111000100001000001000000000000000000001000000000000010000000000110100100001001000000001000000010000000010000001000000000010001001
0000000010001001010100001000000000000000100000000010000000001000000000001001010000000010000000001100001000000000000001000000000010001010000000011000000100000000000010000000000001010000000100000100000011000100000100000000010100001000000000001100010100
1000000000000000000001110100000000100000011010010000000010000001001010000000000000000011000011000000101001010000001000010000001000000101000000000100100000000010001001100000000000000000010000000010000000000000000000100000000000000000100001000010100001
0000000000000010001000000000000100000100000101000100010000001000000000000000000000000000000000000000000000101000000011000010100110100000110001000000100010000000000100000100000000101000000100010000100100000101000010000010000010011000000000001101010000
0000001100000011001000000001000000100000000011100101010000001000000000000000000000001000000000000000100000000101101001000000000000000000001000000000000000100000000000101000000000001001000000000001000000000100000010000000011000000100000100100001010000
0010000000000000100010001000000010001000000001000100010001000100001010000000101010000000010101000000101000101100011100001000000000000010010000000000101000000010000000110001000000010001010000000000000000000010100000010010100000000000101000010000000100
1010000010000000001001100000000010000000111010000000000000100010100000000100100011100100000001000000000000000010000000000000000000000110000000001000000001100000000010011001000000000000100000000000000000101000001000100001000010000001010100000000001000
0000101010000000011000000000000100001000000000000000000000000001010001111000000010000000000000110100100000001001000000000000100000101000010000100010000000000000001000001010010011000010000000000010000000000001000010000001000000001000000000000000100000
1000000000000110100000000010000100000001010000100000000000010000000000110000000010000000000100010100000010000000000011000100110000001001001001000100000011001001001000100110100101001100100000000001101010000001100000001100100010000001000010000010101011
0000010001011000000000000001000000010011000001000010100000000010000010001001000000001010000100000000010000001000000000000000000000001000000100100000000001000011010010000000010010000100001000000000010000000000001010000000000000000000001000000000000000
0100100000100000000111000000000000000000000000010011001000010000010000100010000000000000000001000000000000000000000100000100010100000000000010100000010000000000100101000001000000011000001000000100000000000000000000001001000010010000010000001000001000
1100000000000000010000001100001000000100100000000001100001001100100000011011000000000000000000000000010001000000000001000000010000010000000000000001000000100010100110100000000000000001000000011000000001000001000100000000100000100101001000000000010010
1001001000000000000101000110000000000000000000010010000000001010100010001110100000000100000000000000010000000000010000000000001000100011011000000000100001100000000100000001000000000000000100010001110100000000000000001000010001000000001000000000001111
0000101011000000000100000000000000001000000001000000010000011010100100100000000000000000001000000011000000001000000000010000010100000000100010000000101000001000000000001001000001100000000001100001000010000000000000000000000000000001100000000000000010
0000001001000001000000000000000000100000000000000000000000001001100000000000000001010000000000000000100000000010110000000000000101100010100000001100000000000000010000101000000000000100000000000001000000100001000001110000001000000000011001000101101000
0100001000001000000011001001000000100000011010010010100000010100100001000000000000000000000000000100100100000111000000100110010000010000000011000100000000000000000000000010011000000000100000000000010000000001100000110000001000010010000010000100000000
0000010000000001001100100110010000110000000001111010000000000100000000000011000101000000000001100010000001000000001110000000000000000100011001000000000000110000000000000000010000000000001100001000000000000000101010000000000010111000000001000010110000
0000100000011001000000000100000000001011001000000000000010010100000000000000001000001010000000001000000000001000001100000010000000100100000001000000110010001000100001000100010011000001000001000001000100101000100000000010000000100000000001100100000000
0001100010000001010001000100000010101100001001000110000000000010100011000000000000000001000000000110000001000000010010001001000000010000000000001010000000000000000000000000000010000010000000001100000000000000000010001001010000000100000001000001010000
0000000010000000001000000110001001010001001000010000001010001000001001010000010000000000001100100000000000000110000100000001000001000010100100000001000000001000000000000100000000001000000000000000000000000000000000000001001000000010000001001000100100
0000010000010001000001010100000001000000000100000000010001100010000001100000000001000000000000000100001000000110000101000011001001001100100000000001000000000000000010010000110001000000010000000000000111000001010100010000000001001001011000000000000000
1001001000000000000000000000000010100000000000001000000000000101000000000000010000000000101000000011000000000000000100000001000010110000000000000000000000100000000000010110000000000101000000010010110100001001001001001000000000101001000010000110100000
1000000000010000100000000000000000100000000000000100100000000001000100100001000000001100100000010000100010010000000000000010000000100001000000000000001000000101100000000000000000000010000001000100010000110000000001000010100110000000000010000001101100
0000000000100000000010100000001000001100000011000001000000000000100000000000110000000000001010010000000000010000000110000000000000000000001010000100000000000000101010100001010000001001000000000000001010001001000100000010001011010000000000000010000000
0001001000000000000000000000000000100000000000000000010000000111000011000000001101000000000010000000010000000000001001000000101000000110010000001001000001010000000000000000000000001000011001001000011010000000000000100100000010000000100000000000000000
0100000000111000001000000000010000010000010001010000101011010000000000000000001000010000000000000000000000000000000000000000000000000000010010000001000001000000001110001000000000000000000010000000000000010000100100000000010000100010000000000010100100
0000000000100000100001000000100000001000001000101101010010000000001000000000000010001000000000010000010000000000100000100000001110001000010000000001010010100010000000010000000000010001000000000011000010000010101000000000000100000001000000001000000000
0000001000000100010000000100000000000000000001101100000100000010100000000100000110100000000000000000011100001001010010000100010000000100110000001000010001000000001000100000000000000000000000001000000000101000100000010100000001000000000100000000000000
1000000000000001100000010100000000000000010001000000000010001000100100000010000000001000000000000000000000000000000000000101001000000010000010000000100000000000000000000000001000100010000010000010000000000100000000010000000001000100000000000000000010
1000000000000000001010010001001010001000010000111100001100000000000000000000100000000000000010000000100001000100000000000000000001001000000000000100101100001010101100000001001100000000100000000110000100100100001000000000000010000101000000010000101010
0000000000000010000100000000000000000000000000000000000000110011000001100001100000000000000100001000000000010100000000000000001000000000010001100001100011000000001000000001000000101000000000000000001000100100000000010001000000100100001000000100001000
1000000010000010000000000000100000100010110010100001000100000000000000000010010010000001010001000000110000000000000000000000000000000000000000100010000000000001000000010011000001000010000110000000010000000100000000001000000000011011110000000000000000
0000010110010100001000000000010000100000000000000000000000000100000000000000001000100000010100001001000010001000100100000100100000010000011011010000000001101100100100000101000010000000000010000000010000001000000000000000010000010000000000100011000000
1101100110010000001000000000000110000000100010000000000000110000000000100000101000000011000000001101100100100000001010001000000000000001000000100010000000000000000000001010000010001001000000000000000000000000100000000000000000010100001100000000000110
0000100000000000000000011100000100000000000001000000000000000100100000000000110000100000000000000000000000000000100000100000000001010000000000001000100000010100000000000000000010100000001000001000000100001000010001000000000000110000000001000000010101
0000000000100000000000100101000010001000000000010110010000000000000000001100000010000000100001000001000010000100000000000000000010000000000110000000001000000000000010000000000000000001000100100010001000000000000000000000010000000001010000000010000000
0100000101000010100000001001000010010000010000010001000000001000001000000001000000100000110000000000000000000000000000010000100010001011000000000000000100001001000000000000000000000000100000000000000000000000000000000000000101000100000000010001000000
0000010001000010000000100100000000000000001000000000010000000000000101101000110100000010000000000100011000001000000000000000100000000100000001000000000000000111000000000000000000010000100001000101010000000000000000000100001001000001001000000001000000
0000000000000000000000000000000000000000000000010001000000000000000000000010001001010001001000000000011000000010100000101100100000001001000010100000000001000001100100011000010010000110000000000000001001000000000100000000000000110011100100000100000000
0100000000000001001000000000000010000100000110000010100100000000000100000001001000000000000000000100001100000001000000010000000000000000010000000010011010001000100000001001100110001000000001000000000000010000010000100000001000001010001010000010000110
0000100000000000001110000010000100000000001000000000100000001000100100000000011110000010111000001100001001000001001010000100000000000000001001100000000100000000010000000011001000000000000101000000100000110000100000000000000001000010000000011101000010
1000000010000010000000000001000001000101010000010101110000000001000001011000000001000000100000000000001000010011010000111010100000000000000000000000100001010001000000000010000000001000000001100000000100010000011000000000001000000000000010000000000000
1000000100000001000000000000000000010100000010000100000000100100100011110000000000110010000100000001000000000001000000010010000001001000001000010000000110000000000000000011010011010000010001000010111011000001000110000000000000001011100110000000000001
0000000000010010000000000011000000000000000000000001010010001000000000001000000000000100000000010000000001000001001000000000011000000000010100000000000100000000100100000000000000001100100000010110000001001010011011100111000011000000001001000000000000
1000101100000001000000000000000000001000000000000000010001000010000011010000000000000010100000000010001001000000000000000100001000000010000000000000001000000000110000001000101100001000000100000000110000100010000000010010000011011000001000000000100100
0001010000100001010000000001000100110000010000100000001001001000000000000000000100100000101010000000000100000000100000000000101100010000000100000000000000000001000011001000100101000001000010000100001000100110000001000001001010101000000000001000010010
1000100000000000100001100000010010000010100100110000110010000000110000000000000000000000000000100000010000101000110010000000000000000000000001100101000000000000001000000000001000000100000010000000111010000000001000001000101100100000000000000100000001
0100100100000000001000100010000000100010000000010000000000000000000010000000000100010000001000100000100000000000000000000000000010000001010010001000100000001000000000000010000000100001010000000010001001010011000001000001000100000010000000000000000000
0010001000000000000000100000010101000000000000000000010010001001001000000011000110000001000101000100000000100100100000000000000000100000010101010000101000000000000000001000000010000000000000000001010001000000000000011000001100000001101000000000000000
0100000000100010000001010010000000000100100000000001000000000010000000000010000100000100000000000001000000000000001010000000100001000000000000100001100100000000000100100000100000001110011010000110011000000010000001100000000001001001001000000000000110
0011010000000010001000001000000000000000000000000100100000000100000011010000100000000000000000111010000000000000001101000000001000000000000010000100001100010000000000110000000101100001100000000001000001000001101010000010010000011000000000000000000100
1000101000000100000000000001010000000000000100000000000000010100010010000010000000101000100001100000100010000100000000001010001000000100000010000000000000000000000010100001001111100100000000100000110100000000000000000000010000000000000000000110000010
0000010001000000001100000000000000000100000000101001000000000010110100000000000000010001110000010111000001000010100001110001000001001000101000110100000000000101010000101000000110000000000001010100000100100100000000001000100001000000101010000001001000
0000001000011000110000000000000110110000000000010001000000000001001010000000000110001010000000000000000001000000000000000000100000011000000100111010000100010000100100000000000010011010000000010000001100000000000000000000100010000100010000000000000000
0100000000001000000000000000000010000000000010010000100000011000000000000000001000010000000000000000000000001000100011000011000000010010110110000110000001100000010000000000000000000101001000100000000000000110000000011010000001000010000000000111100000
0000100001100100001000110000000000000000000000010000100010000100000000010000100000000000000001000100100000000000101101010000010000010100000000000100000010000000010001000000010011010000101000100001000000000000000000010000000010000000000000011010000100
0000000001000000011000000000000000000000000010100000001000010000001000000000000001000000101000100000001000001000001010010100001000000100010000001000000000000000100001001001000000000000010010100010000100100000010110010000000001000000110000000000000010
0000000011010001000101000000000001000010000100000001000000001100000000100001100001100000000001000001000000000000000000000100000000000010000000000000000000000000000000000010100000000100000000000010010001010000000000000000000000000010000000000000001100
0100000000000000000100100001000000001000000000001001000000100001000001000000000010000000100001100000000000100000000010000000000000000000000000000000000000000000000000010001000000000101000010000010000110000000000100010000001110000001010100100001001000
0000001000010000000000000010000001100000000000000000100100100000100000100000111000000000100101000000001000001000001000011100000010000011000000000000000000100000000000000000001001011000000000000000000000000110000000000011000000000000100000000000010000
0010000000000010000000010000001000000000010101000000001000000000011010100010001000001100000000000010010000001010001000011000000000000010000100000100100010000000100000001000000000000000000000000000000000000100000000010000000000000000000000000000001000
0001000000000010001000000000000000000000010010001000000001001010001011000000010010000000000000000001000000000000001100000100001101001100010000010000000000100000010000000100010000000010100110001000001001000000010001100000000001000000000000000000000000
0000010100000000000000000000000100001000000100000010000100000000010000111010000000100001000001000001000001000000000001101000001000000001000000000000100000000100000010110000000001000000110100000110001000001000000000000000001000000000000001010000101000
0000000000000000000000000000000000000000000000000011000010001000000000000001000001000000010000100000001010001000100000000000000100000000010001000000000000100000000000000000000000000010010011010111011100101001100100000010001001000000010001011100001000
1001000010000000000001010001100010001010000000010010000000010000000000100000001000000000010000000111000000000000100010010100000000000110010000000100100100001000000000001000010001101000001010010010010000100000000010000000000000100000000000011001010000
0000000000000010010000001010000100000010010000000000000000000000110010000001100001001000000000000000000100000000100000000001000100100000000001000000000101000001010100100000000000000000100000000010001000100000010001010000000001000010001000000000110000
0000010010000100000000000010110000000001000000010000000001000000100000100000001010000001010000000000001000000000100000000000010000001000010110000000010011010000000100001000010001000010000000000011000001011000100000001000000000010001000100000000000010
0000000000000000010000000000000000000001000000000000001010100100001000010000001100000100000000100000100010000110000000010001100000110000100001000010000000000000100000000000001000000000100000010010000000000000000001000000001000000010000000000000000110
1000000000010010001100000000000000001010010000000000000010000000100011000000000000010010000000000100000000000000011010000001100000010101100000001010000100000100010000000000000001000110000000000000000000000000000110000000000000100010100001101000000100
0000110010100000000100100000110100000000001000000010001011000000100000001101000100100000000000001000000000010000111000000100000010010000000010000010000000010000010000000100000000010000100010001001001000001000000000000000000000011000101011000000010010
0000000100000000000001000000000010000000000000000001000010000000000011001000101011001010001000110000011000100000100000000000000001000000100000000000001100000010000000000000000000000010000001001110010100000000100000001000001101000000100000001000001000
0000000000100010010010101000101010111010001001100000010000010011000100000000101000000000000000011000010000101001011000011001000000010000000000101000000000000101000010000000000110010000000000000010000000000000000000100000000000001000011000000000000100
0000010000100000000000001100011000010000010000011100100000000010001000000010010000000000001000000000010000101000000000000100000000000000000100010110000100100000010000001000100000000000010000000010000000000110000000000001100000000010100000000000100000
0010000001000000000010000100000011000100010010000010110000000010000111000000000000001010000000100000110000000000100000001000000100000010000010010001100000000000010000000110000000000110000000000000011010000000000000000000010010101010001000000001000010
0000000000000001000000000001001000010000010000000000000000010001000000000000000000000000000000001010010110111000000011000001000110100010000000000000000000100010011000100000000000001000000111000000000100000001000000000000001101000001000000000000010000
0000000001100000001000000010000000000000000000000000000000000000000001000000100010000000000001000000000000000000100000001100000110000000001100000000000010000000000110011000100011000000100000000100000000000000000001001000000100000000010001000010000000
0000000000100000000000000000001000000000001000000100010001000000000000100000000110011010010000001000000000100001010000010010010100000100000011100000010001000000100000000101100001001011000000000010010010000000000101100100010000000001000000000110000000
0000000001001001001000000000000000001010001010100000100000100000101000000000000010000000110010100000000101011001000000000001100000101000000000000000000000000100000001110001000000000010100000000001000010000000000100000100000010100000010000100000001000
0000000100001001000000100000000000100000000000000001110101100010010000000000010001000000000000100000001000000000100100000000100000010000010001100100000000000000100100000100000100000000010000000001001001000000010001000000100010000000000100000100000010
0010000000000001000010000001000001001000000000010000000000000000000000000000010000000000000010000010000001000000000000010000010000010001001100000000000100000001000100001010000000000101000100001000000000001000000000000001000100000000100000000000001000
0100000000000100001001000000000000000000000000000100000000000000000010000001100000100000000001000000000000001000000000000000000000000100000000000000000100000000000000000000100011000000100000010011100001001010000000000110000100100000110000000000000000
0100001000000000000001000011000000001001000000001000010110000001100000000010010000000000001000000000100000000000000000000110100001000000001000000000000000000000001010000000001000000000000000010100000000000000000101100000001000000001000000000010000011
0000000000000000011001000000000111100100000001000000001001000000100000000000000000001000000000000010100001100000010000000010001010000000000000000000000011001010101000010000000000000001000000000000000010010001000100001000100000000000001010000000001000
0010100000010000000000100000000000000000100101110000000010001000000001000000000010001010010000000000011000010010000000000000000100110000100100000100000000100010110000010000001101010001000010000100000100010000000010000100000001000000000010000000010000
1001001001000010000110011000000110010001000000000000001010000000100001001100001000000000000000000000000000101000000100000010100000000000101100010101100000010101000001000000000100000010000000000011000000000100100101000000100000000001010000000000000010
0000001000100010000100000000000010000000000000000000000000010010010000000100010100000000100000000001010000100011001000011000000010001000000010000101000100001010000000000100000100010010001110000000000000010000001101100010000000000010011000010010000010
0000100000000000000010000000100000000000000001000101110000000000001101001010000000000100000100000110000000000000000001000110010000000100100010000010000100000010001110100011000000100000010100101010001000000001001010001000100100000000010010000000010001
0110000000000000000010110010000000011011000001001000000000001100000100110001000001101000110000011100011101000000100000000000010100000001000000011000001000001000000000000000100000000000000001011010001011000000000000001010000001100000100001000010000000
0010000000000001000000000000000001001000000000000010000001000000010100000010101100000000100100000000000001000000000000000001000010010000000000000001011010010001010000000000100010000000100000100000100000000100100001000100000000000000110000000000010100
0000000000011000001000000000000000000100000001000000100000001000010000000000000000000000100010100000001100100010000000000000100010001000000010100000000000000011001100001001000000000000000000000010011000010001000000010000011000000000001000000000000011
0000001000000011001000000000000000000110100100010000000000000011010010001000100000000011000000010000101000001011000100010100000000000001100000001010000000000001000000000000100000001100000010000000000100000100000000010000000001100000000100000100000000
0000000000000100100000100000001000010000000010000001010000000000000010100000000010000010000011000000010000000000000001000111000100001000001000001000000000000000000000000000000000000000001000100001000000001000001000000100001100000001000000010000010000
0000110000001000010001100000011010000100000011010000100100000000111000100000011001110000010001000000011000100000011001001000000001000101000001100110010000000000000000000010010011110000110010000000000000000011000000000000001000000000001011010000000000
0000010000001100000100000010000001000000000000000000000000000000000010000110010110000100010010001111000000000000000000001001000110100000000000001110001100000010001000010000000000011001000000000001010100000000000010000100000001001000100000000000000000
0001000000001000010110101001010100000110000000000000000110000010000000000000000000010100000010000000100010000000001100100000010000000010001000010001001010011000000000001000010100000000000001000010000000000100001001100000110001000001000100001001000000
0001000000100001010000001100100000000000000001001000100000100011011000100001100000000000000000000010100000001000010000100000001100000000000001101000100000000000100010000000101011000000010010000100000100100000000010000010011000000000000100001100000100
0100010010000000000001000000010000000000000001000100000000001001010000000000000000000000000000100000100001000000001100000110100001010011000100000000001010010000000010000100000010000000000000000100010010001000001100000100000000010000100100000000000100
0000000000000110000100110000000001000000000000011000101001000000000001110100000000000001010000000000000011000010000100010001001000100010100110000100001000110100000001011001111000000000000000101000000000000100000010000000001000100001100010000000000000
1100000000101000111000100000110000001000000010110001000010000000000000000010000000000000001000000000000000000000100000000010000100000100000000000010100100100000100000111001000000000000000000000000000010000001000000000010011000100000010000000000000000
0100000011100000000010101110000000011100000100000001000000000100000000010001000000000000010000100000000000000010000000000110010000001000100100000000000010000000100000001000001100100000000010101000000000010000100001100001010000000100000010000110001100
1000000010000000000000011000000000001000000010101110000000000001000100001000010100000000000000001001000100000000000000001100000100001000010100010001110010000000000000001100110010000110000000000000000000001000000000000001000000000000000000000000011000
1000100000000000000000000000010010100110000010000000000000100000000100100010000100000000000100000100001010110000000100000000000010000001000000100100000100100000000010000000001001010000000000000010000000000001000000100010101100000000000100011000001001
0000000000000101000000001101000001000011000000001001001001010000101000000000000010000000000000000010010000000000010001010001100000010000001100000010000001000000000000001011000000000000000010000000100010010010010000000000000000010000110010100000100000
0110001000000100100000000101000001100000001000100000000010011000000000000010000000101001011000000111001000000001010000000100000010000000000000000010010000000001000000100100010100011001000100000000000000000000010001100000000000011000100000000000000001
0000000000010100000010001000001100000000000000011100000000100010010000001000000000000000100000000000000000010010000000100000000000000000010100000000000000001000001000000010011000000010000001000000000000000000010100011000001000001001011000000000000100
1100000000010001000000010001010000010010100000000010100000000001100100010110000010010000010010000010000000000000100000000000000100000000100010100010110000001000000000000000101000001100000110001000010000000000101010001100000001100000000000000010000000
0000000100000010010000010000000010010000010011000001001001000000100000000100010000000001001000000000000000000000101000000001000000001100000001000010000100000011000000100010000000100001010000110000000000100010010101000000000000010000000001000001000100
1000000000000011000000000001000001011001000000100000000001000010000000000100000000100000000000001000000010000100000000000011010100000000000000100001000000000010100000000101100000000000000100101011000100010000010000000000001000000000101001000001100000
1000000000000010000000110000000100000010010000000010000001100000010100000010000000000010000000000011100000001000000000000000000000010001000000011001100000001000000000000010000100100000000011000000001000100000000000010000000000010000011001010000000001
0000001010001000000000000000000000100000001000000000000000010000010000010000100100001010000001100000000000000100000000000011100000000000000000010000000000000000000000000000000010010000000000000000000001000111100000000000000010010000100000001001100000
1000000000100000000100000000000000000011000000011001010000000010000100000000000010100010000000000000010001000000000010100000100001000000101100000000100000000000000000000100000000000000010110100010000000000100000000100100000000000000100000001000000001
1010000110000000100000000000010001001000100001000000100000000000001110010011000000001100000000000100001000000100000000001010000010000001001000010101000001000000101000110000000000001001000001000100001001000000100001000101100000100000010000000110000000
0000000000100000010000000000000010001000001100000000000000000000000010000001001000000000000000000000000000010110001001110101000100000000001101000000001000000000000000001000000000000000000000110000000001000000000100100001000010010100010000000000110000
0000100000000001010001000101000000010001000000000000000000100000000100000001000000000010001100000000000001100000001001000001001000100000000000100000000000110111001000000000000000011000000000100101000000100000000000000010010001001000001000000100001001
0000100100000011010100010110000100000100010100010000000100000000110000000000000010000000000000000000100000000001001000011000000000011000010100000100000000011110000110000000000000000000010100000000000000000100000000000100010000001100000111000000000100
1000000000101000000001000001000000000101000000100010000000000000100100010110000000000000010000000000100000000100000000000100000010000100100000010000101010010000000100001000001100000000000010001000100000101000000111000000010000010000001000000001001000
1000000010100000110100000001000000000100100000010000000100000010001000010110111000000000000000000011000001000000000000000000010000001000000000000000010000100100010000010100000000000001000001100000100101000000000001000000001000110111100000101000000100
0000000010000000000011001000011100000000000000000011011000000000000000000100101100000101000000000000000001000001000000000000000011000010000010000000000000001100000001000000010001100100000000100000010010010110000111000101000101001010000100001000000000
0010000000000001010000100000000100000000010011001000000010100000100000101000000000000100000000000000000000000010100100000100000010000110001000100000001010000000000000000000000000000010100100100010000000000001010101000001000000101000010010000000000000
1001000000001000000000010000000001000010110000100000001010000010000010010000000011000001001010000001000000000000001001000110101000010000001000000000000000000000000100000010000000100010000010010001000000000000000000100100000000000000000001100000010010
0000000000000000000001010000000110000000010000011000101010010000000000000110000010000000000001000000010000001010001100100000000001100000000010001000000000010000000010000000000000000000000000000001000000000010000001000100100000000011001000100000000101
0000000000001100011100000100100000100000010100010001100000000010011010100000001000100100000010000000010100000101001010000000000010000000000000010000000001000000011000000000010000000110000000000000000000110000001000100010000000000000000000000000000000
0100000100001000101001000010000000010001000000100010000000000010001101000010000000000011100100000000000010000000100100100100000000001000010100000000000100000000010010000100010000000000000011100100000000100001000000100010001000000000000000100000110011
0010000000000010010000100001000000000011110000100100010100000000000001001010010000001000100000111000000000000010001100100000000100000000100010010000000000001001010100001100001001100000000100000100100001000000000110000000001000100000000000000010000000
1000000000000000000001000000100101001000000000001010000000010010000001000100001000000001000100000100000000100010000000001001100000000000001100000000101100010000010001000000000000010000011000101100010010010000000000000001000000000000100000110100000010
0000010000000000010000000000000000000001000000011001000000000001000000000010000110000000000011011010000010010000000000000010000000010000000100000100010000000000000000000000000000000010000000000011000000100011000000001000010001010000000000000100000100
0000000000000000000000010001001001000011001000010000000010000100011101000000000000000001000000110100011000000001110001000000000010011010001000000100000000000000000000000000000011100000000100010100000011000000000000010000000010100000000000000000000000
0000001000000010100001000000000100000000000000000010000010000000000000000110000100010000000000000000000101000001000000110000000000000001000001011011010000000000100000000100110000000000110000100100000011100001001000000001000010000100000010101000010000
0000000000000000100000000000000000000001000000000000101000000000001001010000000010101000001000000000000001000001000010000000000000001000000100010000011100000000100011000000000000001000010000000001010000010000100000000000000000000000000110001110000000
0100011000111100101000000000000000001100000000000000000000010000001001000000101000000110000000000000000001000001000101001000000001000000000001000000001000000000000100000000000000000000011000000010011000000010000000100011100000001010000000000000000000
1000010000000000010000100100000000010000000000010000001110000000001100100100000011000100010110100001000010000000000100000000001011000001100101001010011000000010000000001010001000000000001010000001010100000000000011000000010000000001100000000000000000
0000000000001000110001000010000000000000000000001000000100000000000011000010011000001001000000000000000000000000001101110100000100001100000000010000010101100000000000110100001011010000000000001100000000101000000100100000100000100100000000000001001010
1000000010000000000000000001110001000000001001100001000000000001000001000100000100000000010000010001000000100000000000001100000100001000000000000000100001011001000000010010001001000000000000011000000101001000100100101001100100000100000000000000100101
0000000001000000000000000100001110001000011000101001000000000100000100101010001000000010000000000100010100000000100000000011000000001001000100010000000000001000000001000011001100000001000001000000000100000000000000000000000001000001001000010010011100
1000000000010101000010100000100001000000100000000000101000000000001000000100010000100010000010000000010000000100000000000000000110100100100000000000000010100000000000000101101000100010101000000000000010010000000010101100000000001001001110000000000000
0000000100000000010000000001010000000100000000100000000000100000001010001011000100001001000000100000000000010100110000001000001000100100000000000000000010001000101100100000000011000010000000100000001000001001000100001000010010000101000000001000010100
0000010000001000100000010100000100000010100000000000000000000010011100000100001000001000000000000001101000100001000000000001000000000001010000010010100000000000100001100000000000001101100000000000100001000000001000010010000010000000000100001101000000
0000000001000010001001000001000000010010000000100001001000100100101100000000000101000010000000001101000000000000011000100100010000000000010110010100000000100000000000000000000000000000000000100000100000100001000000000010000000000010000010001000000000
1100000010000000001000100000101011100000100000100000000000001001000001000000000100000001000000000000000000000100000000000001000000000000001000000000010001000000010000000000000100000000000100001000000001000000101000010001000000000000001010000001000111
0000000110000000000000010000100000011000000000000110111010000110000000010110010011000100000001011001000000000101010000001000010000010000000100110101000100000000000000000000010000000001000100000100000000000001000101000001000000000000000000000000000000
0001000000011000010000000100101100000000000000000000000000000000000010001000000000110000000101010000000100000000000000000000000000010000010000000100000000000000010001010000000010000000001000000000000100010100001000000000001000000010010110000010000000
0100000010100001000001000000000010000100001010011100100100010100010000000000100000100000101000000000000000001100000010010000100000100100000000000000000100000000010001000110000000000010001100010000010000101001000000000000101000000000101000100000000000
0000000000000000000100000010000000000000001000000001100001000000000000110000000100111001101000010000000000000000000000001011010000100000110010110000000000000100110000100100010000010000000000010000000000010010100000000001000001000001000000100000100100
0000000001000000000000000000000010000001001000100000100000000000010000100000000100100000000000000000000000001000100000000000001010101010000000110011100100000000000111011010000000000000001100000000001000000000000001000000010000100010000000000110000000
1000100010011100000000000000010000000000000000000000001000000001000000000000000000000100000011001000011000100000101000011100110000000000110001000010000000000000000000011010000000000010000000000000000001100000000100000011000100000000000000100000000010
0000010000000000010000000100000000000100000001000001000000010001100000000011000000001000000100000000000110000000000000110000000000001000000100000010001001000001001011001000000010000010001000010000011000000000000001010100000000000000000000001000000000
0000000000000000000000000000000010000100001101000000000000000000000000000000100000000110010100000100000001001000000000100000001000100000010000001001010100000010000000000100000000000000001000000010010000000000000001000010000100010000000110000000000010
0000000001000000000000000001000010000000000000010000000001000001000000000001000000000100100000001000000101000001000000000000100000100000000100000000010000000100000000000010000000010000000011000000000010000000001000011000001100001011001010001000000000
1001000000100000000000001000001101000000000000000000000000000011010110000010000000001010000000000000000100000000100000000101000000010000000000000000000000000001000000000001100000000000100001000100000000000010010100101100001100000010010001000000000001
0000000001000000000000000000000000000000000111010010100000000100000000100000000110100000000000010110000000000000010000000000010010010000001000000001100100000001001100001000000011000010100010000010000000100000001001001001000000000001000010000000000100
0100000110000000000000000000001000100000100000001011000000000000000000100001000000000000000000000000000001101100101101000000000100000000000110111100000001000110000101000000000000001110010000000010000010000010000000000000000000001000100000000000010000
0000000001000000000001000000010000000000110000000000000000000000000001100000000000000000000000000000000000000000100000000011000000100001100000001000000000000000000000101000101010100100100000101000000000000010010000000000000000100000100000001010100000
158 237
178 27
