250 250
0000000000010000110000101100000010010000000010000000000001000000100001001000000001000000000000000000000001000000101000001010100010000000000000000010000000100101000001001100100000000100000000000000000000000000000000001100000000100010100000000101000001
0000000000000001000101000010010010010000000000011000000000000000000000000000000010010000000000001000001000000000110000000000000000000000000001001000000010000110000100100010010001000000000000000100000001000000001000000000001000000001000000000000000000
0100001010000000000000100001001100110100000000001001000000000000000000000001000001101001000100000100000000000000000000101010000010000000000000000100000000000001011010000110000000000000001000000001010000001010000001001001000000100000000100001000000001
0010010011000100000011000010100000000000001000000000000000000010000000100000000000000000100000000000100000100011000000000000000010011000001000000000110101000000001000000100011000000100000000000000000100000100000001001000100010000000000000011100000000
1000010000000000001000000100000001001000000000000010000000000000000000000011000000000000001010100001000001010000000000010001000000000000000000000001000000000110000000000000000011001100000000010000010101000000100010000000001000000000011000000101010000
0111000000100000100000000000000100001000000000000010000000001000011000010010000000000000010000100100000000000000000000000100110100001101000000000000111000000000001000100000000010000010000000110010100000000000000000000001000000000000010010001000000000
1100010110000000100000011100010000001000000000000000000000000000100100110010000001000010010000000010000010010100000000101000001100000010000000010000000000110001000000000000000000000000000000000000000000000000101100011100010000011000001000000110000100
0110000000000110000000100010011000100000000001000001000010001000001000100000000000000000000000000000100010100100000001000000000000001000000000000000000000000010110000000000100010000010001000000000010000000000010000100000000000000000000000001000000110
1000100000000100000110100100000000000000000000000001001010000000010001001001110000000001001000000011001001000000000000010100010000000101000001000001000000000001000000010000011101000000000000010000000001000000000000100100000010000000000000000000000101
0000000001000000010100000000010100000000000000100110001000000100010000000000000000000001000000001000000000000010000001000000001101000100010010010000000000100000010001000000000010001010000000010000000000000000000101001000010110000000000100011001000010
0000010100000001011000010010001010000000000000000000000010110010100000101000100000100000000000000000001001000000100000000000100100000001101011000000000001100000101010000000010001001100000000010000000000000000001010100100011010010000000100000000000010
0001000000000101000011000000000000100000000000001000000000010000010100000100000000001110001000000000000000000000001000110100100000101000011000000000000000010000101101100100011000000000000100001000000010000001010000000000100001010111000100000000001000
0000000100000000001000100010000000000000000000000000000010000000010010000010100100000000000010000000001000001000000100000100000000000100100000000000000000000100010000000010000000000000000000000000000000000000110010100000000000001000000101000000001000
0100000010000101000001000001000100100000100100000000000000000010010010010000000100000000000000000000000110000110010000010001101100000100001000000001101000000000000001010000100000000101001000000010000010000000000000000000100000000010000000000000010001
0001000010000100001000000001000100010000000110100100000000010000010100011000001000000000010000000000100000000010101000000010010000000000000000000000000000010010000000101100010000000000100000000010100000011110100000000000000000000000001100010000000000
0000001000100100010000010001000001000000001000000000100010000001010000100000000100101000000000000010001000000000010000000000010100001001001100000001000111000000010000000000000000010001001000001001110000000010000010000001001000000000000001000000000000
0111000100000000001000000000000100000001000000011000100000000100001100110010000000010000001000000000010001000000010000000000110100010001000100000001000010000000100001010100000000101100010000000000000100000000001000000000000110000001100000000001000100
0000000100000000000000000000010000000000000010101001000000010100000000000001001000000100000100101001001101101001100010000010000000001101000000101000001000000010010000100100000100001010000000000011000001000000000000001000010000100000000001100010000100
0000110000000001000000000000000000000000001010000110001000000001100100000001001000000100001010000000101000100000010010000000000000000010111001000000100011010000000000000000010000000000000000000000101000000000000100000110000000000000000000010000000001
1000000000111001000000010001100000001000100000001000010000100010000000000010101010100000010000000010000000000000001000000000001000000100010000001000101010000100000000000000100100000000000110000000010000110001001001000000100100000000100000010001100000
0110000000000010000100000100001000000000000011010000000000000001010001000001000000100001010110010001001000001000100000011010101001000000010000011000000001000110100000100000100001001000001000000100000100100000000010000010000110000000100000100000000000
0001000000111101000000000000011011000101000000000001011000000100000000000000001000000011001001010000000101000000100000101000000000000000100000000000110000001001010000000010000000000100110000101000000000010000000100000000000010001111101000000000000001
0000000000010010000000111000100000001000000000010001000100000100000000110011000000000000000100000110001000000000001000000000000001000000010000011001010000110100000000000000100000000000100000001000000000000000110100101000010000000000001001000010001000
0000000000010000000000100110000000000000000000110001000111010000001000000100000000000000000000000000000100100011011000000000000000011111000000001100000000000100000000000010110000000000000001000010000000100000000011000010000100100000000100011000000000
1000110000000100000110010100010000001010010000100011000000010000000001000000000001100001000000100100000000000000001010100000000000000000000000000100001001000000000001001000001001001000000000010001000001000100000000010000000100000000000000000101010010
1010001000001000010111000000000001100001100111000010110000010000100000000100000000010000000001001001000000100010110000000000000001000000100000000100000000000010000001000000000010000000000000000000100000000000100000001000000000010110000000000000100010
0000010000000000000000000100001000110000000000000000000000100000000000100000100000100101000010000000000000000000000100011001000000000001010001000000010000000001010000001001000010000100100000000010101000100001011100010100010000000000010100010001100000
0010000000000000100000001000000000000000001001001000000000000000100100001000001000000010011000001000011000100100000001000000000000000100000110101001000100001000000000000001000000000100000000000000000010000000010000000100000010000000000010001100100000
1000000000010000000000000000100100000100100000000100010010100010000000100100000100000000000100000010001000000000001100000000000001000000000110000110000000000000100011000001100000000000001011000000000010000000000110000000100000100000000010010100000100
1000100000000000010010110000000000000110011000000001010000000000000000000000110000000000000010000000110000000100000000010000000000010000000000001000100001000000000000000000000001001000010010000000011000000000000000100000000011001001000000000000000000
0000000000000100000000000010100000000010000000000000000000000000000001100001010010000110000000000000000001000000100000000000000000000000001000010001010001010100010000000001000010101000010100000000000100010000000001101000100000000000100000000100000001
0000010000000000010000000000000000100000001110000000010010000010000000000000001100000100001001101000000111010000000000010000001010001000000010000000000011000010000000001010001000000100000100001000100001000000101100000100010000000000011000000000001000
0000000001000010010100000000010110000000000000100011000100000010110000010101001000010100010000100100000000000000001000000100100000100000000000000001010000000000011000000000000100001000100000000000100000000000000110000100000100111000001010000000000010
0000001000000010100000000010000000001010010000100000000000000000010010000001000000000000010010010000000001000000000010000101000000000010000000000100000000000001000000101100000000000100000000000000000100010000000010000000000000100000000000000000000000
0000000100010000001010000000000100100000001100010101000000000000010000000010100000000100110000001000000001100001000000100010000101000000001000010000000000000000000000001011000000001001001000000000000000010000000000000000000100000000000000001000000011
0000000000000100000011010010000001000010000101100000000000000100000000010000010100010000000000000000000001000000000000000100000000000000110000000001001000000100010001100100000000000001010010000000001110000000000100000110001000000000001100000000000000
0000001010000001000110000000100001000000010000100010000000000000000000010010000000011000000001001000000010000100000000000010000100000100000001000110000001000000000101000000000000000010000000100000000000000000000000000000111000000000000000000000000000
0000000000000000000000110000000000000001000000001000010000000000100000010000000010100100001000100000000000000100000010000000000000000000110000000001010110000001010001000110000100001000001000000100001100000100100000000000010000000011000011000010000010
0000011000100000000001000001010111001101010000000000000010000000000001100100000011001000000000100000000100000000010000000010000010010011000100001010000001010000000000000100000000010001000000000000000000000001000000000000010000000000010000000000000100
0010000000000000000000000010000000000001100001001001000000000000001000000001001100001001000000000100100100000001000000000010000000110000001000001000000000010001001000000011000110001100000100001000000000101100000000000000001001110101000001100000001000
0010000001010000000000000000001010001000000100100000000000100001100000000000001000101000001000000000001000000010000000001110000000000010010001010001000000001000001000100000100000000100001100000000000001000100100001000000001000010010100000001100000000
0000000010000000000100000001000001000100011000000011000100000000000000000000000000100000001001000110000000000000100000000000000011010000110110010000000000000000000000100000000000000000100000110000110000100010001000000100000100000000000010001001000000
0000001000000001010000001101100000000000000001101010100000000101100011100100000000000000000010010000011000110000000000001000010000000000010101100100101110000001000010000001101000000000000000000000010000010001000000000100000000000001000000000000001000
0001000111100100000000000000100000010000000000011000100000000001001000000000000100100100000000000000110000000000100100100100000000000000000001000000000000000000011101010000100001000000101011000000000001101000000010000001100000000001001000000000001000
0000000000000000010100100010000000100000000000000000010100001100000000110010000010000001000000000000000000010100000000010000100100100000001110000010000001011000000000010001000010001000010010000001010000000001000000110110011000000000000011000000000001
0100001000000000000000001000000000100000000000000010000111000100000000001011000100000000000000000000000000001000000001100000001001100000000010000000000000000000010000000000000001100000010000000001000000000000000110000111100000010001000000000000000000
0001001000000100000000100000100000000000100001011010000000000001000100000000100000000000000010001000000101110100000000000000000000000000000010010000100100000010000010000000100100000101001000000000111100011000100000001001000001100000100000000000000000
0000000001000001100000001010010000000000000100000001000000001000011001000000000001110000010100010010000000010000000100100100001000000110000000010000010000000001010000000000111000000001000000000001000000011001000000000000010100010100000000100000000000
0000000010100000000000010000000000000000000010000100000000100000000000000000101000010010000000000000000010000000000001000000000100000010001000010101000101000000110000000101000100001010000100000000001011000001000000000000000100100001000010000000000000
0000100000100100000000000100000000000000000000100010000000000000000000000001000000001000001100001000000001000000000001000000111000010000100001100000000000010000000000001000010001100000000000010000000100010011010000010000100000100000001011000101100000
1100000000000000000100000000000000000000000001000100000000001000000001000010010000000011010000000000000010001000100000001000000000001000010001001000000000000000000000000010001000000000000000010101101000010000000100000000001001100000000000100001010110
0000001000100001001100011000000000000001100010100100000000010000000010000100100001000000000000001000000100000100000010000000000011000010000001100010010100000000000000000010001000011000010101001100000100000000000100100000000000100001000101010000000010
0010001101001000100000010000110000000010000000000000001100000000000110000000110110000101000010000000001001000011000000000001000000000000001000000000100000000111000110001000000000000000000000110100001010100000010100000000010000000000000000001010010001
0000000000010000000000100001000000000000000000000000000000000000011000100000000000000000001000000000000100000000010000000100000001000000000000001001000100000000000001000011000000000100001000100011100000000001000000001000000100001001000100001000101000
0000000010000000000010010110000000101000000010000000000001100100000000000000001000011000000000000000000000000000000010010000000000000000000100000010000000001000101000000100100000010110000001000010000010000000000000100000001000000000000010101000010000
0000000100100000000011000000000000000001011001000000000000000001010101000000001010101000010000000000000101000000000000000101010001000000011010000000000000000100000101000100100010000000000000001100100000000000001000000000110100011000000001000000000000
0100000011000000110100000001010000000100000000000000000000000000100010000001001000000000000000000001100000000000000011010000000000000101001000110000100000001000000000000010000000000000000000110000000000010000000000000000000000000000001000001100000010
0000000001010001100100000010000000100000000000000001011001011110000010000000000010000000000100000100010000000100000000001011000101000000000010000000001000000110000010000000000000000000010000000000100000000100000000010001110000000000100000000000001100
0010000000100101000010000010000011001010100000000000001000000000000000000100000000000000000100000000000001000000000001100001001000000000000100101000000000000000010000000000000000000000100000001000000100010010010001000100000000000001000010011000000100
0101001000000000000001101000000010101100000000000000001000000100100010100000010010010100000100000010001000000101000000100000001000001000010000100100000100000000000000000000010000011000001000000000000000001100000010000001001000011100010000000001100001
0010000000000110000100000100000000010100010001000000001010010000000000001000000000100000000000010000000001000101001000000000101000000010001100010010000100001100000000001000000001010000000010000000110010100000100001000001000000011001010000000000000000
1000000100000000000101000010000001100000000101000000010100100100000000000000000000001101010000010000000000000000000000011110110000000000000010000000010000000010010000011000000010011000000001000110000000000010010000000000101000000000100000000010001000
0000010010100000000000000000000100000100000000000010000000000000000000000100000001000000001000000000000001001000011001000010000000100000000000001100000100100000000101110000000000010000100000000000000001001010001001001010000000000001000000000100010000
0000001000001101000100000010000000110101010000011100000001000101000010000000100001000000001011000000000000010000000100100000000000001011001000000000000001000000000100000000010010000000000100000010000000010010010000000110000000000010100101111100110000
0100010000000001000000000000100000000010000000001000010001100001001001000000000000000100000001000000000010000000001000001000111100000000000000010000101001000000000100000100100000000000000000010000100100000100101000010000100000010000010100001000000000
0000100100000000100001000000111001000000000100000100100000000000000000000000000001001001000011000000000010000000100000000000000000010000000000000100010001100000100000000000010010100010000010100000010010000000000000001010001000000100100100100000010000
0010000100000000100000001000001000010000010100000011001000100101000110001000000000000100000111001000000000000100100100001000000001000100000100000000000000000000000001000000000100000110000000100000000000000110100001000000000100101001010000000000010010
0001000000000000000000000110000000000010000100100011000000001000000000001010000100000000000110000100001000000000000001000000000110100001000000000000101100000000000010000000001011000010010010000000000010000000000000000100000100000010000000110000101000
0000000000000000101001000000001000000001000000000000101000000001000001000000000000000000000000000010010010000000100010000100100000000010011000000000001111001000100000011100001000001000000001000000100010000010001010000100101000100000001101010100100000
0000010000000000000000000001000000000000001100000101001100000001000000001000000000000010001000000000111000100000000010000001010010000010001100000010000000000000000000000000000000011000010100100001000000001000000000000000000000000000010001000000000010
0010000000000110100000010000011011011000000000101001001010001100000000110000010000000000010000100000101000000000001100000010010010010010000000000100110000000000000000000000000010000000100000010000000000000010000000000001010000000000100010000000010000
0000000000000000001000000000000010000000000000001010001010001000000000000000000000000000001000100001000010000000000000111000000000000010000000000000000101000000001000010001010001000000000001000001000100000000000000000000000000001000100010001000000010
0000000000000010000000000000000000000101000000100001000001000100000100010000100100101000001000000100000000100000000000000100000000000011000000000010000000000111100100000110010100000000110000000000000100000100010000000000000000000010000011000000000001
0000010001000000000000100000001000000010000000000000000000000000010000000000000000000000000100000001100000001000000000010000000000000000000000000000100110000000010000000100010001010000000101000001000000000000010011010000010000000000001100010001000000
0000000000001000000001001001000000000001100000000000001001000001010100001000000000101000000000000000000010100000000010000000100000000000000000010000000000000001000000001100000100010000010000000000000100001000001100010000000000110000000000100000000000
0000000011000000001000001000010000101000000000000000000100000100011000001001000000000000000100000000011001001000010000011000000010000010000000000000001011000000000000010010010001000111001000010000000000100000000010000000000000011000000000100001000100
0001000000001011000000000000011000101010000000000000010001000000010100000001000000010000101000101010000100000110001000110000110101000000000010010000000001000100000000010000000000110000000000100000000010000000000000000100100000010000011010000101000000
0001000001000000100000000000000000001000001000001100000000100000000100000010000000000000010010000000010001000000000001000000100000000010000000000000100000000001000100001000000000000010100000010001000000000100100000000000000000000000000000001000000001
0100000000000010110000001100001001000000000001000000000000000000010010001010000000000000000000000001100000000110000010101000101100000100010000000000101011000011000000010110000000001000000100101000000000010000000100000000100000000001110001001110000010
0000001010000000000000000000000000000000100000001000000011011000000000000000000000000011000000010100001000000000101000000000000000000001110011000010000101000000100011010001010000100110000010010000000000000110001000000000000011100000000101001000000000
1000000001010000010000000000000000000000001010001100100101000001000101001010000000000001000001000100001100001000001000000000000000000000000000010110000000001000000011011001000000000000000100000000000000100000000110010000010000001010001010000000000010
1000010010100000000100000000000100000010001000000000100001101000000000000000000000100000010001000000000000000110000000001111000000011100010001010000000000000010100000110000001000000000000010000000000000000000010011000000000000000000000000010010000000
0000000000100000101000101100000001000101010000001000100000101000010001000000000101011000100110001000100100010000000010110000000001000010000000001000110100000010100001100000000000010000000001000001010010000000000100000100010000000000000000100000000000
0000000000000001010000000000000100010110000001000000111000010000101000010000100000000000000010000100000100000010000000000101001100001000000000000000000000000011010100100000000010010000110001100000000000000000000100110000100010000000000001000010100000
0100000000100101000000000100101000010000001100000110110000010000001000000000000000010000000010000100110010010010000001010011001000000000101100000110001000011000100010000000000000000000000010100000001000000100001000000000000001001000010110001001000000
0000000000000100010100000000010000000000010011010000001000000001100011000010000000100000010001000000000001000000011001010110000000000000010001010000000000000000000100010010001000000000001000000000000010000000000001000000000000101000000000000000000000
0000000000010000000000000000000100101000000100000000000000110010001010001000000000011100000000100000000000001000000000010010000010000100001000001001000100000110001000100000000000000001000100000000000010000101001110000010101100000000100001000000000000
0000010001100000000001000001010000010000000000000100000000001001000000000000000000000000100000000110010000000001001000010000001000010000100010010001001000000000000000000000001100000100101000000000010110000000000000100000000000000010001000001000000000
0000001000001000010000000000000100111001000100001011000000010000000000000000001000000100010000000100001000010100001010000000000110000000001010100001000100001000000000000000000010000000010001001000001000001001000000010010101001000010010001100010000001
1000101100100000000000000000100000000000101001000010100000000000000000000110010111000010010000010010100000000110010011000001000000000001000000000011000000001000000000000000000000110000000000101001001010001110000000000000000000001000000011011000101010
0010000000000011100000000000000000010001000000001010010001010000000000000100000001010010000000010000000010000000010100000000000001000000000001000000000010000000000010000000011000100000000000010000000001000000001001010000000000000000000000100000000000
1010000010000001000011000000000010000011000000000000000000000001000000000000000000010000010001000000100000000000000001010000000001000100010000000000010000000010001000000000000000000000100000000000000000010010000001001000000000100100000010000010000000
0000011010101000000000000000000000000010011000001000000000100000000000000000000000000000000000000100010000110000001000000000000001100110000000000000000000000011010010011101011001101000100000000000000100000000001100000000000000000110011010000100010001
0000011001000101000010001000100101000010000000000100000000000010000000000100000001010001000000010000000000110000010000110000000000100000000000110000000000000000000000001100010001000000000100000110001010000000001000000000000011000100000000100000000001
1000000000000000010010011100000000010100000000010000101000000000010000000000000001100000001000001100000000000001100000001000000000010101000000001100000000000000010000000000000100000000100000000000000010100010100010000001000000000000001000001000110000
0000000000000001110100010000010000100000000010100000101000000000000100000000001100000011000000000100000000000011000000001000010001100001000001000111000000000010100000010000001000000100000000000000010000000000010000000100000001000000000000000000101001
1000000000000000010010000000000010000100011000000010000110011101000000001001000000000001000001000000010000000000010010000000000000010000000000000000100100010000001010000000000000010010100000110000000000000101000000101011000001010000110010000000100000
0000100010011000000001000000100100000000001100000010010000000000001100100000010000001110100000010000000000000000011001001100001000000000111000000100000100001000000000100001010000000001000001000010010000000000010001100000001010000000000000000000001000
1000000100000010110000000010000000001000000000000100000010000000000001001000100000001000001010000100010000000001100100000000001000110000010000001000000000100000000000000000100000100000001000010000000001000000000100100010000000000000001000000000011100
0100000100000000000001001001000000000101000100000000000000100001000110000000000000000000000000000101000000000000010000001101000111010000001100001000000010000000000100001010000000010000100000000000000000000011000010010000000001001010000000000000000001
0100011100111000000011010001110010000000000000000100100101000000100001010000001000000000010100001000001001001001000001000000001110000000000000010000001001100000000100101000101000000100000000000100100000010000010000000100000000000000000000000000001010
0000000000000000000010000000001000101100000000010000000001000000001010000000000000000000000000000000000010000000000100000001000001000000000000000000000000000010010100000000000000000010100000011001010000000000000000100101010000001110000000100000001101
0000000000000001000000000000000000000100000000000000001101001000100000000000000011010011001001001001000001000000110000001010000000000000000000010100000110001000000000001000001000000000000000000100100000000010101001010100100000001000101001010000001001
0001010111001000000000000000001000000000001110000000010100000000000000011000000100000000000000000010000100000001100001100100000001000010100001000000000000100010000000000000000001100000001000000000000100000000001000010011000010000000000000000010101000
1001000000001001000000000100000000000000000100000010000000001000100000000101000000100000000001010001000100000100000000000101100100000000000000000000110000000000001000000110010001000110000000000000001000000000111010000000101001000010001000000010000000
0000000000001000000000000001010000100000110000000000100000000000001000000000110000000000000000100000000000010000010000000010000000000000000000000000010100000000011100000000000001000001010000001000000000010001000010010000000000001011000101000000101000
0010000000000000000110000000100001000100100000000000010000110001000100000000000001000000000001011011000100010001000001001100010000000000000000100100010000000000000000000000000000000000010000000001000000001000000000000001101000000001001000000000100100
0000110010000010011100000100010100001100111000010000000000000000000001001000001000010000001100000010110110001010000000010010000000100010000010000000010001000000001000100000010000101010000000100100010000100000000000000000000101100000000000000000001001
0000010100010000000100000000000000000000001000000000000001010100010000100011000000100101000000000000000010000000000000001000110000000010000100000000011100000001010000000000000010000100010000010101000010000000000000010000000110100010000000100000100000
1000000000000011010000000001000000000100100000111000000000000001000100101000010000100001000000000000000000100000000101000001100100011011000001100000000001100000000000000000000000001010000000010000001010110010000000000001000000100000000000100010000010
0000000000000000110000000000110000110000000010001100000001011100010100000010000001000001000010000101100000110000000000000001000000000000000000011000000000000100001100010000000001100000001000001101000100100001000010000000101100100000000001001000110010
0010011000110100100010011100001000101000000010000100100001010010000100001000000100000001000010011100000000011111100100000010000100001000000011000010000110000000000010010000000000000000000000000000101000001000000010010000000000101011100100000000000000
0000000000000101000000100000010000000000000000000000010100000000001000001010000000000000000010000000000000100000010000000001000000000000000010010000010111000000000000100000000000000000100000000001000000101100010100000000000001000000000000000000000100
0000000000100000000000000000010000100010000000001000000000110001110000100000000000100000000010000000000011010010000001000000000000000100000000000010000000101001000000100010000000001100010001011000000000001000000000000100000000000001010010100010000011
0000100100001000000000000000000000000110000000100000000000010000000000000000100000000001000010000001100011000010100000001001001010001000001011000000000000100001000100100000000100000101010010000000010101001101000001110000100101001000000000000010001000
1000011000011001010000011110000000000000000000100000000001000000000000000000000000000001110000000101100000000010000000010000000001000000100001000000001001000011000010000000001000000001000000000000000000000000011000001000000010010001001000000100000000
0000010000101000100000000000000010000000000000001100000000000110100010000001000000001011000000010001000000000001000010000000000000000101001000001001001000000000001000000100100100000111001000000000000000000000000000001000000000001000000000000000110000
0000000110101010000010100000100000000000000010000000000000001000000000000000001110000000100100101010000000100010000100000000000000000000000000000001000000101000000010000000000000000000000011110000000000000001000001010110010010100110000001010010001100
0000000000100101100000001000000000000000000001000000000010000001010011000110000011011000000000010000000010100111000000000011110000000000010110001000000100010100000000001001001011000000001000000010000001100001000000001000000000000000000000010010010101
0010000000011000000000000100000001100000000010000011100000000001000100000000000100000000001000000000000001000000001001000010000000000000011000000000000100000001010000000000000000011100010000000000000000000000000000010000000000000000101000000001000010
0000000000001010010000000100100001000001000000001000000000001000011000001010000000001000000000001001000000000000011010100000000000000000010100000000000000010000000000000000010000100000000000011000000000010000000000000000010010000010100000000000000001
0101000100000000000100000000000000000011000000000010001010001000000001010000000000000000001101110001001000010100000100000000010001000000000010101101000000000010001010001000000000100000100100001000000000000000010000000000100000110000100000100010010010
0001100000001000100000011000000000001000011000000010000000010001000000000001000000010000000000000100000101000010000011001001000010100000001001010000000001100000100000000000100010100100000001101011000000100001001011000000000010001000000010000100000011
0000000000000010000000000100000000000000000000000000000001010000000100100100000010100000000000000000011000000011100000111000000000001010100010100010000001000011010000011001000000011000000110000100000000000000000000000001100000100001000101011000000001
0010000000000001001000100010100000000101000011101000100000101111100001000010000000000100010000100000000000000010000000000000000100000100000100010000000000000011001000001000001000000000000010000000000000000010000000001011000000000000000000001001111000
1001110010011001100000100011010000000001000000000100111110000000010000000000000000000000000001000000000000010000001010000000010000000000000100001000000000000000001000000000010000001010001000010010000000100001010011000001000000000000000000000000010001
0000100001110000000000000000000000011011000000000000000000000011011000000000000010000100001100001001000010011100000100100100100000100000000100001000010000010000000000000000000110000000001000000000110001000100001100000000000101001000100000000010000000
1000001000000010010000001000000000001000000000110000000001101000000010001000000100000000010010000000000000000010001000010000110001000000100000000100000000000000100000100000001010001010000010100000000001110001101000010010000000100000010101000100000000
0000000010100000000000001000000001010100000001000000000100010000000000000000000000001011000010010000000000000100000000100001010000001000000000110000000000000010001010000010000000000010000000100010000101000000000000000000000000000000010000000010000010
1000001000000000011000010100000000001100000000100000000000000000000000000000000001100010010010000100000000001010000000000000001000001110010000000010000010000010000000101011000000100000001000000001100000000100110100100101100000000101000000111100000100
0000110001000110000000001101100001000000011001000000000100000000000101111000001010001000000000001000000001101000010000000100000000000001001000000000000000000001000000001000101100000000000000000000001011000000000000000000001011001000000001000000110101
1001001000110000100000000000011000000000000110000010000000101010000001100000001000000000000000000001000010010000000010001000001000000000010011000000000001100000001101000000001101100100001000101000000000001000000010000000000000100001000010001001100000
0011110000000001000110000000000000000000000000000000000000000000000100100000000000000001000000010000000000100101100101100000000000000000000000000000010011000100000000000001100110010001101000000001010100000000000010010100001000001100000110000010000001
0000000000000001000000000000000010011100000000110000000010000001000001001001000000000001000000000000100100000000000100010001001000100011000010001000000000100000100000010000000001001110110000000100000000000000000110000000100000010000100000000000100000
0000010000010010010010010001100000000100000100010000000010001101000000000001010010000000001010001100000100000100000000000000000000011000000000000000110000100010000010100000001000000110010100000000001000000010001000100101000010100010100000000010000010
0000001010000100001010101000000000000000000000000010001001001000000001000001001000000000001010000001010000000000100000001000000000000000000000000000000101000100000100001000000000000010000000000000000000100110000000011000000010010000011000000010100000
0000000001000000000000000000100000010000001010000001000000010010000000000000010010010100001100000000010100000000011000000001000000000000000001000000000010100001010000001000000001010100000000000010000010000001000000000000000010000100000000000000010000
0010000000000001000010100010000100100100000000010000000001111000010000001010001100010000000000001000000000000000010000000101010010000000001000000000001110001000000000001000000000000000000000000000000000000001010010010011100000000010011000100000000000
0110100011000010000100000000001000100001100000010101010101110000010010000000000001000010100000100000010010010101001000100100000000000001001010000100000100000000101001000010010000000110000100000001000000000000001000010000000000100000001000111101000001
0000001001000000000001101100000010000001000100100000000000010000000100000100100100100010000000000100000000101001011000000000110000100000001100110000010101010000000000101001100000000010001001000001001000000101110000000010000000000001000000000010000000
0100000000010000000000000000000000000001000000000000010000000000010000100010010000100000001001000000011000000010001100110000000100010000000010000001001000000010000001000100100000000001000100101100000000000000000000010000000000000100100000000000000010
0000010000011010100001001000000110000000001000000000000000000000000000001010000110000000000000000000010000000000000001000000000000000010110000000001000000100011000100000000000000000000000110000000101000000010000000000000000000110100000110100000100000
0010010000000000000010110000000000000000000100000000110000000000000000010000000000000000001010000000000010010000000000100000100001000111000000000000000001000000010110000001000000000010110000000010100000000001000000100110010000000000100000101011000001
1000101000010010000010000000000000000000000011000101101000000000000000000000100000010000000000010000000010001000000000000000000000000001000000100000000000000000000000100000100001010100000000000001000000000000100000000001000010100000000000000010010100
0100000100010000000010000000100100010000001000000000000110000000000001000010000100000010000110001000001000000000001000011000100010000000100000100000000000100010010000000000100000000101001010000100011000000000000010000011000000001001010010000101010011
1000100101000000000100000001000000000000000010000000010000100110010000000000000100000010010100001000000000001010001000000010000010100110010001000000000000100010000000000100000000000000000000010000011000000100100001000000001000010100000001000000000000
0000000100100000000000000101000000000000010010000000000010000011001010001010000000001010001000010100100010010000001000001000101000010000000000000001110000100101000010000000000000010000010000000000001000011100010000000000001001000001001010100000001000
0000000100001000000001000010000000000000000000000100000011000010000001000000000001010000000000000000000000101000000000010000000000010000000000100000010000000000100000110000010000000100000000000100000100000000000000100000000000000000000000000000100000
0000000100001000000000000100000000000000110000000010000101100000000000000000000100000101001000000000010000001000000000110000100000100001000010100000000001000011110000000000100001100000000000010001000001000000000010001100000000000001110000000000000110
0000001100100001110000000000000010100001000000000000001101100100000000000000000100000000100100000010000000000000000000000010010001000110000011000000000000000000000000000000000001001000000100000000000000001110100101000000000000100000000010100100001000
0000100101000111000000000010000010000000001000001010000000000100000000100000110100000010000000000001000000110000000000000000000001000000000000001011000001000000000011001010100000000000001011000100000000000000000001000000100000000000010000010000000000
0000000001000000010100000001000000100000000000000010000010001000000000010000000100000001010010000000000000000010000101000000000000000101100011100000000000000100010010011000100000110000100001010001001000110010000010001000100000101000100000000000110000
1001000000001000000010101010010011000001000000000000000000000000000000001001100100000000000000000010100000000000000000000000001100000000000000001000100000000100000000100000000000100100000000000101000100000101000100001000000010000010010010011000010000
0000000100000000001110010000000000010000000010000000000000000000011000000010111000010000000000010010001000000000000000001000001000001000000000101000010000000000100000000010000000000001000000010011010100000000100000000100000000000001000010000000000000
0100011000101010110000001000000010000000100000000110000101001000000000000000100010000000010000011100000100000010000000000000010000000000001000001000000000000000000001000000000001100000001100000001000000110000111000000000000000000000010010000110000000
1000110001001010100100000000001001000000000000010000010000000001000000000010000000000100000000000010001001010000010100000000100000100000000000001001000000000000000000000000000000000000100010001101000011000000001000000000100000000100000001000000000000
1000000000000001000011000000000000000000010000000000000000100000001000001010101000010000000000000000010000111000010000100000000100000000100000000011100001001010100100001000010000100000000001010001000100010010000100101000100001010000000000000001010000
0000100000010000000001000100000100000010010000101000001101000000000000000001001001011010010000010000000001000000000000010010000000000000000000100000000000000000000000000000000100100000001000010000100001100000101101000100100000000000001000000000100000
0000000010010000000000110100010000000000000000011000000000011000000011000000000010001000000000111100000110000000110100000000000000101100000010000000000110000000001010000000001010000000000101110010001000000000011001000100000000000010000000100000000100
0011000000000011000000000000011000000010000000000110001000000000011000000000010001101000000101000000010100010000010000001000011000001000000010000010010010101100000000000000010000100010100000101001100000000000000000000000000000000000000000000000001000
1000100001001000010000001010000000100100000010001000000000010000000010010000010001000000100000000110010000100000000100000000000000001000000000001000000000001000000000100000000000000111000000001000000000010000000000000000010000000000100000000000000100
0000000000100010000000001000000000110000000000000000100010000000010000000001000000001111010000100011000100000000001000110001000000000000000001100000000000001000000000000001000100010010101000011000001000000000000110001000000101010001000000000100000010
0000001010000011000000100100011001000000100110000000000101000110010100000000000100010000010100010000000000000000000001010000100100010010000100000000000000010000001000000000010000000000000000001110010000000011000100110000110000110000000010000000100000
0000001000100000000010100000000010000000000000001010001000000000000010000100000000010000000000110001011011000000000000011000100000010000001000000100001000000000000000000101000000100001010000000000010000100010100000000000100000001100000100110000001011
0000000001000000000000000100000000000010000000000000010000000000000000000000001000000000000000000000010000000000000000001110010000000010000000100001000000000001001000000000010001100000000000001000000000000000010100000000000000011000001010100000000000
0000000100000100000001000000011000000100000000100010101000001000000100100100000100000000100100000000000000011000100101000000000001100000001000011000000100000000100010010000100000100000100000001000000000000000000010000000001000100001101000000000101010
0010000001101000000000001000000000000000000010000000000000001000101001000000010100000000000100000010000000010000000100000100000000000000001000000000000000000000000000000000101000000000100000000000001100000000100000000011000010000011000001000000000010
0000000000000100000000000000010010010000000100000000000100001011100110010000100000000010000000010110001101000000000000000001000000000000000000000000000100100010010000010000000101101010001000000010010000000000000000000100100000000100000000001000000100
0000000000101000000000100000101000000000100010000100010000000000100100000110000000100010000000000000100001010000000001000000000000010000000000100000000000000010000000000000010001010001000000001000000001010000011100000000010000010001000000000000000100
0000000000100000100001100000000000100110001000000010100000011100000001000000000000001000000100111111100100000000000000000000100010100010000000001100000000011000000010000000000000100000001001000000010001000000001000000100000000010000000110000000000010
0000001000000000000101000000001010001100000000100000000000000000000100000110100000000000000010001000100110010000100010000000001101100000000100100000000100000001000001000000000110000000000000000010000000100010110000010001000010000000000000000010011000
1001000100110010100001001000010001001100011100000010100010010100100000000000010000100001010101000100100001001001000011000110000100000100010000001110101000000100000010000000000010110001111100000001000010100000010000101000100000011000000011010000000000
0000000000001000100000000000110000010000100100000001000000000000000001000010000010000100000001000000011000000000000000000000000000000010001000000001011000100000000101100000000000101000000001000001100000000000010010001000000000000000000000000110000000
0000011000100000000110111100011000010000000100010001001000000000001010000001000011101000110011000100000110000010001000001000000001000010000000001000100000110000000100000011000100000000000010000110000000010000000011100001000000001000000000000000001000
0000000100000010000001010000000001011000100001000100000001000000000001010000000001000000001000001000100000000001100001000000000000000011000000000010000000000000100100000000000100000000100010000011100000100000110000000010100000100001001000000000000000
0000000000000000010000000000000000010000000100100000001010001000000001000000001010000000000010011101010001000010010000000000000000000000001000000000000100001000110000000100011000000001000000000000000000000001100000000010001000000001000100000110001010
0100100111000001000001000000000100000100000010000010001000000000000000000000000000000001000010000000010000001000010001000001000100100000001000000100010001000000001000010101011100000000110001000001000000011000010000000100000010000010000100100010010001
1000001001010000100010110000000000000000000010000010111101001000000010000100110010100000000000000000000000000000000000000001000000000100000100000000100100000010000000010000000010000000001000000000000000100010000000000000000000000100100000010100000000
0011100011000100001000100110000001001000000000000011010000010010000000000000000001110100000000000001001000000001000001000110001000000001000000011000000000000000000100001100000010110000010000010000101000000010010001000000001010000010010010010000010000
0100000011000000000010000000000100000000000010000001000000000010001000000000000000000000000101000000100000000000000011000000011000000000001000010100000000000000000001001000000110001000001100000001010000000001000000000000000010010001100100000000000000
0001000000000010100101010000000001000000100100000010000100001000010000100000000000001011010000101001011000000000010000000000000100000100000000000000100000000110100100010000011000010000000001100010000010001000000010000000000000000001000000000100001000
0000001100001000010010101101100000000010000000001010101000000011001000001000000000000000000001000100010011001000000011000000000000001000000100100000010100000111010000110000000110000000000000000000000100100010001000000000011000000000100000000010000100
1000100000000000000010000010101000001000000101000001000000000000010000000001001000000110000000000101100000000000000100000000000000000010001100001001000001000000000000010000000100000010000001001000100100000001000010000000001010010000010000000010010100
0000000000001000000000000100000000010000000000000000000000000000000000100000100000000001100000000000000101000000000000000000000000000000010000000000010000000010010000000000000000000010000000100001011000100000010000001001000000010001100000001010010000
0000000010101000000000000000001000100111000001000000010000000001000000000000000000100000001000000000010101100000011000010000100010000000000000000000000000000010000000000001000000001011100000001000000111000011000000100000010001000001001100100000100100
1010000000000000011000000100000000000100000100000000001000000001000000000000010010110000000101000000000000000000000010000000000000010110001000100000001000000000000011001000000000110000000000000000100000001000000000100001000000000000001000000000100000
0100000101011000000000000000000000000001110000010010010000000010000000000000000001000011000010000011000001010010000100001000010000100000000100000000000000100001000000010000000000000000000000000000000000000101100000000000000010000001000000010001100000
0100000000000000000000100000000000000000100010000100001000010010001001011000000010000000001000000000000000000100100001000000000000010000000100110001000001000010000001110000000100000000100000000000001001000100110001000000000001100010000010001010010000
0010000000011000000001010000000110000000000100100000010001001000000000000100000001111010010000000110000011001110000000000000000000000000000001000000000110000000000000000000010000100010101001010000100000010000010000000000100000000100000000000000000000
1000010000000100000000000010000000000000000100001011000000100000000011000000000000000101000000001000000000100000100100011000000100000000000010001010000000000100000000010000001000011010000000000000010000100100000000001000100011100000100000100000000001
1010001010000000000000000000001010100000100000100000100100000000001001001000000000000000010000001000010000000100100100000010000001010100101000001100000110010001000011000010000001000011000000000101000000000000000010000010010100000000000010000100100000
0100000000000000100100000100100010000000000100010000100001000000010100000001010000001101000000000000010000001000100010000001000000000000100011000000001000000000000000000000000110000000000000000000100011010100000000110011000000000110010000000001000011
0100000000000100001001000000100000000000000100000000010001000010000000000000000010000000000000000000000100000100000010000000000000001000000010000000010001101000000010100100000110000000010000100000000000010000000000001100000100010000010001001000000000
1100010000000000100000100000000000110010001000000000100000000000001000000001010000000000010010000000100000000010010010010010000000000000010001001000000100010000000000100100000010010100100001010100000000000001001000000000000000000000011100001000010001
0000000001010000100001000100000100000100000000000000000000011000000000001010001000000100000000001100101100000000000110001000000000000000110000000010000001000000001100010100110001000100000000001000000010000100000000000010000010010000100001010001010010
0000000100001100000000000000001100000010000000000001011000011000000100100000000000000101010100000000001000000000000000100000110000000000000001000000000000000000000001000000000100000100000000000000010000101000100001000010001110011000000000000001010000
0001000000000000100011000000000001000100000000000000000000000010000110001000010010101000000000010110000000000000010010000000111101000000000000001001000100001000000001001000000000000000000000001101000100110000010001100100000000001001001001001001000000
1000000000001000101000000000010000000010000100110010000001100000000000010010000101000000010000000100010010000000000010000000000100101001001000000000000010000000010000000000000001001000000000110000000001000000000000000000000100000100000000000000000000
0000010000000100000000000000000000100000000100000000100000001100000000000100000010000000000000001000010100000010000100000100000000010100001001000101010110000000110000000100011110000000001010001000001000000000000110100000000001011000100000001100001001
0000000000010010000011100100100000001000000000010000000000000010100000100001000010001000000001101000000010000000000010000000100001110000000000000100000000010100000000000010000001001001000001000000010000000000000010000000000000000100000000000001000000
1000010000000001110010100000010001100010100000010000101000000000000000000000000000000010101001010000000000100111000100000110100000010011000000000000000011000000010001000000000100000100001000000000000000101010000100000000000000000000100000000010001100
0100000000000010000000000010000000000000000001010010011000010101011010000001000000000000001100001000000001000100001000000100101000000000000100100000000001100011000000000001000001000000000000000010000100000010001010010100000000000000000100000000000010
0100000000010000001000100000110010000000010100000100000001011100001100000100000100000000000000010010000000000000100010000000000000100110000001010000010000100000000111000001100110000000011000000001000000000000000000000000010001100110010000100100010000
0000100000010010000000000100010000100010000010000100001000000010010100010100111001001000111000000000010000001010000000101000000000000100000001000110001001100000100000000000010010000100000000100000110011000000000000010000000000000000000000000010101001
0000000001000000000000001100000000001000000000000000000000000010100010001000000000000000000000000000101000001001000000100000001000010110000000010011010000000100100000000010000011000101000000000000000000000000000110000001000001010001000000000010000000
0010000000000000011000001000000000001000000000000000000110000001000000001100000010001100100000000101000100000000100011010000100100100100100000000000100101000010000001000100000100010000100000000100100010001000000000000101000000000000001001000000010010
0000000000000000000001000000000000000000000100100000000000100000000000000001001010100001010100000000000000100000000000010010000000000010000100010000010001000000010000000100000000010000000001000000000000000011010000000000000100000010001000000010001001
0010011001000010000110010010010001000000010000000000000000001000000000010000000000000100000010001011000100010000000000000000010000101001100000010000000100000000000100000000101000000100000101001000000010000001001000000010010000000000000010000001000000
0001100001100000000001000000001000000000000000000100001100011000100000110000000001000100000001100100000000000010010001000000000100110100011010100001110000000001011001000000001110001000100000001100001000100011000000110011000010010000000000000000000001
1000001001000000000000001000001011100000100001001000010100100000101001000100101000000000000001001010000000010000100010010000010001000001010000000000001000000000000000000100010000101000000001101000110000010001000010000000000101000000000000000000100001
0000010010000000011000010100011000010000001010000000001100100011000000000000000000010010001001101001000000000000000100010000000100100000000101000000000010000000001000000000000000000000001000000000010100000100100000000001000000000000000000001000100000
0000000000000010100010000000001000000000100000000000100000000000000100000001000000001100000000000101000000000001000010000001000000001000000001010001001000000001000000000000000100100011100010000100010110001000010000100000010000001000000000011000001000
0001000000000000000000000100100100000100000000000000101000000000011000000000000001000000000010000101000010100000000000010000100001001000001001000100000000000000000000010000010000000001000100001001000000000000010000010000000110010100010001111000000000
0100100010100000100100000010010000000000111011010001001000000000100010000000100000000001000010000001000000001000000000000001000100000000000000000011000000000010110100000000000100100001000000101000000000010000000001000000001000000000000000000000000100
0000000000011001000010001000000001000010001010000000000000000000010000000100100000000010000010000000000000000001100001000000000000100000000000010110000000000001001000000000000000000000000000000000000001000000000000000000000000000010000000010000000001
0100000000110011000000010000000001000000100100000010100100000000000000000001001100010000000000000000000100100000010000000010000000000011010000100001000010000010000000000000000100000000000000000001100000000100000000000000110100000010100000001100000000
0010010010000000001000101001010000000010001001000100000011101010000000000101000000000001100100000010000000000000100000010000000010000001000001000000000000110001000001100000100000000100000100001000010000011001000001000100001111000000000000000000000001
1000100110000000000000000000010100000000100010000010000010101000000000010011010000010000000100000000000000100000000001101001101010000000000110000000000000101001000000010010000000001000011010000010000100000000000000000100000000010010001010000000110000
1010000000100000000000010000100000000000001001000000001000000011010001001000000100000001100100100000001010010011010100001100000000010010000100000000000000000010100000000000010000000000100000000000000101010000110000010000001000001100000000000000000001
0100100000000000000000000010000000000000010000000110000010000000000010000001000000000000000000001001000000010000000000000100000000000000000000000000100000100000000000000000100101100100000001010000010001000000000000000000000000000000010000000000100010
0000100000000001001000001000000010011000110000000000000011000000000000101000100000101011000000010000010001100010000000000000110010000000000000100001000000000000000000100001001000010010110000110100000100000101100000010000000000000000000000001000010010
0001100000011000001010010000000100010000010000001000000000001010000000111010100001001000000100000000000000000000000010000001100000000000000000000000001000001000000000010000000001000010000000000000101100010100000100000000001000001000000000100000000000
0000000000000100101000000000000000001000000001011000000000000101000000001000100000010000000010000000011000100000101000000000100100110000000100000100001000000011001100100001000000000000000010000001010000000000000000000111000100001010000000000000000000
0000000000001000000100000100100000010000000100001101001000000000001001000000000001000100000000000000010100000000000000001100000110111000100000001000110000000011000001100000010000000000001100010000000000010000100000000100000010000000000100001000010010
0110000000000101100010000000100010010001000000000001000000000000110000110010000000010101100010000010100100100000101000000100000000000101010010010000010000000000000000000101000000001000110000001000000000100000001000001000010000000000000100110000001000
1000000000000000001100001101100000001000001001000001000000000000000000110010000000000000001100000010000000000000100000000100100100000100000110001000000000100000010000000010010001000000000000101110100010000000000100000100000001010100010000000010001000
0000001000000010000000000000000000000111000000000000100010000000010000011000000000000001000000010001001011010001000000000100000100000000001100000000001100000001010100011100000100000000000010000000000000000001000000000000100100010010000011100010001110
0100101100000100010000000000000000001000100000000100000000000001000000000000000001100100011010000010000100001010000100000000100000000100100000000001000010000001001000000001010100000000000000000000000010000110000000100000010000000001000001000101000001
0000000010000010000000001000001100110000010000001010000100000000000000000110000000000000100000000010000000000000100000000000010000100010000000000000010001000001000001100000000000000010100110100011001000000110000000100000000100000000100000101000000010
1000001000000010000010000000000001010001110000011000100110000000000010000000000000001000000000001001000001010000001000001000000110000001110000011000011000000010000000000001110000100001010000000000000000100000000010000000000000100000000000000000001000
0001000100000001001000001010000000000001000000010000000000000010000000011000000001000001000110100000010001000000000000010001000000100000001100110000000110000001000000000010000000000000000010000000000000000000000010010000001000000000010000000000000110
0100000100000000011000100000000010000000000000100001001111000100010010001101000110000010000000010000000001100000010000001010000000001000001100011000010000000000000010011000010000001000100000000100100100100000100001011101000000000001000000100000000100
0000001000000000000000000000000001000011000000000100010100100000100100000000000010110000100000100000000010000000010000000000001100010010000000000011000000100000000000000000000001000001010000010100001001000000000000000110001000000000110001000010001000
0001010000100010101000000001001000001100000100000000100000000110000000011000001110010010000000000000001100001000100110101000000000010000000000000001000011110000000100100000000100011100101001000010000000010010001000100000000100000000100010010000101010
0000011001000000000000000000000010010001001000010000000000001000100000001000000000011000000000001001000000000000000000001100000011000100100101000000000000000000000000100011100000000000000010100000000000001011000001000000110110010000000100110001010100
0100000010010110100000010101100010110110000000000000000000000001000001000111000100000000001000000000000100000100000000010000000000100010100000011000100010000010001000000001000000000000000000000001111000000000000001000000000000101000101001010010000001
1000000100000100000100000010001000000000100010010000000000010000000110000000000000010000100000000001011000000110100000010000011000000100000001001100010000001000000000000000010001000000001000000011101000011000010000100001000001000000100100001000000000
1000000001100000100000000010000001011000000011001101001000000000100010010010000100000011010000000000001000000000000000000000000000000001100000010010000100000000001000101000000000110000100000100000000000100010000000000000011100010000110000001000000001
0010110100011100100000100000000000000000100010100000000000000000001000000000000000010010100000010000000001010010000000000001000001000000000100001000100000001000100010011000000101001010001000000000011000000000000000001100000010000001000101000011010000
0000000000100010000001000000000000000101000010000000000000010000001010000000010000010000000000001110000100000010111000000111100010000000100000000000010000001100000101110000100010000100000001100000000000010000000010000000100011011000000000010000000001
0000000100000000001000000001000010100000111000001100000100000000000001100000100000110000100000110110000011000000000000000000000101100001000111011000000001000100000001000000000000001000000101000000000000010000000010000000000001100001001100101000000110
0000000100100000100001000000000100000010011100100000000010100100000010000000000000000000000000001000000000111001010000100010000100110000001100000000010000000000000000000000110000000000000000000010101000010010011100100001000000110000000000000001011100
0001000000000001000010100011000001011000000001000010000000000000010001000000000000101000100000001000000001000000100000000010100000000000000001000001010000000010000000100000000000010000000000010000000100000000001000000010000100010000000000000110000100
0000000000000000000110010100001000000100000000000000000011100000000010000000001000001000000010000000000000100000000000000100000000100000100000000000000000100000010000010000010000010000010010001001000000000001101100000000000000000001000000000000000000
0000010000000000000010000000000010000001000000001010000000000010000001000100100000000000000000001101000011000000000000000010000000000000000011110000000000000000000001001000000000001100000001000010001101000000001100000000000001000100000000010101000000
0010000011100000000100010001000000001101000100100010000000000000001011100000110000010010000000100000010011000010000000000000010001000001001000000001100011001100001010000001000001000000100000000000000000000111000000010000000100000000000000000001000000
1101110000010000000000001010000000001000000110100000000100110000000000000000100000000000100011010000000010000000000001001000000001000000011100000000010000001000000000001011000000000010000010000000100000010000100001001000000010000000010001000000000000
0001000000001000000001011010001000000110000000001000000000000000000000001010111010001100000010110100000000001000000000001011000000000001001000000000001000000100010000110100101001000100100000000001100000100100000000100000000000010100000000000000000000
0010100100000100000000100000000001000010000000100001010000001000001000010001001000000000100100000000000000000000111000000111000001000010001010000101000000000000001101011100100000000000001001000010000001000000101000001000000100000000100000110001000000
0000000000001000010000000000000000000001000000000000000000000000100000000100001010000001000100000000100010001000001101010101000000001010000111000000000000000100010001000010000011000010100100100000000001011000000000000000001000000001110001000000100000
213 143
200 159
