250 250
0000010000001000100101001000011000100000000000000010000011101100100000011000110010011000000000000100000100000100000000000000000011100000000001000000000000000000100000101011100001000000000000000100010001001000000100000000001000101001000011000001100000
0100000000000001100000000000000100000100001001001001000000100000000000001000000000000000001100100000100000000011001000000000010000100000001000001000000000001000000000100000010000001000000000101000000101000000000000010100000001010011010000000011001000
0001001000000000010001001001000001011100001110100000000000000000000000001000110000000110000001000010000011000101000001000001000100000000000011001001001000000000000000010000010000100000010000010000100001101001000000001000000001000000100000111000000100
0001000000001000000000000000000000000000100000000000000001100000010011001010001010001000001000001000100100000000100000001100000000000000000000111000000001000000001010000000011100100000010000100100000000000000000001010010001001000000000011000000000000
0001000100000010001000000000000001100000000001110000000100001001000101000000000000000010000100000000010000000000001000010001000110000000000000001001000000000000001000000001000001110000000010000001100000000100100000011001000000000000001000010010000110
0000000011000100110000000001000001001000000000010010011000000000000100001000000000000010100100000000000100000010011000000100011100000010000001000000000000000010110100100010000000000001000010000000000000000000110000100000000000011000000000000101000000
0000000000000000100010000010001101000000000000000000000000000000010000000000010010000100011000010000000000000010100001000000000000011000000000000000000000000000000100001100000000000100001000000001001101101000000000000001000000000010000000101000010000
1011101000001000010100010001000000101100000000000000000000000010000000001000000100000010000000001000010000010100001011100000100000100000000000000000000000000100000000000000001000000100010000000000000010000001000110000000000001000100000100110000000000
0100000000000100000000000100010100000000010000000000000000001010000000000000010000000100000110000100000100000100010010100001101000010100010000010001010100010000110100100000000100000000010000001000000110000001000000000000001010100000100000010101000000
0001101000001000000000000000000000000000100110000000100000000000000010000000000000000000000000000001000000100000000000100010000000100000000000100000000111000001010000011000000100010000000010000000100010000000000000001100000001001000000010000000000010
1001001100001000000100001000000110000101100000000010000001000100000010000100100100100100000000000000001001001000000011000000000000000100000010000001000000000001000001000100000010000000110100111000010000000000010001000000000000001000000000000000000000
0000000001101000000000010010100000000101000100000001000000100000010000000000001010011000000001101000000000001000000000010010000000101000000100000100001100111001000100001101000000000001000011001000000010000001001100000000010100001000000000000001000000
0000100010000010000000000010101100000000000000000001010000000000000010100000001000000000000000100000000000000000010000000000001010000010001010000000000000000000000000000001001000001000000010000001000100000000001001010001000001000010100000000000000000
0000010000000000001100001001000000000010000000000000001000000101001100000010000000000000001000001000000000000100000000000000000000100000000000000000000100100010000000100010000100100000000000001000010000100010101010100000000001100000010000000000010010
0110000100000101001100000000000000000001000000000011100100000000000010001110000100000000010000001001000100000010000010000000000000000000000001010000000000001000000000000000011010000000000000000001010111110000100000000001100000100001000001000000000000
0000011001110000100011000000011001000000000100000100000000000100000000000000000000001000000100000000001000000000100011101000010000000000100000000000010010000000000000000000001000110010011000000000101001000000100100000000000000000000100100000110000010
0000000000000000000000000000010010000000000000000000000010000000100001000000000010001010010000000000000000110000101000100000000000100000000000001001000000000000000100000000000010101000010111000101000000010010000010000010000100010000000100000110000000
0001001000000000000010010001000001000001100000000000010001010000000000100001000000000000001010000000100000000000001010000010000000001000100000100000001000000101010100000011000000100001000000000000100100000000001000000000010010010000110001000000100000
0000000000000000000000011000000000000000000010000000010000000001000000010101000001000001000000010000000000000001100000100000000000100110000010000001000000001011000000100100000000001100001011000000100101100000000010000000011000000000000000000011000000
0000000000001000000010100010000000010100000011110000000110010000110001010000000000010000001000101000000100000000000100100000000000000100000000001001011001000100000000001000100001000101001010000000001000001101000000000001010001000010011000010000000110
1001000000000000100000000000000010000000000010000000000000000000111000000000100000000001000000010001000000000000000010000000000000010001001000000000000000000010110000100000000000000000010000001100010100010100000011010000001000000000000000100000001011
0100001000000000101000100110000001000000100000001000000000011100001000000000001010110000010000100000000000000010001001000000000000000001000000100000000010100100000000000000100001000000000000100001100001000000001000100010000010000101000000000100010000
1000000000000010000000001000000001000000000101000001100000100000000001000000000001000100000000000100010000101110000100000000001011000100000000000000001000111000011001000000001110000101000001000001000000000001010000000001100001000000000000000000000000
0001000000000011000000000100000000001110101100000000000000100111000001000000000110000001000001010001100001000010000001100000000001001000000000000000000001100100000000011100000000010100100000001100001100001000000100000000000110000000001001000000000000
0000000000000110000000000000000001000000000000000001000000000101010101110010001000000000100000001000000010000100000001001000000000100000110000100011000000001000000000000111000001001010111000000000100010000000000001000011110000000000000001000000000000
0000000010101000000000010000000100100100100100001110100010000001000000000010001100000001000000000001000000000000000000000100000000100000100100001010010000000000000000000100100000000010000010000100010000110100000010000000000000000000000100111000100000
0010100001000010010100000000100010100000000000000000010010000001001010010011001000010010000100000000000010101110010000000000010001000000000000101010001000100000110001101100100100101110100001000000011000000000000000000000000000001101110010000000001100
0100000000011000001100110000000010000000001000100001000100000000000110001000000000000100001000010000100100000000001010010000011000000000000000000000100000000010010000000001000000000001100010001000000010000000000010010011000000000000100100001000101000
0001110000000000011100000001001000001001101000100000000000000001000100001101000000000010010000000100000000000000100001000110001000000000000001010100000011000010000000110000010010000000010000001010001001000000001000000000000100010000000000100000000010
0000101001000000000010000000000000100100000000000001010010100000001000010001000000000000010000000000001001000000010000010100000010000011000000011000101110000010111001001000101000000000000010010000000000100001000000000001000100011000000101001000111000
0000000101000001000001001000000000000000000100000000100000100000000100100010001000100000110000001000000000100100001010000010101001000110100011100000000000000000000110000000000000000000000001010000000000101000000000100100000011011010000000000000000000
0001000000010000000001000100000000100001000000000000000010000001000000010000100010001000100000000000000110001100000000100001000001001000001100011000000000000010011101000100000000001010000000000000001000000010000000000011000000000001000000000010000101
1110010110000000010100000000100000000000000000100001010000010001000001010100001010110000100000010001000100000100000000001000001011100000010000001000000010100110000001001010100000000010001000000000000000000000000000000000000000000000000000000000000101
1000000000001001000100001001000110100000011000101000010000010000010011000000000000000000100110000000000000000100000010000000000000100000001001000000101100000010000010000000001001000000000000000010000000000000100110000010000000110010000001000000001010
0000000000000000000000010000010000010000000000100001010000000001100000000110100011001000001010100001000101000110000000000000000011000000100100010000000001100011010000010000000000000001000000000000100100000101001001100000010100000100101000000000000100
0000001000000000000000000110001000000001000000001010011100010000000000000000001000000000110000100000000000000000001101000011000000000000000010010000001000011000010000100011000011000001001010010000011000010000000100001000000001100100010001000000011000
0001010010000100001010000000101000000000001000110000000000000000000000001000000100000000000100011000000100100100010110010000000000000010000000101010000100000100100000100000010100000000100000001000000001000001000000000010000000000000101001011000001000
0010000000010000100100001000100000011000001000101110000000000010000001001001000100100000000000000000100010101000000001101001100000000100100000000000001010000000100001000000000100100000000000000100001000000110000100000000000010010000000010000000010000
0100101000000011000000000100000100100000101000000001000001101000100001101010000001100100100100000010001000010000000100000010001000100000010100010100001000001000000001000000110001000000000001100110001001000000001010000000010000000000001100000000010000
0111000000000000000000000000001000000000000000001000100000010100000000001000000001000101010000000000000000100000000000000000001000000000100000000100000000000000100010100000001000100000010000001010010010000100000100110000000010000000000000011000000000
0000000001010100010000000000110001100000000000000000000000001000000000001000000001000100110000000000001010001000000001000000101010001000000001101000001001010000000000001010001000010000000000100010000010001000000110010000101000000000000000000000100000
1010010000000000000000000000001010000111100000100001100000011001000000000001011000100000110000000000000000000100000000100010010110000000000100000010100000000110001000001000010000000100000100010010000000001100100000000000000000000000000000001000000000
0110010000000100000000010000001000000101101010000000010011100000000000001000000000001010000001000000101001000010000000001100010100010000101000000000000001001000000000000000000001001100000000001000000001000100000001000000000100000000000000000100000000
0100001000000001000000100000010010100000100100000000000000000000001000011000000001000000010011000010000000001100001000000000001000000000000010100000000000110000010000000001000000000100000000000010101000000000000000000000000100000000000001100100001000
0000000000000000000010010010000000000000000100000001010000000010000000000000010000001000000110000000010000000011001000000100000000001011000100000001000010000000000000000001000000000001000110010000000000000000001100000000000010000001000000000000000000
0000000011100000000010100000010100000000000000001000000000000000000100000000010100000000001011000000100000010000000011110100000000011000001000001000000000100000000000110001000100000001000100010000000000000001000011110000000001000010000000000000100000
0001010000000000000000000001101000000000100000000000000100011110100100000100010000001010000100000000000000000000011000110000000000000000000000010000100100000000011000000000000000001000000010000010001000010111000010000001000100000001000000000010001000
1001000000000000000100000000011010001100000000000110000100000010000000000000000010000110011001010000000000000000000010000000100000100000000001001000000000000000001000010000000001001100000100000000000000000011000000000100000100001000001110001001101111
0100110000000010001000000001000000000100000000000000000000100000000000100000100000000000000100000010010100000010100000000000000100000100010011000000000000000100000000000001000000000000000010000011000000010000000000000000000101101000000000010001100001
1000000001001110000101100010000000000010000100100000011000100000100000000010000100010000010000000100001010000000000000000001001000000000000000000000000000000000010000000000000000000000000000000100000000000010001000000000100000000000010000000000000100
0000000010100000100000100000000001010000100000100000000000000000000000000010000000000001000010000000100000000100100100010000001000000000010000001000000000100010000000000101100000101000000011010000000100000000000001000000000000000000000010000001001010
0010100000000001000000010000100000010000001100000001000010001000001100010000010100000000011000100100010000000100000000001000000001001100001000001001110000100000000000010000000000001100000000000001000100110000000000000100000000010000000000000000000000
1100110000000000010000100100000000000000001010100000001000000000001010100001000000000000110010000011010100100010001000100000000001100000000000000001000010001100001000101000100000000000010001000000000000000100100001010100010000000000000000010100001000
0100000000000000000000000000010000011000010000000000000000000000010000000110000000000101000011001000000101100001000000100000000000000110010001001011010100010001000001100001000000001010010000000000000000100000110000000010000000000010000010100010000100
0000000000000000000000000000000010000100001000000000000000000100101000100000001100000000000011100010010011000001010101001110000000010000010010000010111001000110010000010010000000010000000010000000000011100000000001100000000000000001000000100000001111
0000001100000000001000000001001010100000000000100000000000100000000000100001000011000000000100000000000100000000100010000001000000001000000101000000100010000000000000000000000001000001000000000000000000010001000111000000100000101000001010000100000100
0000000000000000000000001100000000000000000000000000000001001010000010010000010000010000000000100000100000000100010000011000010000010000000110100000000100000001100001000100000011000010000110001000000001011000100000110000000000000000000100110000000000
0000000100100100000000000000000001011111001000101010010000010000110000000000100000100000001000000010000010100000000000000000011000000000000000000100001010100001001000001010001000100001100100000000101000000000001000000000000010000100000000000000000001
0000000100001000000000000000100001001000000001000000010101000100000000000010110000000001000000000110010000000000010011001000000100010010010010001000000000110000000000000000000010000011000010000100000000100010000110000000000000000100000000000000000000
0000000100000001000000000000100000000000001000100001000000000000001000000000000100010000000000000000000101000100000010000001000100000000000000011001010000011000000100000101111100000000000010000000000011001001001000000000001010000001000010010100100000
0010010000000010010010110000000000000000000000110000000101011000000000101000011010110010000000000000000000000000000010000000000000100011000010000000000010000000000000000100000000000000010010001010100000111010010001010010000000001000010100010000000000
1100010001000000000000000001000000101100001000100001000000000000000110000001101000010000000000010000100100000000100000001000100000000100100100001000000000000100101000000000000000000000000010010001000000001000010000000000100000000000000100000000000000
0000010000000000100000000000000001000000010011000010000001001000110010000000000000100000000000000000000000001000010001000100000000000001000000000000010011000000001000000001010000001100100011001110000111000000001001000100100000000000100000000100000000
0001110100000001010001100010000000000000000000000010000010000110001010010000000000000000001000001010000000100000100000100000010000100000000100000010000110000001000001001000000000000000001001001000100001100000000100000100001000010000000010001000011100
0100011000010000000100000000000000000000000000000000000100000110100000000000000000100000001000000100000011001000001010000000001001100100000000000000000100000000100000000001010010001010000000101001001000000101000000001010000000000000000000001000000000
0000100000010000000000000000010011000110010000010000000101001000010000010000010000000000100100000000010010000000001000010000000010110010000010000100001000001000000000100000110000000000100010000000001000000000000000001100000100001000000000000000000100
0011101100010000100000100000000000101001000000100000000000000001000100000010000001000000000010100000000000001001000000000000000000100010011010000000000000000101000001001000000100100000000000000010000010110000100010000011000100000000000000001000100000
0000000001000000010100000010100001001000000000000000010101000000000000000110000010100000000000000111000000000000000000110000011000000010001100000001000000000000001000001000101101000011000000000000000010000110001000000000000000000000000000010010001101
0010001000100001110000011001001100000000000010100000000100000010000100100000010001000001100010000000000000001000100000000010000010110000001000010100000000001100001010110000000000101100010010000110101000001001000110100011110000000000000000000000001010
0001001001000001000000000100000011000000000100000000001001010010000000100010000000000000000000001110000000000000010000101000010000001100100001000000000001001000110100000000000000000000010000000000100000000100011010000000000011010000000000001000000001
0110010000010000000000000001000010100000000100000000000000000000010100000000000000000100000001000000010000011000101000000000000000011000001000000010100000000000000000000100000000000001000100100000001000001000101000001000000000110010000000000000000000
0010000110000001100000000000000000100000000010001000111100000010100000010000001100010000000000000000000000000001000000101000000000001100000000100010000100000000000000100011000001010000000010000011000011000010010000001000111000000000000000100000000000
0100001110100000101001011000000000010001000000010000110100000010000000011001000000000000000000000000000000000000100100000000001000000000000100001000000000000000011001000000000001000110000000100000101010000010011000000000000001100000000000001110000001
0000000100000000010010000001000000100000000000001000000000000000001001000000000011000100000000100010001100001000010010000000100000100001000000000001000000001000010000001000000100010101000000100010000010010000000010000001000000100000000000010000000000
1000001011000001010110000000000011000100000001000000100000000010011000001001010000000000000000010000000000000100110000000010000000111000000100000000000011000000100000110000000000101000000100000110100000000001000000000100000000100100000000000010010000
0000000000000110000000000000000101001100101000000000000110000010000001000101000000100000000010010000010101100000011000000010000000000001000000000000000001000100000010000000000011000000001001100010100000000000010100000000000001001000000011000000000000
0000001000000000000010000000101000000000001000000000100000010000000000100010000000000000000100000000100000000000001000000011100100110000010010101000001001000000001110010100101000000010100000000000101010000100000100001100010100000000010000000000100000
0000000010010001010000010000010101000010000000001100001000000010000000101010001000100001100000000110000000010100001000000001000010000100000001110010000000001001110010111000000000100100100000100010010001000000000010000000100000000001000100000000000000
0000000000000000000000000000000000010000100000000000000000000100100000001000010000000000000001000001010000000000110000100101101000000000000000100000000000000000000100000000000001000011000000000000101010100001000000010000001000000100001000100000000010
1000000000100010010010000000101001010100011000000000000000100010000100000100001100011100101100000000000000001011100000000000100000100000000000000000000000100100000100000000000000000000010000100000000000000000000000000100001000010000000100000001100000
0000000000000000000010000100100001100000000000000000100000011010000000001101000000000001000000000010000000111101000000000000000010001000000000010000000000000000000000100000001000000000100100000010000000000000000001001000000000010000010000100000000110
0000100100000000100000000010000100100010101000000000000011100000001110000110000000000000000100100000000000011100000110000000010000000000000000010010000000000000010100000000000000001100000101000000010001000000100000000000000000110110001100100000000000
0000000001000000000100010001000100000000010100000100100011100000001000101100001000000101000100100000000000101000100000111000000001010001000001010101000010010010010001000001100100000101011000101001010000010000010000100110000000000100000000010000000000
0000000000010010101000010000100100110001101110010011101110000000000110010000000000000111000000000000001011100001010000010000010000001010000000000001000000100010100000001000000000010000000000000000000000000001000000100100000001000001100000001010001000
0000000100010000000000001110100100111000000110000011010000000000000000001000000000000000000000001101001000000100000000000010000000100000011000001100001000000000010000001000000000001111100101100000100100000010010000010000000111000000001100001010100000
0100010000000000010010010100100100000000100000000011000001000000000000000000000000000000000000001001000000000000000010000000000000001000000000000000100001011100000000001000101000001100010000000100000000000100000000000001000000000100000000001101000001
0000001000110000000000100000000011000000000000000000001000010101000010001000000100000010011000010000001010000000000000000100000001100010001000100000000000000000000100100000001000011110001000000000010000010001001000000000000000000000000000010010001000
1010000000010101000010100101011010000100010000010000000000100010100010100010000010001000110100000001001001010000000000101100010000001000000100100010100000010000010100000010010000000000000000000100000100000000000000010000100001000010110010000000001000
0100000101010001100100000000000000000001000010000110000001010010110000000001000100111100001000000000000000000000001001110000100001000000000000000100100010010000000010001000010000000000110000000010000010000110000000010000010000000001110100000010010000
0100000100100100000000000000000000000000000000100000000000000000100000000000100001100000000000100010000000000000100000000011100101010000000100100011001000000000010000100101000000100110000001000000000010000100011000000110000000001000010010000000001001
0000000001000000000010000000000000000010000100001010000100000010001000000000000001000000000000000001000000000000110101000001000101000000101000000000001000011100110000001100000000000001000000000000000000100100001000010000100000000010100010000001000100
0000100101011010100000100010011110001000000000000000000000010001000000000000001010001000001100100000100000100100000000000010001001000000000001101000000000000000000000000000000000000000010010000100000000000000000010010000000000001000000110000000000000
1000010000000110001111110000000000000000000000000000101001010010000100100011000001100001000101000000000000100000000001100000100000010000010101000000100100010000000010000110000000100000001000010000000000100000010000010101000010001000010000000001000000
0010000000000000000010010000010001000110001000000010000000000000100000010000000100001000100000000000100000000100000100110100100100011100000000001000000000001001000000001000000000000000000001011001000000100000010010001000000001000000100000000000001000
0010011000000011000000100000010000000000000100001000010100000000000000000000100110001001110000001000000100000000000000000000000001000000000000000001000000000001110000010010000010000000100001101000101010010010001000000000000000001000000000100100000000
1000000100000000011100110010000100000100000000100100000000010000010000000101000001001010010000000001000000010100000010000000101010000000000000010101100000000000000000001000110100000110000000001000010001110100001000000010000000000100000100011000000000
0100000011010101000000010000010010101100000001000100000000000101010000010000000001000000000000000000000001100100000000000100000000000100011000000110000000000000000001111101000000100000000000010100000000000000000010000100000100000000000001000000010010
1101001100000000000000000000000001011100000000000000110100011101100000010000001000000000110000100100000000000000111000100000000000000000000110000100100110010001011000000000000011000010001001001100000100100000001000000100000100000000111101000100110000
0000000010101000000000001011001000010001010000110010100000100000000110001000000000000100000000000000000000000010000010100001001000010111000000000000001000000000001000000010000000010010000001100000000000010111010001100000010100001010000000000000110100
0000010000000000000010101010100000000100011001000010000001000000000110000010100000000011001010001100000100010000000010100100100000000000000000001110100000100010001000000000000000000000000000000010000100000100001000100010000000001100001000000000010000
0000110000100100001101001000100000001011010010011000000000000000010000000000000000010001000000000011000110000100100101100001000000010000000000010000000001000000000000000000100000000000010010000100100000000000010110000100000000000100001000100100001000
0100000100000000000001000000000000100100000000000000000000000000011001000100100000000110000000000000001001000010000001000000000001100100100010000001000000010000000000001001100100010001010000000100100000000001000000100000000010000000001000001000001000
0000000000010000100110000100000010110000110010000000100100000000001100010000000000000000001000000000000010000000110101000000000110000000000010000011000000100000000000001000110000010010001001000100000010000000000011000000000010000100000000000000000000
0000001000000000000010010001000000000011000110000110000000000000000001010010010001100000000010000000000000010000011000010010001010001100010000100000000001000100101010001000000000000100000000100000000001000000000001000000000000000000000000010001010001
0110001000000101000001000010010000000000000010001001010001100000000100010000100100001010010000000100000000000000010010000010100000000111100110000000001000001000010011100110000001000000000000100010000100100010000000000000110010100010000000001010000000
0000000010000000000000000100000000010000010000000000000000000000100000000100000010010100000100000011101001000000000000000010010000000000001101000000001000001000000100000000000100001000000000101000000010100000100100100000100000000000000000001100000000
0001000000000001000100000001100000010010001000000000000010000001100000100000000100001001001000000000000000001100001000000000000000110010010110000000000100101000010001000000000010000000000001010000010000000000000000100100000100000000010110000000000000
0000000100000000110000101000000000000010010000100001001000000100000000001000100100000000010010100000000001000010000000100100000000000000000100100000001100000000001100000000000110000010000000011000000000000000000010000000000001000100000000010000010001
0010000010000000000001000000100110000100011101000000100000000000000000100010000000010000000010010000000000100000000000100111010100001011010000001000000000000100010000000010000000010000000010100101000000110000100000101000000000001000000000000000000100
0110010010010100000010100000100000000100000000100001100001001000000000000000000100000001001000000000000000000001001000000001000000000100010000000001000000000000000000000000000000000000000000000010000000001010011010001000100000000000000001010000001001
0000000011110100000000000000000001000000001011000010010000001000000001010001000001010000000000000001000010100000000000000010010000000000100000000000110000001000000000001000010100100010000000000000000010010010010000001000001000000000100000001000000000
0000100100000000101000011100000001010000011100100100010000100001000000010000000000000000000000100000001001000000100001000000000000000010000000100001000000000000000000000100000100000001000000000000100000001110001001000010110000000000001000000011000000
0000000010000100001001101101110000101010000011001000000000010000001000001010000100000000000010110011011100000000001001100000010001000010000001000000001110010001010000000001000000000000000100000001001000010001000000000011010101000101001000010010000000
0001000000110000000000000000000000010101010000010000000000010100000010100000011100000000000000000000000000000010000100000000000000001000100000100000000100000000100000000000000000100001000000000010000010001000000000000000000010011100000000101000000000
0000000001000000000000000011000100000000100001010000100010011100001000000001000000010110000000000010010100000111000000011000010000010000000001001000000010000000100000000000000000000000000100000000000100010000001000000101000010100110000001001000100000
0000000000000000001000010000000100000000001000000001000100010000000000000100000000001000001001000100010010000000000000001000000000010000000110001000100100000000011000000000000000110000001000000000000010000100100100000010001010000000000000000000000100
0000000101010010000000100000000001001000000000000010001100000010100100001000010000000000000000000010010000010000000001000001010000000001010000001100000001000000000000100000000000000000000000000010001000000011010000000000010100000010001000000010000000
0000000100000000000000001000100000000000001000010100000100000000000000000010001000001000100010011000000000000000000000010001011000000000001000110001100000100000001100000000000010000000100010001001000100100000000000000001000010001100001100010001100000
0000000010000010000100101000000000000000001001000011000000000100000000000000010000100000000000000000001010000000000100001000000000100001100100100000000000011001000000010010000000000000010001000000000010000001000000001000000000100000010000000000010000
0000000010010011000010010000001000011000000000000000000010000000001000100000000110000010000000000010000000000000100101000010000001000000000000010001001001001100000000100000000000000000010000000000000010010000100001000110110000101001000010100000000000
0000100011000100010000001010000001001000010100000000000000101001000000001000000000000100000000010001100001000000000010100000101000000000000110011000000110000010000001000100000000001001100000000010010101000001000000000001010001010100001000110000000000
0000000000000100000000101011000000110000010110000100000010010110000000001011010000010000010000000100000010001000000000000000010000000000000000000000001000000000011011001010000001000000000000001010000000001000010000000001000001000000000000011000001101
0001100100000000000000010000010011010110000001000000010000000100000100100000000000000000000001000000000000000101010010111010101000000000000011000100100000000000000100010000000110000000000001010001000001000001110001000000000000000000000000000100010000
0000000110000100001000000100011101001000000000000000011000000100000100000000100010110000000000000000000000100000001100001100000011100110000000000001000000100000000000110000011000000000010101100000000110000110000000000000100000000000000100100000000000
0000000110000000000000010000000000000001000100000001000000000100000000000010010000000000000000100000000010001000010100100000100000000000100000000000110000100000000100001000001000001000010000000001001010000000110000000000010000110000000000000001000001
0100001000101100000000000000000000000000000110000000000000000000010110000110000010001100000010000010000001100000101000010000000010010000000010100000001000000100000001100000000000000100001010000000000000001000000100010001000001000001000011000000000000
1000000000001011010000000000000000000010001000000001010010000001000100000000000010000000101010000000000000000010000010000001100100000000010011011000010110000000000000010000000000010111111010000011000001000000100000000100000010000000000110000100000001
0110000000010000000000100000000001000010000100010000000000100001100000000001001000010000000000000001000000000000011000110000000000000001010110000000010100000000000000110100100000100000000100100100100000000000000000001001000001001000000100010110101000
0010000010000000010001000000100000001000001000000000000000100010000000000000000001000110000000000000000000000010000000000001000000011000010000000110011000010100000000101000101000011000000000001000000000000001010001100001000000000000001010000000000000
1001000010000001000000000100000100001000010001100000110000000001000000101000011001010000001001001000010000000000000000000000100010010100000000000010001001000000100010000000001010001000000000000000000110000001000001000000010000000010000000000011000000
0110000010001100001011000000100000011001001000000000000001000000100000000000000101001000000000010000000010100011010010001011010000100000000000000000000000000000000101000000001110100001001000000000000010110000000110001000000111000001000100010000000000
0000000010010100000000001000000100101000001100000000010000000101001000100000000000100010000000000000000000010000000111101100000000010010110010000100001110000100000001100000100000111000010100000100100100000011000000000001000001101001100000000110000100
0000000000000101000000010010000001001000101101000100001000000000100001000001000000000000100001000000000010000000100001001000001000000010000001001000010000010000000100000000000000000000000000010000101000000101010100000000010100000001100000101110000100
0000110000100100000100000010000000000000000010000010000011010000000000010000000100000100000100000000101001000010000100000001000100000101000100000000100000010000010101100000000010010100000000000000010101010000000010100011110001001001111100000001001101
0000100000000100000100000001010001000000000001000000100000100000000000001010000000100100000010000000000010000000000000000000000000110001000011000100100000011001100100000001010100100100100010100000001010100100011100001011100010000000001000000001100001
0010001100000000000000100011000000100000000001000011000100000010000000000010010000000000000000010000000000001000000000000001000000000000100011000000000000011000000000010010000000000000100000010000010000001110000100010001000101000101000000000001000000
0000000010000000001000000001000000100000000010011000000000000000001000000000100000000001000000000011001011000000001000000010000000000000000100000000000000000011110001101000000000001000000000000100000000000000001000000000100000010100000000000001100010
1000011100000001010000000000000000000000000010000000010001000000000000011000000000100000001000000001000000000000000000000000110001100000000000000000000000001000000010000001000100000000101010000000110100001000100000000000000000000000100000100110000000
1000100000100000000000100010001000001000000100100001001001100100000000000000001000000000000100000010000010000011000010000000000001000000010010010000011000010010000000000000000001000000010010001000100010001100000000100000101011001001000000110110001000
0000000000000000000100010000010000001000000010000010001010000000000000000000100000001000001000000010000000000100000010000000000000010000010000000100000001100001010000000000000000000000000000000000010000000000000000010110000100101000001000011000000000
1000000000010000010100010000000011000000010000000000000110000100000000000000000000001000000000001000000100000011000000010000100000000000010000000000000100000000000100000000000101000000100100001100010101000010000000000000100000100000001000100000000000
1100000000000000000000000000001001010010000010000000000010000100010000000000000011000010000100110001000000000010000100101000000000000000000010000000000000000000000100000000000000001011000000001100001100001000000010000010001000010001000010100001011100
0000110000000010000010000010010000000000000000010000000110000000100001000110110000000000000000000010000000001000100000000000000000000000011000001000001010010010000000000000000000000010000000001000000000010010000000000001000000100000001100000000000000
1000010000001000000000000000010000111000000000100110000000100000001000001000000010010000000100001000010100000000010000000100001000000001000000100000000010000000000100000001000000000001000001010010000000000100001000100000000000000000000000000000000000
0001100100000000000011000000000001001100000000010000000001100010000000000000010000000010010000010000000000000100000000110000000000001000000000000000000010100010010000000000000001000000110100000010010101100010000000010000000000000100000000100010100000
0000000000000100001001001101100101000000011010000000010000000000000000100000000000010100100100001100000100000000000010000000001001000000000000000001010000000000110100000000000000010000000000110100100000000010000000000010010000000110000001101000001100
0000000000010000110000000000100010001000001000000000001100000000100100000000011000000000000000000001010000000000000001000000000000000000101000000000000000001000101100010000001000011001000000001000101000000001000100000001000100000001000011000000000000
0000000000010000000000000000000010000000100000000001000100000000000000001000001001000000000010100100000000010001000000100000001001100000000000000100000000011101000000000001001010000001010000000001001000001000011111110000000000001000000001100010000100
1000010000100000100000010000000010100010000000001001000000010000010001000100000000000100100000000000000011000100100000000000000000001000001000000000111000000010101000100100100001000000000100110010000000000010100000000000010000000001000000001100100000
1000000000101000100001000010000000001010001000000000000000000000010000000000000010000000000101100100000100100010001000000000001000000001100010010000000011001100110000000001000000000000000000001000000010000000001000100001010000001000100101010000101110
0010011001001010010010000001000100000000010000000001000000000000001001000001000000000000001001001000010000000000011101001100000000010000000001010000000000000101110100101100000011000000110000000000000100001000000000111010000000000101001000001100111010
0000000011000100000000000000000000010000000010000001010001000000000000000000000110000100000011100000000000001100010101000001000000000000000000010010000000010001000000001000000000001000000000000110000000010000000000001000000101000001001000000000100010
0000110000000100000000000000000000000010001001010000101101000000000000000000000010110001000101000000000110000110100000001000000001110001001100000000000000000000000000000010000000001000000000000010100000000010000000000000010000000000000000001000000000
0000000000010001010000000000000001001010000001011001001000000000101100000001000000000000010000010000000001000000100000100000100000001001000000000000000000000000000000010000000000000000000100010110010011000010000001100000100010110100001000000010101000
0010100000000000000010001000010000000011000001000000000001000000000000101000000001010100010000010010000011000000100001000000001000010000000000100000100000101001000000010100000001100001001010000000000000001000000001010000000001000111010000000001100000
0011101010100011000110000100000000000000000000000100000000010000000010100100000100000000000000110010111000000000000000010000001100000000000000000010000000001000000010100000001000000001010100000000101100000000000000000100000000000000000100000000001100
1000111100000000000000011010000000010000100000000000000000100101010000010000000001000000000101000100001000000101101100000010101000000000010100011000100100010010101000000000000000001100000000000000000000000000000010010010010000011010101100000000000000
1000001000010000000010000010010000010101000000100010000010000000100000000100000011010010001000000001100010100010000000010000000001000000000000000001000100000001110001000000000000100000001000000000100100111001000000000001000101000000000100000100000000
0000000000010000100010100000010000000001000000000000010110000110000000010001110000000000001000001001000001100000000000000000100000110001000100010011000000000100000000100100000100001001000000001000101000100100000000001000000000000001000010000000000011
0110000100000100000000100010001110000100100101000000101001100100010000000100000000010000000010000000010000100001000000100000000000000001000000000110000001001000000000000000001000000100010000100000000010100001000000010000100000001000000000101101000000
0000010100000001001000000000010000010110000000000000000000011000000001000000000000000000000000000100000000001000000000000010000011010001000000100000100010010000000000000000000000000100010000001000000000000101000001010000000010000101010000100000000000
0001000100000011000000000000000010110000000000000000001000010000010000000000000100000000000000000000000001010100000001010000100000000000000000000000100000000000010000100010000001100000000000000100000101000000001000000101000000001100000000000000000010
0000000100000000000000011100000010000000001001010000011110100001000100000000000000000000101000000101000000100001000000000000010000000000000001001000000100000000000110000010000001000000000010000100001000011001000100000100001100100000000000001000000000
0001100100001000000000001010000000000000010010001010000100000010001000000000001100001010110100000000000000000001000010000110000000000000100000000100000001000000001000000000000000000000010100000101001000010000001000000000100010000010000000000000000000
0010000000000000000001000100000001101000000000100001000000001000000010000000100100010000000010000001000100000000000100010000000010000000000000000000011000000001000000000001100000000000000001000010100010000000000001000000000100011110000100000000000101
0010000000000110000001000010111000010000010000000000000000000010001000100000100100011010000000000010000100001001000010100100100100000100100000101000000000000001100000000010000000010000000010000000000011101001001010000001000000010000000000111001000000
0000000001010000000001000100100001100001000000001010100000000000000011100000000010000000110001010000000001000100000000000000000100100001010000010000000000000000000000100001000000101100011000000000000000100010000000100000000010000000100110000000000000
0011000010000001001000100000000100000010000010010000000001000100010010000000000000000000010100001001100001000000000000101001000001111000000000110001010000000000001000000000000000000000000010000000010101100000000001001100100000001000000000010100010000
0011000000000000000100000001100011100100000010010000001100010000000000000101001010000000010000000000000010000000000000110000101100100000000010010010101000001000000110000101000000000001000000000001000000000000000000000010000000000000000010001100000000
0010000000100000101000000000110010010000000010100010010100001000000011001100000000000011000101000000000001000100000000000000100000000000000000100000110000011000001000000000000000000000000101000100000000110000101000101000100000001100000000000001000010
1000010000000001000100000000000000000000000100001000001000001100100100000100011001000001100000000000100000001010100010000000000110000010000001000001001100000001000000000000001110010000000001100100000000100000100000100000000000001101000000100010000111
0001010001000100100000100000000001000000000001010100000000000000001000000000000000100010001000000000100100011000010000101010001000000000101000000110001000000000000000000000000100000110010000000000001000000000000000100000111000000000001010000000000001
0000000000001110001000100100100000000000000000000000000001100000000000000000000000000001000010000110010001010000100001000001100000100000001000100010000000000101000100010001000000100001100000000110000000000000000000000100000010000100000000010000000000
1000000100100000000000010000000100000001000000000001100100010001001000100010000101000011000010000100000000100100001000100101000100000000000000000000000011000000000000100000001000010000010000000110010010000100010000100010000000110000000001000010010000
1001000000011001000001000000010010000000000011000000000000100000010000000000000000000000000010000000000000001010000010110100000000010010000000010000000100000010000101000000001000000010100000010000001100000000000000100000000001000000010000111000010110
0000001000110100000000000000000000000001000000000001000000000100001000000110000110000100000000010000000000000000010000000000000001000001000000000000010000000100000001000100100101010000000000001000000000000100000000000100000000010000010010000000000000
1000000000000001010011111000000000011000010000000000000000000000000100010100111001000000000101000000000000000000000000100000000000000001000010000011000010010000000000000100100000000001000010000000100000001000001011000100010010100000010000101000100000
0000000011100100000000000000000000000000000000000000000110000001100100001000000001000010000000101000000000000010001001100100011000000100000100000100000011000001010000000010000001000000001000010000000000000000000000100000101000001000100010000100000010
1010000000000100001011001000010000000000000000010011000000000000011100000010010100000100000100000100000000100000000000000001100010011000001000000000010011001000000001001001010001000000100000001000010001000010000010000000000100000000110010000000000000
0000110100100001100000000100000101000000100000000000010000000000010000000000000000000100000100000000000000010010000000000100000001000110000100000010001100001000100011000100000000000000000000000010000000000010000100000000000000000001000000000000100000
0001110000000000000100000000000000000010100101000000000000000010001010001000000110000000000001000000010000000000000010000010000000000001000000000010000000000000001000100010100000000000000001100000000000001010000000100000000000000000000000000000010000
0000000011001010001000000000000000100011000001100000001000000001000000000000001100000000001000001000000000000100010010000100001001000000000000000000011010000000000000000010000000000010000000000001101100001000000010000010000010000000001000100010000001
1011010000000010100001000000000000000000010100001000000000100110000110100100000000000000000010000000000000000000010000100000000000000001000100000000101000001000101000010001000010000000001010000100000000000000000000010000000000000001001011000001000100
0001000001110000000101001010000101001000101100001000000010000000000000000000000000100000000000000000110000000100000001010000000000000001000011000000010101000000100001000000100000000001001101000000000010000010000100000000001010000000010000000000100000
0000100000101001000000001001100000001000010000000000001001000100000000000100100000000000010010000000100000010000100000000001000000000000000100111000000100100001000000000000000000000100001010000100010100011000000000100000000000010000000000000010000100
0000000001000000000000010000000000000000000000010000000001000001000010010001000010010000000000010010000000000000110000100100000000001000010000100100010000010001001010000010000000001000010000000010100010000000000101000101001001000000000001101000000010
0000000100001000001000100000000000000000000000001001100000000000000001101010100010000001000000000010001100000000010000001010000000000000000001000001000000000100000001011011011000000000010000010000000000010000000010000100000000000000011001000000000100
0000100000000100000010100000010010110000111010100000000100000000100100000110010100010100000000001000100001100000001010000000100000000100010000100000000000010000100000100010010000000000000000000000001000000001100000100000000000100100001000000001000010
1000000000010101010000010000000010000001000010000100000001101000000000000001010000000001001000010000000010101000110011000000001010000000000000100001110000001001100000000100110000000000010000000000000001100000000000000001010101000010000000000000010010
0000000000100110001100000001000000000110000100000000011001000101000000000000001010000001100000001100000100000000010000100000111001000100010001100000001000000000100000000100000110010000000000000011000000000100001000000001000000000000010000100000001001
0100010001000000110001010100100000000000010000000000011010000010000010100000000100000010000111010110000000000000000000010000000000000000001010010000000001001000000100000100010000001000000001000000010000001000000000000000010001101000000010000100000000
1000000011000000001001001000100100000000001000000011001100000000000000110001000100010100000001000100000000100001000001010010000000100000000100000000000000000000000001001000000001000000000000000000010000000000000100000000000100000010001001010000000000
0000001000100010000001000001000000000000000000000000000000000000000000011000000010101000000100000000100000000000000101000000001000001000001000000000000000000000001001000010000100110100010000000101000000001000000000100000001010000010011000000000000100
0100000100001000010000000000000100000000000000100000010000100001000000010101011000000000000010000000001000010001111000000000000000000010100000010010000010000010101000000000000000000000000000000000000000010001000000000010000000010000000001000000100000
0000010000000000100001000000100000000000000010000001000000000000100000000000011000000000000000000010100110010000000010000000100100000000000100000000000000010001000100110000000000000100110001110000000010000000000000000000001110100000100000000000000010
0000000000000010000000000010000000000000000001000000000000000000000000000100001000000100000010100100000000100000110000000010000100000000000000110000010010000000000000000001100001000000000010101011000010000000000000000000000000000100010000000000000010
0000001010010000000010000110000000101110000100000000000110010100000000000000001000000001000000000000000000100101000000000000000000010000000000010000000000000000000100010000010010100010010010000010000100000000001000001000000010010100100110100000110000
0010000100010000000000000000001000011001100101000011000000011100010000001100000000100100000000000001100100010011100100000000000000001000001100100001100000010000000010000000000000000000000000000011000100000000100100000000000000000000000000100000000000
0010000000001000000000000010000000000000000000100000000110000101000000000000001000001000000001000000000100011000001100010000010100100000011100010001000001000100000000000000000010000000010001000001000000000000000010010000010000010100000100000000110001
0000011000000000010000001000001000000000001000001100011100000010010000100000000100100000000011011000011000001001000000001000000000000000010000000000000010010000000000010000100000000001000000000000100100000000000010000100000010100010001000000100000000
1000001000000110000000100000000000000100100000100000000010010001000100010000010010001100100000000001000110000000100100000000001010000000000000010000001111001000000101010001000000000000000000000000000000000110000000110000000001010000011100000001100000
0010010001100001001001000000000000001000000000000000000101001010010000000000011000000000000001000000010011001100000000000010000010000100010000000000000000100001001000110000000000000100001000010000010010001000000001110001110000000000000000000010000000
0000000000000000000010000010000010010000000001000100001000010100000000110101000000001000000000000000000001001010000111100000000001001001001000000000000000101010000000000000010100101000000000000001001000100001010010001010000000000100000000000000110010
0000011010001000010000100000000000001000000001010010100001010100000110000000000000000000100001100110000000100000100000001000000100000000001000001000000001001000010000010001100000110000000100000100000001001000100000110000000000110100000000000010100000
0000000000100100000000100100101010111000010000000010010000100000000000000000000000010000110010000000010000000000010110000100001100000000101000100000001000010000000000001100011000000010000000101000100000000001000010000010100000100100000000000010001010
0100010000000001000000000000000001000000000000000000000000000000000000000000110000010000000000010000100001000000100000010000010000001011000000010000111000010000010000000010010011000100000000000000000000000000010100010000001001010000001001000000010010
0000000100000100010010111000000000000000101000011100010001000100000000000000000000000100000000000010010000000000010001000000000000100000000000000000010001001000000100000100000000000000010001000000100001000000000100000001010000000000010010000000000000
0000001100000001000100000101000001000000000000000000000001010000000000000000010000100000110000000100001100000000010010000100100110000000100001000000000000000010000001001100000010000000010000000100000000000000000000101001010010000000001000000100000000
0000000010001010100000000000000000000000110000000010000100000001000000000110000001000000001010010000111000100010000000000000000000000100010010000000000101010100000000000100000010011000000001000000000000000001000001000001010000000000000100000000000000
0000100110000000000000010000100010010000001000100000010000000000000000000000000010000000000010001000001101000000000001000010000000101100000000000011000000010100000001000000000000001000000000000000000000000000000000000000000001001000011010000010001000
0001100000100000001000001000000000000001010100000000100001000010000000100001000000000000101000010000000000000000110000001000000000001001000000010000000000000101001000000010000010001001001010101000010000100010000000100000000010000000001000001000100000
0000100101000101100000001110000000100100111000000011010000100000000000000000000010101000000101000000000100000000000010001000010000000111000100001000000000000000000100001101010100000000000000110100000000010000000010100010000010000000001100000000001000
0100101000000001000000000001000000000000000000000100000001000000000100000000001010000101000001010000000010010101000000000000000000000000001001010000000000000000001000010100011000100000000010000001010101110001111000000000010001000000000000000000000000
0000010000010000100110001000010000000100000010000000000100000000001000000000000100100000000000001010000000001000010101011000000000000000000000000000001010010000000000000000000000000010010010100100000000000110100000000000010100010010010000100010100100
0010000000000000101010000000001100010010000111001110010000000000010100010001000000010000001000000001000001011100000111000001001000100010000000000000000000001010000010100000000100001000000010000111000010001000000000100001000010000000001000010000000000
0000110100010000000000000000000000000000000001000000000010101100011101000000100001000001000100010000000010000000000000000000011000000010000000110000001011000000000100000000000000100000000100000100001101000000000000000100000011001100100000001010000000
0000000000000010000000011100000000001000000100000001110010000000000000001101100000010000000000000000010110001010000110000000000010001000000000000000000000010010000010000000001000000010000000000001000110010110000100000001010000000101001010100000000100
0000000000000000100010001000010000000000000000001010000100001000001000000000110100000000000001000100000000000110100000000100001000000011000000100100000101100000000000010000000000001001000101101000000000000010000000000010000001000000000001001000000000
0011000010010000001001000001000000100110000000010000000110100000100101000001000000000110000000100010000001100000010000101011010000001001000000010010000010000000000000000000000100000011010100100000000000010000000101000010000000100000000000001000000001
0000000101001100100110010000001100000000100100011000000000000100000001000000010000000010000000000000000000100000000000000000100000100000001100000101110011000100000000010010000011000000000000000000000010000000000000000000000000100100000000100000000000
0100011010000101000010000000000000000000100000000001001000100000001000000000000000010111000000110000110000000000100100000000010000000010000001000100110001000001010000000010001000000001100000000100001001000100000100001100000000100010000000000010000000
0100010000000000101000000000001011110100000010010000010010000110100101000000000000000101001011001100000100000000000000001000000000000010000000000010100000000000000000101101000010000000000000010100100010000001001100000000000001000000000001100000000000
1001000000011000000101000001000000001011100000000000000010000010000000001000100000000000000000011001000000001010000100000001000001010001000000000000000000000000011001000000011110000100010100000000000000000000000000000010000000010010110100100000000111
0100100001100000000000000000000000000000010010100000100110001000011001001001000001000000010000101001000000000000000000000110000000001000110011000000000001000000000000000100000110010000000100000000011000000000000000000001010000010000010000010000000011
1001110010010001000000000000001010000000100000100100000001000100100001000001000000001000011100011000001000000000010100000000000001010000000000110010001000100010100000001100000100000100000000000010001000001000011000000100000000000001010000000000001000
1011000000000000100000000100110000000001000110001000001010011101001001001010001101000000001000000000000000000001010100000010000000000100000000001010000100100100000000100000000010000000100000000000000011000000001000011010100000000110000000001000100001
0000001000000010010000011000000100101000001001011100000010100100000100000000000001100001000100010000010001010000000000010001000000000000001001000001001001011000001000001011010000000000000100000000010100001000010000010000001000001101100010000000000010
0100000001000000000000011000001010000000000000000000001000100001000010000000001000000100100000000000001100000110000001100001000110100000000000101000000000110000000000000000000000000000000000000001010000010001011001000000100000001000011001100000001000
0000000010000000100000000000001000000010100000010000000000100000000000001000000000110000000010000000000000000010000000000001010000010000000100000110000000010001001101000000000000100001000100011000000000010010000000010000001100101010001010000100000000
0000000000100000001000011000000010001000110000000100000100010011000010001100001010000000001000100100000000001001000000100000100000000010000000000000000000000000000000001010100010110000110100000000001000100000010010001000001010000000001000001000000001
0011000000001000001100000100000000100000010000000000000100000000001010100000000000011010100000000000000000000000000001001000110001000000000000000000100000000011000000001100000000000001010000000100000000001000000000000100000000000101000011000000000000
0000000000000000000000000000000000000000000000011000011000000001110000010000000000000000000100000001000000000000010010001000101000000000001000000100000110000100000001010000010000000000000010000000000000001000000000000000001000001100000000010000000010
0011000100100101001000000000001100000110100000000111001000011011000000000000000101000000000000000000100000000001000010001000000100101000000000000000100101110000100000000000000100000000000001001000000000000000000000000000010000000000000000010000001000
1000000000011100010001000000001000010010010001010000000000101000000000000100111000000000000000000001000000101100100000000100000010000001100000000011000010100110010000010000000000000000000100000010000010000000000100100010000000001000000010000001001000
0000010000000110010100000000000000000000000000100010000000001000000000100100000000000000010010010000010000000000010000000001100010000110000000100000000000000000110000000010001000010100001000000000101110001001010010000000000000000010000110000000000010
0000110000000000001010010000000110100010101101000100000100000010000000001000000000000001001000000000010011000101000010000100110000001010000000000000000000000001001000100000000010000000000000000000001000000000000100000000000000000000001010010000100010
1100000000100010000001000110010101001010100000011000000000000110000000000100000000000010000111010000000000100000001000010010000000110001000000000010010011010000110000000110000000001100000000001000000000010000010001001010000001001001000000001010000100
0000011000000000010000010001100000000100000000000000000000000000000100001001000010100001000000000001100000000010000000100001000000000000000100000000000000000000000000000000100000000100000000000000100000010000000100000000000000110100010000000110000000
1001100000000000000000101100010010001000000000000000000010100010000100000000000000000000001101000100001000000011000000110010000100001110010001000101000001001000010000010000000000000000001000000000010000000010110001000000001000000000010000000001010001
1000000000001000010100000110001000000010000000000000010000000001010100000000000100000010010010000100100000010000001000100100000000000000010000000000000010000100011110010010001010000000110010010000001000010000100001000001010010000001000000010000110000
0000100100000000001000000100001100010000000000000000001011000000000010000100000000000000000110101100000010000010000010000000000001001010000001000000000000000000001010000110000010000000000100000001000100001000000000101100100000000000000000100000100101
0001000010000010101010000000110000000000000010000010100000000000100000100001000001010000000100011000000000001000000100000000000010100000100000010000010100000000100100000000000100100000000000000000000000000000000001000001001001000000000010100000000000
1000000000000010100100111000000000010000000100010000000100100001000000000010100010000000000100000000000000000000010000001000110101101000000000010010001001000001000010000000000101000000000100001001000000100001000000000000000000100010000000010100000000
0000010000000100000010001100010000100001000010100001110100000000000000000000110000000010010000000000101100000000000000000100000000001000000000010000001000000010010000100001000100000000001100001000000001001100100100000010001000100010110000000010000000
0000100000000000000000000000001000101001100010011101100000000000000010000000000010001000000000000000000100000000000000000001000000000100000100000000000000000000000000101000010000001000100000001000001010000000100100000000001000000001010000100001000000
0000000100000000010000100101000000000000000000000000000010001000110000000000000011000001000010000000001000101000000000000000000001000000000000100010000000100010010010000000100000000000001000001001000000000000000000000000000000000000000000010000010110
0100001110000010000000000000110000000000000000000000101000110011001000000000000000000000000000000000000010100000010001100000010001011000000000000000001010011001000000100101010000000100000100001000010100000110100100000100000000000000000001000000000000
0000101001101000000000100100101000110010100000000000001100000000000000001000000000000110000100010010100010000001101010000100000010000000000010111000000010000000000010001000000010010000101000101001000001000000000010000000000000100010000000000000000110
1110000000000000000100000000010000100000010101000000000000101010010001000000000000001001101101001000100010001000110100001001000000000000000000000000010000011000000000000001011000010000000000110000010010010000001000000000010000000000000000110000000000
0000001010000000010001000000001001000000000010000000010000000100000000000000000000001000001000000000100000000000000000001010001000001001000000011000100000001101000001000000011000100000000000000000000100000000001000000000010000010000000010110100000001
149 70
86 173
