250 250
0000000010100000010000001000010100010000000000000000010000001011001001000000000110000100000000010000000001000000000100000000000000000100000010000000001110000101110100000000100000000000000000000000000011100001000001001000001000000101000000000110000000
0010000000010000000100000000000100101101000000000000000000000000000000000100010100000010100000000000100111010100000001000000000001000100000000010100100010000000000100110000000000100000000001100100000000000000000001000000001001000101001000100001001000
0010000000010001011001000011000010100010000111100000010000000101000000000000000000100000100000001100010000001000001010000010000000110110000010100000100000000000000010000000101100101000000000110011100000011001000000001100001010000010010000001000001100
1000100000000000000000000010000000000001000110000100001000000010000011101000010000010001000000000000000000100010100000011100000010000000000000100010110000100000001000100000100000000000001000011000010100000000000000001010000000000000100100000001000100
0001001010000000000000000000000000000000000000101010010000011000000100100000100010001101000000000001000001101000101000000000100000001000001000000000000000000001000100000010000001000000001000000011100100100000010000000000000000000000000000100000000000
0000000010000001010000100000000000001101000011100010010000101000111000000000110100000000000100000100100000110001000000000001000000100000100010000110000000000000000000000001000000010010000001000001101110100000100000000101000100001000000000000000000000
0000000000001100001000001010101100100000000000100010001000100110001000000000000000000000100000111010000000010000000000100000000101000000001000100010010000000000010000000000000000010000000000000010000000000000000000000000000010000010000100000110001100
0110000100000000000100101000000001000000000010001000000000010000000000000000000100000000000000000000010010000000000001100000001010000000100000100000001000100100000010001101000010101000100000000001110000000010100100000000100001000001000000000001010000
0110010000001000000001000001000000010100000000110100100000100000010000000010000100000001010000101100000000000000000100000000000000000000000000001000100000000000101001000000000010001000000000010000010000000000001000000000001001000001100001001000000000
0001000000000010000000001000100100000000000000101000000000000000010000010010000000010100000010100010000000000111000000000000101001100000100000000010010000100000100000000000000110000010000000000100000001000000011000000000010010100000010010101000000000
0000000000100001101010000000000000001001000100001010000000000001000000000000000001011010010000000010001000000000000000000100000000000010000011110010000000100000100100010000000100100001000000000000100000000000000000100000010000000110000000000000100010
0000010000000001000000001000100000000000000000000000000000001010000100000000000000000010001000000001001001000010000101000010000110010001000000100110000001000010010010101000001000000001011000000000000000010000011000000000010000100000000000000100000000
0100000010001000010000001100001001000000000000100000100000000101000010000100000000011000000000001100000010000001000101000000000000000000000000000011000001111000001000000100010010000000000000000000010000100000000000110000000100100011000000100000011010
0000000010000000101000000001000101001000000000000010000000000000000000100010010010001000100001000010000000000000110000111100010000100010010000000000000100110000010000001000000010000001001000010000000000000000000000100000000000100010000000000000010001
1000000010000000100100010000100000100010000000000000100000000000000010000001000000001001000000000000000101000000011000001100010001000000000000000010101000000100000000001010000000000001000100001000000000110000000000000000001000000001000000000101010000
0000000000100100000100010100000000000001100010000000010000010000000010000000010000001000000000001100101000001000100000000010010000001000000010000000100000000100010010000001001001001000001001100000000100000001100100110100000000000100100000000100000001
1000000100000010010000010001100011000010000000000000000000000001000000100010100000000001000011100000000100000011000000000000000000000000000110000000100000000100000110000000000001000010010000000110000100100100000100100000000001001011011000010000001001
0000100000000100100000000000000100000100000100100000010101000001001000011000000001100010000000010000000000000000000100000001010000001000000100010100000000000000001010001000001000000000000000000101000001010100000010100101000000000000110100101100110111
1010011010010000000000010000000010000000000000000000001100000000000000000001111010010000000101010000010000010001000011000000000000000010000001000000000000100000100000001000010000000001000000000000000100010000000010000000000000001000011000001000101010
0000010000101000001010000000011000000100000000000000000010000100010100100100000011000000000000101010000001100000011000000010000010000010100000111000001000000000010000100010100000000000000001000110000010001001010000000000001010000001100100011000100001
1000000000000001001011000001000100010000000001001000010000000110000110110000100000001000001010001000000000000000010000000000010010000000000000000000000010100001000100000000000000000000010001100000000110011000000010010001000000101001000000000000000000
0100000010000000000000000000000010000000010000001000000001110000000010010000001100011000011000101000000010010000000000100000000100010000010001000000010001000000001000100000001101010000101000100000001000110010010000110000000000000000000000100000000000
0010010000000000001000000110100000000000000100000000100000100001000000101000100000100000000001000001000000000001101000000000000010000000000010100010000000000001000000000010000000000000000000000011000000001000100000001000000110000000001000010000001000
0000000000000001000000000000000010100100001111001110000010100001000000010000000000000000000000100001100000011000000000011010000000010100000100010000000100000000111000000000011100000000010000010000000001100110000000011000110100000000000000000100010100
0010110010000001010011011010000000001000100000000000100000000000010000000000001000000000000000010010010111011000000100000100010010000000000000001000001010000000100000010010000000000010000000011000010000010000010000000000000001000000010101000001000000
0010000000000000100001000000001000000000100000000001010000010000000010000100000010000000000100100010000010000010000001000000001000000000000000100000000110010000000100000000000001001010010000101000000001000110000000000000001000010000000000100000000000
0000101100010000111000010010000000100000011001001001000100000000000001000000100010100000000000000011000000100000000100000010000000000000000000000000010000000011100000100001000000000000000000000000000100000000000000001000000100000000000000000001001001
1010010000000100000000000000100000000100010000000001010110110100000000000000100000100001100000100001101000000000100000101100010000100000000001001000000110110000110000000000000000110000011010000000000000000000000010000000000000000010000000010000010110
0000000100000000000001000000001000000000000000000000000000000101000000000001000000101001011001000000000000000000100000001010100100000000010101000001101001110101000100100000000001000000011100000000010001100000000100000000100000000011010000000001000100
0010000010010100001010100000000000101000000000000100001000000000010001000100000000000000110100110000000001000000010000000000000000001000000000001000011001000000100001000000001000001000000000100000001000011000100000001010010000110000000000010000000000
0000000000000000110010101100000000000000000000100000001101100000001000000001000001100000000010000000010000010000001001010110000000001000000001000000100000000000001010011000000100000000000000000000001100000000100000000011000000010010010000000000000000
1000000000111000000000000000010000000110000100000010000100100101000000000000100000000100000011000100001010010001000000000000000010010000010000110100001000000000000000000101000001000100000000000000001000000000000000001000010100000000100000100000000000
0101000000010000001000000011100001000100000000100010000000000000001101000000000000100000000101000101000100000001000000000011000000000111000100010000100001011000000000000000100000000000000001000000000000000000001001010000000100000100010100000000110100
1000000100101000101000000101001000010001110000000000001010000001000110000100100100100000001100000001000001000000001000100101010010000000000010010000010000000000000001000101000101000000000100000000000000000000000010000000001100000000110000000000000000
1000011100000000000000111000001011100000000000001000010000000000001100000000000100000001011000100000000100100010000000000000111000100001000010100000100000000000110000000000000000010000001100010001000000000000000000000010000000000111100000011000000011
0010100010000100000000000010000001100000000001000000000001000000100000000010000010000001010000000000100000110100010010011000100000000110000101010000000000000010001001000000000000000000001000000000010110010000100010110100100000001000000000001100000000
0100010100000000000000000000100101000000000101011100100001010101100010101001000100000000000100000000100000000000000000010000010000010110101000100000000010101000100000000000000010000000000000011001001000000000100000000000100101000000000100001001001000
0110100000011000001000000010010001100000000100000000000000000010100000010000010000000000000100100000000101000000000000000011100000000000100000001000100000000010000000001010101000000000001010010010000000000000000001000101000100101001000000100000000000
0000010000000000001100010000000110001100000000010010001001000000000100100000000000000000100111001011000110000001000000000001010000000000010010010000010100000000000000001000000001000010000000000010000000010000100000000110000100000000000000100100100000
1100001100000000100101000100000000110001100001000000100000010110000000100100001000000000110100100000000000110000001010000000101000011000000000001101001101000010010001001000100000110010000000010001001000000000000000011000000011000000001100000000000100
0010010000000100000100000010001000000000100000000010000100100100101011000000000000000011100010000100000100000001001000010100001000001100000000000010000100110000011000000000000010000100100000000100100000010000100000010010100000001011000001000010000000
0110000000100000100000000000010000100001001000001000101000000000000010000000010001111000000010000000000000100000000000000010010100000001000011001000000100000010000000000100000000000100000000000110000000000010010100000100000000010000000011000000011000
0000010100000000100101011000010110100001100000001100000010000000000000000000000000010000000000000000000001000000000010010000100010001000010011000010000000100001101000000010010000000000000000000010000000011000000000000000000001000000000001000100000100
0001001000000000100101000010110000000000000000000000000000001110000100000000000000110000000000000000010000000100010001000100001000000000000000000101000110000000001000100000100000000100000000000001110010100100000001101000000000010010001000100000101101
0000000000001010100000000000010000010001000000000000000110000001000001000000000000010000000111000000000011110001001000000000000001100000000001100000010010100001000000000100001000000000101010000001100001000100000000001000000101000001101001000000100000
0000011100111001100110100000000000000010000100000100000000100100000000100110000000000100000010010000000011000001000100100000010000100000000001000101001000000010010000110100100000000000000000000000011100000001000010000010000001010000000000011000000011
1000110100000000000010000000000000000011000100001000000000000001000010010010000001100000000000000000001000000011000000001000000000000000000000000101000001000110000100000000000000000010001000000000000100000000001000000000000000100011001000001000010010
0000100000001000001000000100000010001011000000000000000010100100000001010010100000000000000100000000000000100010010000000010001000010000000000001000000010010000101000110000000000000000000010000010000000010010000100010000010000000010000000100000000001
0000000100010000000000001000000010000000000000010001000010010000000010000000000000000010000000000000010000000000000101100010001000010000010010000000000000110000000000100000000000101000000000000000000000100101000101110000000000001000000010000100001000
0101000110101000000000000000000000000000000000001010001101000000011000001000001100110010100001010000100010000111000000000000100000000000000000001001000000100000000000000000001000001001101000000101011000010001000010000000000000000000110000000100000100
0000000001010001100000001110000000000000000000010010000000011100000000000100010010000011000000010001100010111010100010000001000000000100000001000110001000010000010000010110101100000000000000000000011000001000100010001000001100000000000000100110000000
0000001010000000000001000001000000000000010000100100010000000000000101100000000000000010000000000000010000000000000011000000100000000001000001100000000000100000100100010000000000000011010000100000000001100100010000001000000011000000110000100001000000
0000000011000000000101000100000000001000010001000000000000000000000000000110001110110001001010010000001000000000100000000000001000100001000001000000100000000100011000000000010001000010001001010000010000010110110000000010010000000010000001001000000000
0000000000000101101000100000010100100000000100001000000100000000000001010000000000000000001000100000101000100000100000000000010100000000000000100000001000000010001011010010010110000011000000000000000000000010101000000000001000001100000001000010000000
0000000100001100100000001000010001000000001100000010110000001010001000100001000101000100101010000000000001000000000111110010000001000001000101000000000000001000001000000110000000010000000001100000010000000000100100010000010000000000000100100010001000
0000010001001001100110000100000000001010001000100000110000000000100000010100000010000000000100100010000000000010001000000101100010000000001000000000100000100000010000000000000001000010010110001000000000010001010010000000010000000100011100001000000001
1000001000000000001000001001000000010010000010000000000000000000000001000001101000000000000000000010000000110100000000100000010001000000100000000000001000000001101000000100100101010000000000000010100110101001000000000000001001000001000000000000010000
0010100000010000000000000000000000000001011000000100010000000000000000000000010010000000001000000010010010100001000000100010100100000000010000000000000000000010000001011001000000000000000001100000000000000110000010000010000000000010000100100100101010
0000111000000111000000100000000000001001010000000000000001000000000100100000000010010000000000000100101000000000000010100000000000010000000001001000000011000000000000010000001010001000100011010000000001001000001001100110000100001010000000000000000000
1000001001000000000000001011000000010000000000100000000001000010000001001000010000001000001100000000010000000000000000010000000000000000000000001000000000010100000100000100000101000000000000000010001100010000100000001100101000000001000000000101000000
0100100000000001000000000000000000000001010000000000000000000000000000110001000111000000011000000000010010010010000000001000110001100000000000000000000000000001000000000000001000000001000000001000000000001001000000001000000000011001000000000000101010
0000000000000000000001001000000000000000001000000000000001000010000000000010000000000011010000000001000000010101100000000010000000011000100000100000000000000001000001010000000000000100100000000000000000000000000010010000000000001001100001000000000010
0001001000000000001000101011100001110100000000001000000000000000000000000000100000010000100001100000100010000001000000000000010001010100100000000100000010000000000000001011100000001100010000000001000000000000000010000011000000000000000000010000101100
0010000000001000000110010101000001010000101001000100000000000001100110100001101100000000000000000000010000010001001001010001000000100100000111000000010000000001000000000000000011000000100000011000100000000001000100100000110100000011000010010110000000
0001100000001000100010011000000010010001000101000000000100000000000001100011001000110100000000000000001000000100001010010000100010000100000001000000000000100010001100001001000000000010101000000100000100100000000010000000000000000011100100011100000110
0000000100000000000101010001000100010000010100000001000000000000100010000000000000100001001000011100100000010000000000100001000000001011000000010010000001010000001110000000011110000000000100000000000010000000001000100000000000000000100000110000000000
0000000000000010100101001001000000100001100010000000000000000110000000010000001000000000011000000000000010001000100000000000100010000000100000010001000000000100001000000100000011110001100000110100010000010000010000001001000000000101000010100000000000
0000100000100010001001000000010001100000000100101000010010000000000100100000000001000010011001000001000000000100010000000010000101000011001000010001001000110010001000000000000000001000000101001100001010000000000000100000001101000000001010000010000000
0000100000100100010011001000000000000000000000000000000100100000000010001010100100000010000000011000000000100001010100001010000000000000000000101100100110100001000000010000000000000000011000000000000001000110000010000010000000000000001000001000001010
1000100000101000000000000000000000000000000001000010000000000000100000000100001000100000000000000100010010101101010000000000011101011101000000100000000010000010000000000000000001101000001000000110011000000010100000010010000000000110001000010101000010
0100000001000010000101100000000001110000001011000000000000000000000000100000001000000000010000000000000001000100000000000000110000001000000000001000000010000000000000000000100001100000100000110001000000000010000000000000000000100000011001000001000000
0100000000100001001101100000000000000100100000100100000100010100100000010000000100001000001000010000001000000100000001000000000100000010010000010010010000000000000000001000000001001000000000010001000000000001000000000000000010000000001000001000000010
0001000000100000000000000000100000000010000100000000100000000001010000001100001000000000000100000000000000000010000001110000110000000000100100100000100000000010000000000100000000000001000010010001100110001000000100000100010000000100000000000001100001
0001000000001001101000110100000011101001100010010000000000000000000000000000000001000000000011000000000000000000000000000000001000010000000000101000000001000000000001000000001000000000000001000010000000000000000100100000000001000000000010011010000000
0000010010000010010001000000000000001100000100010001000000000100010101000000000000000000010000100000000000000001101000001000010000100000000000000000001001001001000000100100000000000000010010000101100000000100001000011011000010010000000001000000010011
0000010010000001000001001100001100000000000001100010000000000000001000010000000000100010000000100001000000000100000000010000101000000010000101010100011000000100000010000000000000010100001000000000001000000100000100001000001010001000000100000000000010
0000100000000001000000000010000000100100001000101000001000100000001000100010000001100001011000100000100001011001000001000010010110000100110100000001010001000001100100001000001000001011000100000100101000001010000000000000000000000000000000011001000000
0010010000000000000011000000000000000101000000010110000010000000100000000000000101100001110000101001001010000000000000001000000010000000000000001100001001000000100010000000001000010101000000100100000011000100000000100000000110000000001000000010010000
0100010100010000100000100000100000100000010100001010000010000000101000001010001000000000000001011000011101000110000000000010000000000000000010000010010100000000001000010010011000010000000000000000000000111010000000001000000000001000000000000101011001
1000000000001000000010000000001100100000000010000000000000101001000010100000000100010000001000000000010000000000100000000000000100000000000000000000000001000100000000010000001111100000000000000001010010100000000010000100100001010000000000010001010000
0010000001000000000100100000011000000000100000100000001101001100000000000000000000001000000000000000010000000000000101000000000000000000000000100001001001000011000000001000000000000001000011000100100000000000100000001000000100000001001000000000000000
1101010000000010011000110000100001000000000000010000000010000010000010000000010111000000000100000000010000011010100000000000100010000110100001000001100000000000010001000010000010000000100110101100000000000010000001000100010000010000001000000000100100
0001000000010110000000000000010000000000100001000000000000010100011000001100000001000000100001100000101100100100000000001010010010000000001001100000000000000000000100000000100000010000010010100000010100000100000100000000000010001001001001101000000010
0100000001001110000000000001010100010101100000000010000000000000010000010000010001000000000000000000000001010000001000000000000001101000001100010101000101000011000000010000101001010010001010001000100000000001010000001000000000010000000000000000000010
0010001011101010000001000000000000000000000000010000100010000000000111101010001000000000000000000010001000001001000000000001100001000000000000000000000000000000000000001111101001000000000011000010000000010000010000000000011100000100000000000000000000
0000010000100100000011000000101011000000000000000010000010000011100000010001010100000000000000000000010000000100010000000110001000000010000011001100100100000001001000000000100100000000101000000100000000001000000000000001000110000010010010101000000100
0000001001100000000000000000000000000000100000000000001000000010001000010001110010000000000000000100000000000000100000000000000000000100010000000100010000000000000001000100001000010010000000101010000000000100010000000000000001000000000000000100000000
0000100010000001001001000000000100000110001010000000010100111000010100000100010000000001001010000010100000000000000000100000000000000000010000011100001000000000000010010000100000110000000000000100000100000000011000100000001101100000000000100000000000
0010100000000000100100000000010100000000000000000000000000000000000000000000000110000000000001000000010100010000000100000001000000000000000000000000000000000000000010000000001000000000000000010001001010000000000000000010000000010000001110011001000000
0000100000000011000100100100110000000000010000100000000000010000000000100011000000010100001000000000010000000100101100011100001100000010001000110001010001000110000000100001000000000000100001000000000000000011000101000000000010001000000001010000000001
0111000000000000000001010000000001011000000000000010000000001000000000100000000001100101000010100001000000100000001000001100000010101000100110001000000000000001001100000000010000000011000000000000000001101000000000000001100000001000000000000100000000
0000100000000000001000000000011000010000100000010000000000000010000000000010000010001100000000000100001100010101000000010100000000001000101010001000000100000000101000000000000100001000000000000000000100001000010000100001000000000110000010010000000000
0000000100000000100000100000000000000000100110000100000100000000100100101001000010000001010010100000101000000000000110011000000000000000000000000000000000010000000000001100000000001001100000010010000010000010000000000010010000000000000001100000011000
0000000000000100010000100000000000010000100000001110101000100101000010010100001010000000100000000000000000000000000000010001000010000110000000000011000010110000000000110110000100011001110000011001000001000000100010010100001000000000000000000010010000
0011000000000000000000010000000000000000000000100000000001011110000000010000000011000100000000000000010000110000000000000001011100000010000000001100000101000100100000000010000000000000000010000010110001000001000010001000100000000000100110000100000000
0000100000000000000100000000000000000010000000010010000000000000000110000000010101011000000000000000001100100000000000000000000100000001100100000001000100010100001010000000000001000000001001001100100000000000000000000010100011001011000000000000000000
1000001000110000000000100000110001001000000000000001000000000001000000001000010000000100000001000100100101000000100100000011011010000010000000111000010100010000000000000000000000010000000000010000110000100000001000001001100000000000000100000000010000
0000000001010100001010000000000000000000001000000100000000100000100001001001000000000000000100001000000000000000000000000000010000100000100011000000000010000001001000000001000001100000000100000000000000000100000001000100000000111011000000100000000000
1000010001100000010000100010000000100100001000000000000010001100000110000001000000000000001001000000001100000011000001000000000000010010001010010000000000000000001000010000000000000000010000001001000100000001001000000000000001000000010000000100010000
0000100000000100000000001001011000000100101000100000000000000100100000000000100110001100000010100100000100100000000110000011000001000011000000000100000000000000000000000101000000000000000000010100001000101100000001010100000100000000101000000000000000
0000000100000000001000000010010010000000010000000110000001000000000000000000010110000000100001000000000010000001000000000000100000101000010000001001000000011000000001000010010000000000000010000000000000000011001110100001000000010010000000000010000000
0101010000100000000010100010000000011000000100000000000010010001000000100001000000011010001000000001001000000101100001000010000000000000000000000000100000000000001000001000000000000000000000000000000000001000000000000100110000001000000100000000000000
0110000000000000001000000100001000000000000000000000001000010010001001000000000000000000000100000001000000000001000000000001000000000000100100010010000010000000000001001011000000000100000100011000000000001000000000001100010100000000100001000000000100
1000000000100000000110001000000000000000000000000000000100000010000000011000000000000000000000000000000100100100000010000100001001000001000010000000000000000100000000010001000000100001000001000000000000000000000000101000000000010000110001010000000000
0000000000000000100000000001110110010011000000011000000010011000000000001010001000110000110000000100000000010010000011010000000000000000000000000000010010000000000010000010000001100000000000100000001001000000000000000010100010000000010000100111000010
1000100100000100000001000000000010000000000000000000001000000000010000010000001001001000101000101000000100001000000100100011000000000001000100000001000101000000101001000010001000000000010110111001000010001010001000010000001001000100000000000001001000
0001001000000000000100000101000000000101000110000000100001000001000000010001000000000000001110001100000001000000000100100000000100000000000000000000000000000000100000010000000000100000010110000000000000000001000001000000010000001011010000001010010000
0000000000010000000101100000000000001000000000001100100100000000010000011000100001001000000000000000000000000000000000001000011000000001001000000000000000000001000010110010010000000100010010000000001100000001010000000100011100000000000010100110001000
0000010000000000000010011010010000000001000010000000000000010000000000100001100000000001000100010000100000010000000101110000001000100000100010001000000000000000000001000100101000000100001000000000001000000001000000010010110000000000000000000000000010
0010000000000000000000100001010000110110000000011001000000100001100000001000010000100000000000000110000000000000000000000000100100000100000010001000001000000000000100000010000100001010000001001000000000001100111000000000000000010100001010000000000001
0000000000110000000000000000001000000011000000000000001000000000100000000000100100000000000000010100010010000100010000001000000000000000000000000000010010000000000010001001000010000000000000000000001011000000000010000000100000100100010011001000000001
0000100101000101001000000000001000000000001000000011000000001000100000000000010000000000001001010000000000000000000000000000001000000001000000000000001101100000000000100100000001000000000000000000011100100000110000000000101000000000000010000000000000
0100000000001000000000000100000011001001000000000000000000011000000110000010000001000010000000010000000000001000001000000000000000000001110000110000000000110000000000000000001000000001100000000010000100000000000010010100010000101001000000010000000000
0000000000000010010000000000001001000010000010100000000000000000000111100001010100100000001000011010100000000000000100000011000000101001000000110000001000010000000100000001001000000000000000110100010000000001000000000000110001000000000001000010000001
0000100000010000000000100000100000000000010100100000000000100010110000000100100000001001010001000100000001000000001001000000000100000000000000001001100001110000000010000000000000101010000000011000000000000010100000000000100011000001100000000000010010
1010100000000000001000000000000000010100011000010000000000000000011010000100010000100011000100000011000000000000100000000000000010000010000000100010011000100100010001001001001100110000000000000000000000000000000101000000000000000100000100010010001001
1000000100000000100000100001001000000100100010000100100000011100000110001000000000000000000100000001001000000010000100000000000000100101000000000000000101011000000000000010000010000000000100000111000000001000000000011000100000000000000000000011000000
0100111001000010000000100000100000000100000000100000000000000001000100100000100100000010000100000000010000000010100000011011010000001000001000000000011000010000000000000101000000000000001000110000000000000100000000000101001010011000000000001000000000
0000001100001000000010001000010000000000000000100001000000000000000000000000001000000001101001000000001100011000000000000000001000000000100000010001000000000001000000000010000000010001000000100001000010000000000100000000000000001100000010000000000000
0000000000000000001000000000000011000010000000100010100001000010000000100000001010011001100000000001101000000000000000000001001010101001000010010001001001101000001000000000000010010000001010000000000000100000000100111000000000010000000000000000000000
0001000000000000100100010000100010000000000000000000000000000100100010000000000000100000000000000000000000010000000000000000010010000000000000001000011000000100000000001000100101000010000100100011000000001000110000010000110011000001000001010000000000
1100010000100010010000000000001000000100001100001000000000000100010001000101001000000000000000000011000000000000001111001000000000100000101000010000001000000100000100001010000001001000000000000000000000110000100100000100000101100000000000100001111010
0000000000000000010000000010000100000100100010000000100000101000000000000000100000000101000100000100000000000000010000001001000000101000000000001000010010000000000000000000010011000000010001100000011000000000000000100000000000100000000110010000000000
0110010000100000001000101000011000000001000000000000100110000110000010000000000001000000100000001000000110001000010000000000000000000010100000001000000000000000000000010000000000000000000001110100000100000001100001000001000000000000000000000000000000
0000100000000100000000000001000000000110000000001000000000000011000100000000000000100001100100000100100000000000000011000000010000000100000010000010100001010000000000000000000000110000101000000100000001000010010010000000100000000000001001000001000100
1100100001000000001100100001000100000001000000100011000000001000000000000100010100000011000010000000001000010010000010001000110000000100000000000000100000000000011001110000000100000000001000000000101001100000001100000011000010000000000001000000100000
0100010000010010110000011000101001000000010100000001000100000000011001100110100000010100001000001000000000000000001000010001010000000000000000000000001000011010000010000000010000000000000000000000100000000001100000001000000000010100000010100110000100
0000000000000000010000100000000010001000010010000000010010110000100001000010000001000101010010000000000000000000010000011000000000000000000100000000000100000000000100001010100000000010000000000000110110000100000000100000100000000000000101010000000000
0001000001100100000000010000100010100010000100000011101100000011100011000000100001110000000000000000010000110000100000010000000000010000100111000000101000000010001011000010000010000100000000000010000001100010000110000000001000000100100000001000000000
1000000000000100000000000000001100000000000000000000000000000001010100000000000000001000100000100001000100100000000110000000100000000100101101001100100000000000000000001010010001100001000000000010010000000010001100000010000011001110110010001000000010
0000000000010000000000001000011000000001000100010000100010100000000000011000110001000000000000000000000000000100000101000100000100000010000000000001000000000001000000000010000100001000010000001000000000000000001000100010000000000000001000000001000110
0001000000001001100000000101000010000001110010000010000000010100000001100101000000000000000000101000010000000000100000000000110001100110000010000000010000100000000000000000100000100010000000000000000010001000000000000011000000000010000010000001000000
0100000000001000000100000000001010000100000000000010110000101000000101001000010000011000001100001000000000000001001000000000000000000000001001000110000100000000000000001000000000000000100000100000000000000000000000011000000001000100110001000000000001
0101001000001000000001000000001001100000000010010000000010000000000000001000000000010000010000001000000000100100001010000000011100010000000000001000000001000000000000000100000010000000010001001000000001000000000010010100000100000000000001001000001000
0000000100000000000100000001010000011110000001000010010000000000101100000000100010000000000000100000010100000000101000000000000111000100011001101000000000000000000010010110000000000000100010100000100000000001111000000000000000000001001000000000110000
0001010000000010000110000010010000000000000100000000000000000000000000000000000000000000001000000100100000000010000101110100000001000000001000011001001000000100000000000100000000000000101110011001000000000000100000010000000001000000001100000000000000
0000001000110101000000000010000000000000000000100010010001010000000000001001000010010000000000000010000000000000000000100000000100000000010000000011010000000000000001000010000000000000100000000000000001000000001100001100001000000001000101110000000000
0000110000100000000000000001000100100010000000100100000001000000010010000000000000010000000000000010100000000000000000000000000000000100000000100000010100001110100000000000001000010000000000000000010000000011010001100000100000000000000001001100001000
0101100000000000010100011010001001100000000000010000000000000001001000000001010000110000000000000110010000000000000000000000000000110001000100000010100000000000000001010000010100001100000100010010000000000010010100000000001010000000000000000000000010
0000000000000000010000000000000010000100000000000000000011000110000000000000010010000101001101010100000000001000100100000010000010111001001000000000000000101001001000111000001000010001000000000011000000001001100010000000001000000000000000000001001000
0000010000011000000110000000000000010001000000000011000110000100000000000000000000010000010000100010000000101000000011000000101010100000010011000000000011000010000000010000100000001000000000000100110000000111100100000000000011000000001010010010000000
1000000110000001100000000110100011111001001000010001010000100000110000000000000100000001010000010000000100000000000000000000000001000000100000000001000000010000000001101010000000011000001010001100001000000000000000110001000001110000111100001000000000
0010100000011001001000000000010100100000000100011110010000000010000100100100110010000000100100000000000000101000000000000000000001000000100100101000000111000000000000100100011000000000000000100000000000000100000000011000100001001000000000000000001000
1000000000000000001000101000001000101000000000000100000010000100010000010000000010010001000010001000000000000000000001100100000000000000000000000000000000000000001000000000000100010000001010010001000000000000000000000000111100000010000000000001000001
0000000000000000010010000000000000001000000010000001000000000000000011000000100000100000110000000000000010000000100000000000001010001000000100011000001000100010000000001001000000000010000000101100110010000010000000100000100000001110000000000000100101
0000001010001010000001000000010000010000100010011000000000000010000000000000000000000000000000100100100000000000000000000000010100000000001000000101000011000000000000110000001001010001000100000000000011001000010000100010000000000000000110000010000000
0001100100000000000000000001010000001011011000000000100001001000001000000100000100011000000000000000000010000000001000000000010010000010000001000100000000000000001001100000000000000100000000000010110000110000000000010000000010001000000010101000000000
0100000010000000000000000000000000000000000100010100000000010000000000000000000100100000000010001100000000000001000000000000000000001011000000000001000000101111000010001000100000000000000000001100000100000001001000000000100000000001100010100000101000
0100001010000000001101000000010001000011000010100100000000000100001000100001000010110010000000000000000000000001001010101000100010000000000000000001010000000000000000100000000000000001000010000100000000000000000000000000001001100000100000000000100010
0000010000000000000000000000000000000000100000000000000000001000000000000000000000000000000001110001000100000000000000000000000100000011101000000011000001000000000001011000000000001000000000000000101000000000100001000000000010101100000100001100000000
0000000000000000000100000000110000000100100100001111000001000000000000000001100000000000000000100000000000000100000010100100000000000000000001000000000100000000000000110001001000001000000100001010000001000101000000000000000000010100000000000100000110
0000100100110000000000000000000010000000010100000000000000000001100000000010110010111000010000010000000100000001000000100010101000100000000000010000000000000100000000000000001100001000000010001011101000011000010000000000010000000000111000000000000000
0011001000000001000000000100000000010101000100000000010010000001000000100011001001000000010000010000010010000000010001000000100000000001001001001000100000001000100001000000100001001100000100100000001000000000000001110010000000000000001000000001000000
0000000000010000000000000000000001010000100000010000000000000001000000000110110001010100001000011010000110000011010000000000000000000100010000000010000010100100000000000100000000000000000000110000000000010100000001001101000000101001001101000100001000
0000000000100000000000000000100000000000000100000000101000010000000000000100000100000010000010000000000001000000000000100000000000111010001000000000001010001100010000000000010001001110101000000000000010000001000000000000000000001000000000000100000011
1000000000000010000010001000100100000000000001000100000100000000000000001001000100000000110000000000100010000000100001000000000000000000000100000000001000011001000010000000000001100001000010000001000000000100000001000010000110000000000000001000100000
0000000100010000001010001000000000000010000000000100100000000010000000000000000000101000000000000100000000000000000001000000000000000010011000000000000000000001000000000001000000010000001000000000000000000000010000000010000010000000010000001001001000
1000100000000000000100010111000000010001000000000000000000000001010000100010010000000000000000100000000100000010000010000010010000100000000000011000110000000010000000000000011000000000000000001000000000100000000010010100000010000000000000010000110000
1000000000100000010110010000000001000100000000000001010000000001000000000000000000000100010100010000000000010000000000000000001000101000000011000010000101001000000001001000000111010000000000000000000000000100000000000011100000000010000001000101010100
0000100000100000001000000001000100101001000000000010000000100110010000100000100100000100000001110000000000100000000000000000000000000101000100000001100000100100000001010000000001010010000001000010100000000000000000000001001000010000011010000000000000
0000100100011000001000011000011000000000100000100110101100000000010000110010000001101000000100010000011100100000000000110000100000000000000100000000000000100000000000010000011000000110000100000000000000000100001000000001000000100100000000000000110000
0001001000000001000001000010100001000001010000000000000000000000000000000010001000000000000011000000000010001000000000111010100000010000000001000000000100000001000000000011100000000100000000110000000000000100000000000000010000000100000100000010000001
0000100000100010010001000000000001000110100001110000010000000001100101000000000010000010100000000000100000000000000000000000010000000101101000000110110000001000001000000001000000000101000000111110000000010000010100001000000000000000000000100101001010
0000000000000010001000000000000000000000000000000000010001001010101101000000000100100000001000001000000001011000000000000001010000000110000000000001100100000000000000100100101000000000000001000000010000001000000000000000001100100000000000101100001001
0000000100000000001110010011000000001100100100000000001000000000100100000000000000101100000100000100001001000000100000000000000001100000001000000000100000000010000000000010000001000000000001000101000011010000000000000000100110000000000001000010000000
1000000000101000001100101000000010000000000000000000000001000000100100010000010000000000000100100001010000000000100000000000000010010001001000000100000000001000000001001000001100010001000100100000100000000000000000000000000000000000100000100000000000
0000100010000001000000000000001000010100000000000011100000000010001000000000100000000000000100000000000000000001000000000010000001110000101110001000000110000100001000000000000110011001010100001000100010000000100100000100000010000110000000000100001000
1000000000000100000100000000101010000000001000100000000000000000000000100110000000000010001010000000000000001000000000000000100010000000011000000000000000010011101000001001000000000000000000001000000010000001010100000000000000000001000000000011000001
0000000000110000001000010100000000000000000000001000000000000000000100001000000000000000100000000100000001001100000000010000001000010000010100000101000000000100000100000000000000000000000000000010000010010001100100000001000000000000110000001000011100
0000000000100001000100000010100000000000100100100000010000000011000001100110000000100000001010000010000000000001000000000000100010001000010000001110000000000010000000000100001000000000000000000010001100011000011000000000010010010000000000010000000000
0010010000010100000010100000100000010000000000001000001010000000000000000100000100001000000010000000000010100000001100010000000000001000000000001000010000010000000011000000000100010000010000000110000000000010000100000000000000000000000000000000001011
0000000000111010100000001000000000000000000000000000010001100001010000010001010000001010001010000000000000100110001000000000001100000000011100000010000000011001100000010100010001100010100100000000001000010000000001011100010000000000000000001000000110
0000000100101000001000000000000000001010001011000001000000001100010100000010000011010110001100011000100101100011000000010000010000000010001000000000000001000110000000010000010000000000000010000000000000000000000001001000000000000000000000000000000101
0100110000100000000101010100001100000101000100100010000000010000000000100000000001000010010000000000000100100001000001000000010001001100000000000000001000000000000010000000000000000010110100010000000100100000101000100000000000000000010000110000010000
0010000000000000010010001000000001000000000000000100000000000000010011010000000000000101010010100000000100001000000010000001000001001001000100010001000000001000010000000000000000000100000111000001000001001100011000111001100001000000000100000100000000
0010000010010100000000000000000100000100000111110000010001000000000010000001001000011001000000000000101000000010000000000100000000000000000000101001001100000100000010001000000000000000000101100100000001000001101000001010001000000100000001010000000100
0010000000110010000000000001000000001000010000000000001000001000010000000000000010110000010000000001010000000001111000000000000000000000100101001010000000100000010100000010010000000001000010100010001000000000010000011000000010000000000000010000000001
0000000001000000000000000000100001010000000000000000010000010000000000001010000000100000000001000000001000001000010000000000000001000100010010000000000001010100000000100100100000000100000111101000001000001100000000010000001000000000000100000001001000
0000000000001000000001000000100000101000000000101001001101000011000010000001000010010000000000101000000001000000000000100000000000000010100011100000001010001110100001000100000110000000000001000000001010001010000000000100010010000001100001001000000000
0101000000000000001010010000100000100010100100001000000000000000000000000000000010001100010100000011001000001000100001000000001101000010010000000010000000000000001010000000100001100000000001010010101000000010100100000000100000100000100001000000000001
1000100101010010010010000000000100001000100001000010100000000000001001001000101110000010000010000000100001010000001011000000000000011000000010001001000001000100001000100000100000000000000000010100100100001000101000101001000001000000000000000011011100
1010010000010000010100100101100100000100000000000000010000000000000000000010010000100101100100010101000000000000000000100110010100000101101000100000000100000010101000000000000001000010001010100011000100000011000000100001100000000000000000000000100100
0101010100100000101000000100000010100000100000110000001100000001001000001010001010100001000010000000001000000000000011000000000011000000110110000001000101000111101010000000000000000000100101000010000100000000000000000001001011000000000000001000100110
0000101000001000110000001000010101000000000111000101110001000011000000000001110000010000000000000101000000100100100011100001100001000010000001000100001010000101000001000101010000000100000000100110010000000100010000000000100000000000010100001001000000
1000000000010100100001000000000010001000000100001000001000000000000000001000000000000000000110010000010100000100010000000000001000100000001100000000010000110000000000100000000000000000100100101010000000010100000000000000010000101000100010000001000000
0010000010010100000000010001000001000000000000000010000000001001000010001001000011100100000100000010000100001000000100001000000101000000001000001010001000000010000000000000000011000000001000000001000010000000000000000100010010011000000000000000000000
0000000000000000000010001000000000000100000000100000010001000001000000000000011101000000010010000010000000001000111000001010010000000000010001100000000011011000000000000001001010101000000001000000000000010000000000001001000000000000010100000000010000
0001100100010000000000000101000011001110100000000000010000000000010000000000101000000000100000000000000000000000000100000000000010100000000100000010000000000010000000000100010000000001001010000100000010000000111011100000000000001001100101000000000001
0100000010000000110100000000000000100110010000100100001000000000000000001010100001000001000100001000000001010010000000000101100000010011001000000000001000000000000000000100000000001100000010000000100100000101000000010001100001010000010100010100110000
0100010000010001000100000001000100000000000000010000001000100101000000001000000001100000000010000000000001000001000000000000000000000000000000010000000000000001100000000010010000100001000000000101110000000100000010000010000000010000000000000000000000
0100110110000100000110001001110001000000000000000010010000000000000100000000001100000000000000000000000000000010000000100000100000000000000100000000001100100101000001000010100000000000100000000110001000000010001001000000100001010001010000010011000000
0000110000000000000000000001001000000000000000000000000010100000011000000000000001000000000000000000000000000100010001101000100000100000100001000100001010010000000000000000000000000010001000000000000100000000000011000011100000010001100100001110001000
0110000001000001100100000101001000000000000011000001000000000000000010000000010010100000000110000000000000000000000000010000000000000011101100010110100100000000000001001110000001011100100010000110000000000000000000000000000000000100010000000000101000
0001100000000100000000000000010000001010001000000001000000000000000110000000000100000000000101000000100000000000010001100101010000001000010001000000010000000000000000000000001000000110001101010000000100010000000010000000000000000101000010111100000000
0000001000000000000010010001000000000000100000000001000110011000000000000100000100001000100001000001000110000000000100001000001000001001000000000010001001000000000000001000010000000000100000001000000000000000000000000000000000000000100100010000000000
0000000000000111000010100010000000010000000000000000010000000000010010100000000100001000101000000000001000001010100000001000010010100000100000000000011010010100000101000000000000001100010011000100000000100000000000000010010100001100100000001000010000
0000000100001010010100001001000010000000000001000001000000100000100010010100000001000000000000000001000000000110001101000100000000000001001000100011000010010000000100000001000000000001000000000010010100100010000000010000010101000000001100000000100000
0000001110011000000001000000000011000000011101101000000000010000000011010100000100000000000101110000100000001011001001000000000100000001000000000100100100000000000110000100100000101000000000000110010000000100000100001000000000000101000001000000001010
0000000001000000001010000000100000000000000000001000001000001000000000100000001000000010010000111010101000100001100010000000100000001000000000100000010010100000001000101000000000011110001001011000001000010000100010000000000001100000000000010000100001
0000000100000001000000000000000010000000000000010110000000011000000000000000000000000000101000001000000000101010000000101010000100000000111000000000100000000000001010000001101000000000000000001000000101100000000100000110010100000000000001000000000001
0010010010010000000000010100000000011000100000000010100000000001100000000010000100000101000000000000011000001100000000000000000010000000010000011000001000000000000100000101010000010000011000000000000000100001100000000000000000001000010010000010000000
1000001001001010000001001000010000000000010000001000000000001000111000100000101000011000000010000110000000000010000000000101000100000001000010100000000100000011100001001000000000000000001000010100010010101010010001000001000010001100010000000000000001
0010000110011000001010101000100010010001001000100010100010000001100000010010000001010000000000100000001000001000000000000000100010100000000100000110010000100000100000000000001110011000010000000000101000000000001000100000000000001011000110000010000000
1100000000001011000000000000000000100000100010000100000001000100110000000000000000100001100001000001000000000110000000001000100000100100001000001010000100000000000000100000000001000100000000010000000000100010101000010000000000101010000000000001110000
0000000000000000000000000000010000001001000100001001000000100000010100101000110000001000011000000000000010110000000000110010001010000110011000000100000000001000000010000000000010000000000000110000000000000010000100000000000000000000100000000100000001
0000000001110000001010100000001001000101000010001110101000000000000100101000000001010000000000010010000100010100000100010100000001000000100001010000010000000001000000010000000000000000100000000000000110000100001011000010000000001100010100000000000000
0010000010000100100001001000000100000000001010000000000010000001000000010010000000000000000000101000000010000011000000000100000000000000001101010000100001000000100000000000000000000100000000001000000000001100010001000000000100000000010000000001000100
0000100000000101010101000010011000000010000000000000000000000000010100000000000000001001000000000000010000000000000000000000000100000000000000000000010100001011000000001000001110000100000000010100001000000001000000000000001000001101000000000000000000
0000000000000000010001100000000010000101100000000000100010100001000010000100100000001000000000101000000000000001000000100000001100001010000000000000000100001000000000001001000000001001000000000000000000001010001000000000000000001000000000001010000000
1000100000000000011010010001000001000000100000000001000000000100000000001000010000100000010000000000000000001000000000000000100100000001001000001001000100000010000000000000000001000000110000000011011100000001000000001000000000000100000000011000010011
0000000010000000010000000001000000001000000001001000000100010100000110000110000001000000110000010000010100110001000000000000010100000010000001000001000001000000000000001000000100000100000000000000100000001000000000110100000000000001000101000001000010
0000000000001000000000000011001010000000000010001100010010001001000000001000100000101000000010110000000000100000000000000000000000101000010000010100000000100001000100000000101010001010000010000100001001010010000000000000000110101000100000000100000000
0001000000010000000000000100000100001000100001000000100011000000101010101100010010000010000000100000000110000000010000001100000000000000000000000001000001010100010110000100000000101000000100000001100000001001001000000100000010000000101000000000010010
0000001000000000000100000001001001000001000000000000001000001000100000000000010010001101001000000000000100010101000000000000001000000000001000000100000101000000000000010001110010000100001000000010000000110010000010000000100000101000100000001010010000
0100110000000100001000000000000010000000000010000100000110000001000000001000000000000001000100111100010011000011000001000000000001000000001000000100001000100000001000000010000100000000100101000100100000010100000000000001000001000001000000000000000000
0001000000000010010000000000000110000001000000001000000000000110000001000000011000001000001000010001001000000100000000000000000000000010000001001001000010000100010000000110010000001001000000001011100011001010100010000110010001010111101000001010000011
0010000001000001000000000000010000100110000100001001010000010000000000000100000000000010000000010000000000000100000000000001000000000100010000010000000000000110001100100000101001100000000001100100000000001000000001000000000010000001100000000000000001
0000010000001000100000000101000010000010100000000001100000010000000100010100000000100000100000001000000001001101100000010001100000000010000000000111000000000000000000000100000010000000011000000000000000000000010000000000000000001010000000000000010100
1000000100000001000000100001010100100101000110101010000000100000000000000000000001000000000000000110000001001010000001000000000000100010000100000000100010100000010010000000010000000110000000000000010000000011000000000000000010100000000000000000000010
1010000100000000011010000001000001010010000001100000110000100000000000000001000010000100010101000000000100000000000000000011000000000000000000100010000000000010001000001011000001000000000000000010010001000000000000100101000100000000100000001100000000
0000000010101100000000001000100000000000000000000100000000000000000000101000000000110000100010000001000000000000001000001000000010010100000000110000000000010000000000000100010000011001000000000001000001111000100000000000001000000000000000000100000000
0010000001000010001100001000101001000001000000000010000000000100010000000010000000000000001010100100000000111000000010000000000001000000100000000001000000000000100000010101110001000000001000000000000000001000101010000000000000000000000000000100000010
0000000000010001010010000100000100000010000000000000010000100000000000000000000001010000000000110000001000001101100010001100000000000110000000001100010100011000000000000000000000100000000000000100000010000010000000000001000100100010000000000000000001
1000000000000000010000001001010001001001000001010000000100010000000000000000100100000010000100000100000100100000000110000001000000000001010000000000000000010011001010010010101000000000000000001000100000100000000010000011000100000100000000000000000100
0101100000010010000110100001000000000010000100010010001000000011000000000100000100000000000000010010010000010000000000010000000001000010000000101000000000000100000100000011000100010010000000000011000000000001000000000010111000000100000010010000100001
0100000001100101000000001000000000000100000010000101000000100001000000000000101010000000000110000000000000000010000010100000000100010001000000000000000000000100000101000010000000000100100110000010000000000000000010000001000000100100001011000101000000
0000000010000000001000110010100000000000000000000000010000010000000100001000000000000000000000001000000010000100100110000000000001100000100001010000010000001000000000000000100000000100101010010001000000000001000000100000000010111000000001001000000000
1100001001001100000000000000100100001000000000000010011000000000110000000000000110000000010101000000000000010000000011010001000000000000000000001100110000000000000000001100000000110000010001101010110000100000000001000110010000011001000000010010010100
0000000000100000000000000001000100100000010000100000011010000000000001000000000001001000011000001001001001000001100100001001000000000000101001000000000000011000010001000001000000001000100010000001000100100000000000000000100000100000010010000010001010
1000000000001000010000000001000000111000000001100100000001000000001000001010000010000100000110100000000100100010000000000010100000010100000000000001101001001000001000110000010000000110010000000000000000100000010010100010000000100010000010101000000000
0010001000001001000110000010000000000000001000000000101001000000000000000000000000000000010010100000000000001000000101000000100000000100010001010000010000010010100000000000000000000000100000011110000000010010000100000000001011000100001011000001000001
0000000000000000000001011010000010110000000000000001011000000100010000001011010000000000000000000001100000111010010010001000000000000110000001100000100100100010101000000010000101010000000100010001000001000000000101011000000110100000100000010000000000
0100010000001001101000000001010000010000010000000000000001100000000000000000000100100000100000010000000000000000000001000000000000000000000000010011000000101010000100000000100100000001100000100000000000000010000100000010000001000000000000111000001101
0111000000100100010100101000010000000000000001000000000001000000000000011000000100000000000000000010000001000000010011010000010000000000100001000100100000010001000010100110011000000000001000010100000000100000100000000000010001000011100000001000000000
0000000000000100000000010000000100000000000000000000110100000000000000000001000000000000100000010001011000010010000100110000000000000000000000010010010010000001001000000010000010000000100000001000100001000100000001010001001100000000000000000000000001
0000000001000100010000000000000100100000000010001000001010000100000000000101000110001100000010010100000100010010000101000000000000000000001001101000001000000000001000010001001000010000101000100001001000000000000000110000100000000000000010000000000000
0100100000000000000110010001000000100000000000110100010100010100010000000001000010001000001000010001000000000010000000000000100000110001000010001000000001000001100000000010000000001000100000001001001011000000100101110000000000001100110010000000100000
0000010000000000000000100000010011000001000001001000100000010001000001000000010000000001000111000100000100001000000001000000000000000000000010000101000011001000000000000000000000010001011100000000010000010000000100000000100110000000000100100000110001
0000110010000000000001000000100000000000010000000100100110000000010000100100010100100110000000100000000010000100011000010000010000000100000001010000000000010000011000000000001000000000010000000000001000000010000001000000110000000000000001000010000001
0000000000000110100000101010100000000010001000000000000001000010000000000000011010000000000000000000000000000110000001000010000001000000001010100000010000001000000000000000000000000000000000000100010110110111000000100010000100000101000000010001000001
0010000010000000001010000000000110000010000000000010000000011000010001010000001000000010010000111100110000100100101000000000000000000000001100010000000011101001000000000110000000000000010000000100000000001010000000100001010000100001010000001010001100
0000010000001000010010000000000100000000100001000000000000010001000000000000000000001000000000001000000000000000000000000000110001000000000000101000000100011000000000000000100010000000010000000000000010000000000000000001000100010000110000000010001100
1000001001000100000000001010000000000000100000000010000000010001100010000000010000000000100000000000011010000000000010000010000000000001001101000010000000000000000100000000010000000000100000000011000000100000100000000011000000000010000000100110000100
0010000001011000110010000000000001100000000010010000001000000000010001000100000000100000100000000000001100000001100000110000000000000001100000010000010000000000001000000000000000000000001011101000000000000100000011000100000000110001001000010000000000
0111000010010001100010000000000100000100100000000000000000000000111001010000000000000100000100100000000100000110010000000100000000101001001010001100010100100000010000000000000010000000100000000000100000000000001000001010000000000000000000000000000001
0000100000000000010000000100000000100000000000011011011000000000001001010000000000100100011010000000000000011010000000000110110000001000001100000000000000000001000000100000110000000001000010100000000000000001000010010001000001000000101000010000000001
1000100000000010000000000001000000010000000000010100000001000000010000000000000000000100000101000001001110010101000010000000000000010000000000000010010100000000101000001000000000010010000010000001000001000100010000001100000001010100100010000000000010
0000000010000010000000000000110010000011001000000100010000000000101000000110100000001001010000000100000001110000001000010000000011000111000111000010000011001110000001000001111000000001000000010001100000100100000100000101100000000000000000000000000000
0010000000100000001000000000000000000111010000000000000110000000000001000100010000010001000001000000000100100010010000001010100000100000000000001000000000000000000001000000000000000100000100100001000100000000010000000101010000001011000000000000000000
0000000000000000100000101000000000000000000000000000000011000000000000001100000001000000000000000000100000000000101101000001011100001010000100000000000000000010110010001000100000001010000010010100000001000010000100010010000000000110000111000000000001
210 1
128 224
