250 250
0101000001000010000000100011000000010101100000000010000100000000000000001000000000000000000000001000000001010000100000000000000000000000000000000000010000000000100010000010001000010000100001110000000000010000100100000010000000000100000110010000001000
0001000100100110011000010000110000000100100100000000000001000000000100000000000100000000001010000001010000101000011001010010000000000001100000001000000001100000000100000011000000000000000010100000000000100100001000000100010000010000000000010000001001
0110010101010000000010101110000001000100000100000000000000001110100000000000000000000001000000000010000000000001000000000000000000000000000000100011000100100000000000100001100001000000011000000000000000000001000000000000000000100000000000000000000000
0100000010000001000000000000000010000000111010001000000001100010010001000100000010011000000010000100010000110000000000010010000100100000010000000000000000000000000010001100000000001110110010001000000000001101000000000001001100000000000001000100101000
0000100000000000100000000000000000000011000001000000000010000101100000001000110010001000000000000100000000100100100100000001000000001000000100000000000000000101000010010100110010000000000001100100000100100000000100000100100001001010000000010001000000
0000000000001100000000000000001000000110100000000000100000000000101000001010000010100000000000001000000000110010000000001000010000000010000000010100000000000000000010000000000000001000000010001000010000000000100100000011000000000000000000000000110000
0000100011000000001000000000010000000100000000000001000000000000100000000010000001000000110100000100000000010000000000001000000000000010000000100010000000010000011010100000000100000100101000001100001100100000001100000000000000110000001000000000010001
0001000000100000000000000000000010100001000010000000000001000010000010000000001010100000000001000000000000001000010010000000100000010011000000000000000000101100000001010100000001100000000000001000000000000010000000000000100000000010000000000000001000
1000001000000000010000000001000100000100010001000000001000000000000100000000000010100001000001000000010000000000010000100001010010000000000011100000001010000100001100000010000100000000000000000010000000000000010000000000000000101100000001000101000010
0100100000001000101000000000010010000000000000001000000000100100010000000100000001000000010110000110000010010000100100010010000010100000110000100000000000110100100001100100001000000110000010000000000000110100000000001000100010000000010000100001000010
0000001000010000000010100001000000000000001001000010110000000000010001001100101000000001000001000001000000100000000001000100000010000000000101000000010110000000000000000001100000001000000000000000100100010100010000000010110000000000000000000100000010
1101100101000010001000000100001100000000100000000000001000000000000000110000000100001000000000001000000000000110001000000100000110000000100010001010000010010000100100000000000101010000000001000000000010000000100010001000000000010100000001000011100010
0000001000001100001100000000000010101100000010100000000010010100000000000010000000000100001000000000001000001000001000000000000000000010010001000000010000000000000010110000000000001000011011000000000000101000101000100000100000000100100000000000110001
0001000001000001000100000000000000000001010000000010000000000000000000000000000100011100000000000000001001000000100101000000000000000000000000000000000000100000000000100100000000100010100010011010000001011000001000100000010000010110000000010000000001
0000000000001010000010000100000001100001000000010000000000000001001010000100100000000000000001000001100000000001000000010000000010000000101100000011000000010000000000010010010000010000010000000000000000000000000000010001000000001100000000100101000000
0000001000000000011111010110000010010101100000001000001011000001100001000101001000100000000010100000001101000101000100000010000101000000000111000000100000001000010010000001000000010000000000000000000000010000001110010000000000010000000000000100000000
0000001001000010110000000100000000000000000100110100000000000000000011100000001001000000000000000010000000100000001001100000000100000000000101000000000100010000000000000000000000010100000100100100000001010001000000001000000000000001000000000000000111
0000110000010001010000000000010000010000000100101010101110000010100010000000000000100000001000011000000000000000000001000100000100101000000001000001010000000000000100000000000001000010000000000110000000000001011000000000001000011000100000010000010001
1010000000010100000100000000000000110000000000000000000000100000110000001011000010000000111000101000001010000000000000000000000000001010000000010100010111000010010010000100000000110100000000000000010000010011101000000100000000000000100101000000100000
1000000000000010001010000001010001000101000100000000000001000000001100011001000000000001000000101000001001010000100010000011010000000000101001000000000010000000010000000010000100011000001100000000001000010000000000001011000100001001000001000001000000
0100000001010000000000100000001000000001100000000000000010110000000000100010100001000000001000100000000001000000001000000000010000000000000000010000000010000000000000000010010000001000000001110100000100000000001010000010000000000000000101000010001000
0000000010000000001001010010010010000000100000001001100000010001000100000101000100001000000000000000000100000001000100011100000000000001000100000101000001001000000000001000000000100000000100011001000001000100001000000010010000100100101001010000000001
0010001000000000001001000000001010100010000100000000001000010000000011000000000000010000000001011000010000001000011000001000000010000010001000101000010001100000000010010000110000000000000000000000010100000000000000000000001000000100000010001000011000
0000000101000110110000000010001000000010001010111010000001100010010000000000010010000010000001000000000000100000010001010000010000010000000010001000000000000001000100000100000000000000010000100001101000010011000000000011000000001000100000100000000000
0000010000000000000000001000011000000000000010010000110100001000101000010000100100010000100001100001000001000000000000000000000000000000100001000000000000100000000000000100000000000000000010000000000100000000011100000100100000000000000000000010000000
0000001000000100001001000000000000000110000101000000011000000010000100010000000010010000100010000000000000000000001000000000100001010000010000000010010000000000000000010100000000000000000000000100001001010100001010000100000000000001010000001010100000
1110000001010000000110100000000110000000101000000000000010000000000100100010001000010100000000000000000000001001000001000000000000001100001001000001101000000001100001000100001000101000000100010000000000100000101000000000000000000010010000001100100000
0000000000000100000000000001000000001100000000000101000001000000000000101000000000010000001000010000000000101111100000010001100100000000000010000000100010010100000001100001010000000000000000010000000000000000010000000000000100010100000101001000010100
0100000101000110010000000010000001000000000010100000000000011000010001000001010000100010000100000000000011000000000000000000000111000100100000100000100000001100100000010010001000100000100011000100000010000010010001100000000000000100001000011001100000
0001000100000000001100000010010000100000000000010010100011000000000000000011000010000000000000000000010010000000000010100000000000000000000000000000100100111000000000000000000000000000100010000011001000000100000010100100000000000000001001001000010001
0010000000000100100100000100000000001101000000010110110000001000101100000000000110000100010110000010001010100000000001000110000000110000100000001000001010000010010000000000000001000000000000000100000010101001000000010000001001000001000111000000000001
0000000001000000000000000000000000100000000000000000001000000000000100001100000000000000000001000110000010000100001010001000001000110011011000100000101000011000000010100001001000100100000000000000000001001010000010000000000000101000000000000000010000
0001000110000101000100000000100011000010000010010011000100000001000000000001000000010000000000000000000101000000010000000000010010001001000000000000101000000000011000001000000010000010000000010000001000000010000010000001000001001000000000000100010000
0010001000001000000000010000100110000000000101000010000100000000000000000000001001000000000000000100000001000001011010000000100010011001000001000000100010000001000000000010000010000000010000000000000000000010101001010100000001000001000000000000000000
0000000100000000001111000001000000000000000010110000000001000100100000100100000000000000110110110010000000000000000000000010000100101000000011000000010000100110011100100001001000000000000100000000000000100000100000000000000010000000010000100000000000
1000010000000000110000010000000000010000000011001000010000000101000000010100000000000010000010000000000010001000100000010110100011011000000000010000001000000000100000100010000001000000001001000001001011100001000000000000000100000000100010000001001000
0001100010000010100010000000000010000000100010000000010000000001000000000001000100001001010000000000011100110010001010000000101000000100000000000000000000000000000000000000000000100010000001000001100110010001000001000110011010000000000100001010000000
0010011000010000000101000000001000101010000000000000100000000000011000000001000000000000010100000000000000001000100000100000000001000010001000010001000000001000000010010110000010001100000000000000010000000000001100100101001000000000000000100000000001
0011000010000100100100000001000000100100010000000110000001100100000010010000000000000000000100010001000100000010000001000100000100000000000000010010100010000000000000101000001000000010001100000000000000000000000001100000100010000000000000000000000000
0000000000001000000111010000101000001011000000000000000000001100010001001001110101000000110000000001100101000000000100100000101001000000000000000000000000000000001100000010100000000010000000001100010001010010010000000000100000000100101000101000100010
1000000001100000000001000000000100000010000000000010000001000001000010000001100001000000011010100000000001000000010000100000100100000001000000000010010000100000000000000110000010001000000000011001000001010000001001010000000001000000000000100000000000
0010010000000010010010100000000000000100010000000000000001001111001010000001010000000000000001010100000100000100000010000001000000100100000100100000000000000000000000110000000100000000110000001100000000000001001000001001000000000100000100000010010000
0010000000000000011100010110000000001100010001011001011000000010000100000000000001010000000000010000000001010000010011000000000100000000000000000010001000000000011000000010000100001000000000010000001000010000000000000000100000000100010001010010101100
0000000001000000000000000000000100000000000010100010000000000000000100100001100000100000000010000000000010000000000000000000000000000000001010000000000000000111000000000000000000100100000000110000010100000000000010010101100000100100000000001000000000
0000000000000000101010000010010010000001000000010000100100001100000000000001000000000000000000100001000001001010000011000000001001000000000100000000000001001100010100000001000100010010010000000000000000110000000100000000100001001000100000000010001000
0000001010000000000100010010000000010100100001000000001000001000010010000100000100000000011000000010000000000010000000000000000001010000010100000000000000000000111000000000100000101000000001000000000101000001100010011000000000000001010100000010010011
0000001100010000001110001000000010100100001000000000000000100000000000000000000010000110100001010000001000001000110000001010000001010000101000010000000000000000000000000000000110000010011000010100000001100101000010000010000000011000000000100000100001
0000000010000000000001001000010000010000010100000000000010000101001101010010010000000000000000000010000000000001000000110000010000000000000000001000000000000001010000000001000000000000000000000100000110000000000010000000000000000000100001010001000010
0000010000000010000100010100000000001000110100110000011000000000000000010010000001000100001001011000010000000010100100100100001000010010101100001000000010000000000000100000000001000000100100100010000000101000000000001000000010000100100010000010010000
1000010001001000011100100001000011001000001000000010000010010000000000000000000000000010010000000100000000000000000100000010000000000000010000000010100000000000100000000010000110010000110100000001010010000100000000100101000000001000100001010001000000
0100000100000001100000100010100110000000011000000010101000001000000000001100000000000000010001000000000000001001000000000010000011100000000000010100010000000101000000000000000010100000000000000000000000000000001010010000011000001000001101100001100000
0010000001010100000000110001100100000000010101000000000101000000001001000000001100100100100000010100001000100000000000000100101000000000011000000001000000000000000000000001000000000000100000000001001000011110001000000010001000001010010100000010000000
0110001000001000001000000000100000010101100100000001000000000000000000001000000010011010100100000000000001000000001000000010100100000000010011000000101000000000100000000100000001000000001000000000000000100100101000000000000000000000000000010100000000
0000001001010000000000010001010000001000100000000010010100100000000000000000100000100000000001000000000000000000001000000000001000100100000101010000000000000000000100011000100000010000000001000000000000000000000000000000100010000000000110000100000000
0010010000101001001000000000100000101000000001111000000000000100000000010001110000000000100000000000000010000011001100101100000100000000101011000011001000100100100000000001001000001000101000010010000000001000100010000000001000000000110001100001011000
1000100011000000000001010010010010000000100000011000100000000000000000100000000000001000000000000000010000000001000010000000000000000001000000001001001100000001100100100010110000100110010000000101010000010000000011010000100000000000000000000001001000
0000001000000010000000011000110000000000000011010100000001100000010001000101000000000010000010000000000000000011000000000000001000000001010000000000010011010000000000010010000100001001000001010000000000000000000100000001000100000000000000000000010000
0000000000100000000000010001000010001010000000000001000001010000010000000100000100001000001010110100000000000100001000000101000001000100000000000000000010000101000110101001000101010000000001000100000100000000000000001100100000000000000000100000100000
0001001000000000100100000010000000000000000001000000000010000000000001000000010010000100010000000100100000000000110000000000000010000000000010010100001000000000000000000001000000000000000100010001101001000000000000000010001000000100000000000000001100
0000000000000000000100000100010000000100010000000000000000010000000000000100000100001001000000010000000000100011100000000000001000000000010010010000100000000100000010001000000000000000011100000000000000000000000000100000100000000001000000000001000100
0000010000001000000000000000000000100000100000000000000100001000000000000010001000000000000111000010000001000010000000010000000000000000101000111000000000110100000000000100000000001000010001000001001000000000100000010010010011000000000010101010010000
0000110000010000000000000010000011010100000000010100000000100000000000100000000001000010000000000000010100000001100001100000010000000000100011000001000000000000000000000001000001001000000000000000000000001010000010100011000000010110000100000101001000
0000000010010000010000000000110000000100000000000100001100000100000000011000010000100000000101101000010000000011000100000000010010100010000100001000000000100100100000000000000000100000000000000000001000000101000100000010000010000000010000101000000100
0010001000000000001000100000000000000001000000010000001000000010000000000000000000100000001100000010010000010010001001000100100100000000000000101000100000000100000000000010000001010100000000001000000000000000000100010001001000000000000000010000010001
0000000000000000000001000001000001000000100100000000010010010010001001000001100010000000000001100010000001000000010001001000000000000000000010111000000001010000000100000100010000000000100000000000100000000000001101001000000000001000001000010000001001
0000000000000000100001000000000011000000001001100010001000000000010100010000000000000001100100001100000000000000000011010000001100100000010100000000000000010000000000101101010000010000001000010000000000000000000000000010010101000000110000000000101000
0000100000011000010100010100000000001100010000000001100000000000000000100000000001000000000000001000000100000100000011000001000000110100000000100000001001000001000000000011100010010000000000110100100000010101010000000100000010000010000000001000010001
0000000000000001001001101000010000000000000010000000111001000000000000100000100100000000000010001000001000100000000000000011111101000101011000000000000000100000011001000010000000000000001000100011000000000000000100100001000000000000000000101100110000
0000011001010000100010000000000000110000010000100000000000110000100000000110100000000000100000000010000000000000001010010000000000000001000000100000000100000000101000000000000100000000000001000000000010000100101100000000000010000000000100000001000000
0000011000100000000000000010000000000000001000000100000000100000000000000101001000000100000000000000000010000000100000000000100100100000010000000101000011000000000000000100000000000110000010010000101000000000000000000010101001000000000000000111000000
0100000000000000010000000011000000100010001000110000010000000010010000010000010000000010000100010001100000000010000000000000000000000001001000101001000001000000100000100010010010100001000010001100000000010000000110000000001001111000000000000000000010
1000000000000000010000010001111100000001001001000110001000000000000100000000100000000100100001000010000000011100001001001001000000000000000000010000000000100000000000101001101010000001101100110100000000000100100100100000000001000000001000000000001000
0000000001101100000011100110010000000000110000010010101100000000000000000100001010001000010000000010010000010100001000010000010000000010000000000011001000011001001000100001000000000011000000000010000001010010101100001000000000000100000000000110000100
1000100100000000000010100001000000000100001000000000000010001000001011010000010010000000000010010100010100000000001000000110000010000100000000000101110000100001000100100000100000000000100000000000001000010000000000010000000001000001000100000000000000
0110000100001100100000010001010010000000000000000000000000000010000100001000000010100100000110100100100000000000100001000000001000001010010010000000000001000110000001000001000000000010000000000001101000001010000000001010000000001000000000100000111000
0010101101000000001000010010000110100100000000000000001000000000110100000010000001010000000000010000000100001010000000010001000000000101000000000000000000100010000100100000010000010000000000000000000000000000001110100100100001010110001001000000000000
0000001000000000000000000000000000000010010000000011001000000010000100000010011001000000000000000000001000010000000100000000101001000000001000010001000000110000010001000010000001000000000000000000000000010100000010000000010001000001011000010100000001
0100000010001000000000000000000010010000000010100000010101000010100000100000010000000100000001000000000000000000000000000100100000000000000000000001000000000110000101000100000111000000000100000000000100001000001001100001001000010000000000000000000000
0000000100001001000000001000011000001000000000000001100010000000011000000000000100100010001000000000001000000001000000010000001000100110000010000000101000000000000000000000001100000000000000010000100000001010000000010000100000000000011000000000110000
0000001110001000011110100000000000000000000101000000011011000100100100000110000000000000000010000001001000000000101000101000000000100000000100001000011010100000000100000001101000011100010100000000000001000000000000011000000001000000100010000010010000
0000000000000000001001000100000101000011010000000100000100000001000000000110001000000000100010001000000001000000000010000010100000010000110000000100000010001000010100010000000000000000000000010010001010000010100000000010000000000010000000101001000000
0001010000100000000001000100000000100000000010000110100000000001101000000000010010010000000100000010000000001010010000000000000100001100100000100000000010100000000000000000100000000000000000000000000000000100000000000100000000000010001001000000000000
0000000101000000000001001000000000000101000100000001001000000000000010000000001010000110011000000010010000000100100000000000000000000000001000010110100000000100001001000000000010000000101000000010000000000000000100000001000000000000010000000000000100
0001000000000100010000000000010000100001001000000000100100000001000000000000000100000100000000000001000000000010010100100001000000100100000000100001011000000000000000000000000010100000100000000010010000000100000001001000000010000010000110100100000000
0010010000100000000010000000000000000100000011100000000000000000000100000100000000100000010000000000001100100000001001011000100000000000010000010000000000100000000000001000100100000000001000100001101000001100010000000010100000000001000000000110000101
0100000000000000000000000000000110001000000000000100000000011010100010000000000000001000010000000100000001010000001001000000000100001001000000000100000001000110100000001000000000101000100000000000100000100001001000100000010001000010000000000001010001
0010000000100000000001000100001001100000000000001000000100100010001000000000000000000000000100000011101000000000000000100000000001010100000000110100000000000000001000000000000000010010001000000001100100000000000010001010000000100000100001000000000001
0101010100000000010000000000000000000010001000101000110010010000100100000110000001000000110001000000001001000110000000101010000000100000010001100000000100101000000010000000000000000010000000000110000000100000000100100000000000000110000000000010100010
0010011010000000000000100000010010000110001010010000100000000010000001000000000001001000000000100000000000100000000000000000010001000010000000000000000100000000000000100000000000001000000000000001000100000010000000011000001010000000000000000000000000
0100001000001000000110100100000000000000000000010000000000000000001010001000000000010100001000000000000010100010000000000000100010011000110010100110000000000011000001000010000000000000000100110010010000010100001010100000000000100010000000000000000001
0001000101100000000000000000000000101000001101000000000101001000000001010000010000000010000000000010101000000001000001100000100000100000000000000000000000100000000000000000000100000001010001010000000100000000010000000000100000000000000010010000000000
0000000010001000010001000000000000010001000000000001000010001100100000110011010001000000010000000000000010000000000000010000000000000000000000100010000010111000011000000000000000000000000000110010100000010000001000000000000010011010001000001000000000
1000101000010100000100000000001000000000000000000000001000000000000010110000000000000000001000100110000101000000000010100000000000010000100010010000000000000100001000000110001000010110000000000000000000111000000000010001001100001010000010001000000010
0000001010000000111000000000010100000010010000010100000001000111000000000000010000000000101000010001111000000000001010001000001001000010100000000011101000000000001000000100001001000000000001000000000000000000011000000001000000010000000000001000000000
1100000000001010001010001000101000000100000000001100000000000001000001000001010000000000011100000000100000000000000100000000000100000100100000000000001010001100100000010100001000010100001000000011000000000010000000001000000000000000010011010000001000
0001001000000000000001000001000100000000110010000000001000000000000000000000000001000000000100010110000110000010000010100011010011000110100100001000000000000101000000010000100000000000000000000000000000010010100000000000000001000011100000000000000000
0001111000101000000000010000000001000000000100000010000000000000000010000110010000100000000000000000000100000000000000100000000001110110001010000000000000000000001000001000100100000001000010000000001000111001000010000000000000010000100000010001000000
0001010000010000000000010000000000000010100001010100000010111101010000000000001101000100001000001011001000000100000000000001000000000000101000000000101000110101000000100100000001000000010000100000100000010000000000000010000000100010110000000010000000
0001100000000101001001000001100000110001000000001000100000101000000010000001000100100000000011001000000000000001000000010000010010000010000100100010010000000000101000101010100000000010000001100000100000100000000001000100000000000001100000000000000001
1100000000000000101000001000000010000000010000100001010011000100100101000000001000100100000000000000100000000000011100000000000000000100100000011010001000000000011000000000100000110000001000001000010101000000000000010000000000010000101001001000000000
0010010000100000000000000000000010010000010000000000000000001000000000100100000000000110000010000010000000111000000000000000110010000000000001000000010010000001000110001000000000000000001001000000111001010011000010001000010010000100010000000000000000
0000001000100000001001000000010000010001111100000010000000100000001001000000010100000000000000000001000000000000100000000000001100100000000100100010101000000010000000100100000010011100000000000000000000000000001010000000011000010000000010010000010000
0000101000010010000000010001000000011000000001000000110000000000000000000100000000000100000001000000000000000000100000001000000100000000100100011100010000001000000100010000100010000000000010001000001001000000000000000000001000000011000000001110000000
1000010000010100000001001010011000000001000101010110000000000000000000000010001001000011000000000110000000000000100001000010000001000010010000011000010010000000100000001000000000000000010001000000100000100000000000000001010001000000000100101101010010
0110000100000010101001000000001000000000010110001000000000100000100101100000010100000100000001101000100001000000000001000001001000000100000000000000000001000000010001001100001000000000000101000011001000000010110100000000000000100001000010000001001001
0110010100000001000010001000010001000000000100000000000000000000100000000001000010011010110101001000000000001010100000010000000100000101100000100000010000001000100000000000000100000000100101000000001000000001000001001100000000100100000000011001100000
1001000000001000000001000001010010000101000000010100010001100000010000101001000000000000010001000000000001000010000000000110010001100000000000000100000100000001000010000000100000000000001000000001000000000100000010000010000000001000000110110001000000
0001000000100000000001000100000000000000010000000010100000000000100000010000010010001000100000000111110000100010010011010001000001000000001000001001000010000000000000000000000000000000000000000001000010000000000011000001000000001000000000100001011000
0000010001001001001000000000010000100000000000001010001000100000001000010010000010010000010001001110000000000000100010000010000100000000001100000001000000000000100000000000100000001000010100000100000000000000000000010010000000000011100000100000000000
0001000010000000000000000000101000000010010000000000001100100000000100000000000110000000111100100000011000100000000101010010000000010000000000000101100100000000001000000000000000000000001000000111000010010000000010011000000001100001010000000000010000
0000010000000000000000001000001000010011001000000001000000001001001000000100000000000000001000000001010000000000010100001010100010000000001010000110010011100000000010000000000010000000000100000000000000001100001001001000000000000000010000000000000100
0000001000000100011000000001000001000000101100101000000000000000000000100000000000001000100000001000000000000000000000000100000000000000000000011000000010000000100000001000001000000001101001000000001000000000000000000011000001000000100100000000000000
0100000010100010110000110000000001000000100000100000000000000000001100000000000010010000000110000000000110010010100001011000010000000000000000000010100011000010000000000000000000000000100000000001000100000011010100000000100011100001001000000000010011
0001001001110000000010000000010000100010000000000000001001000000000000001000010001100000100000011000001000000010000100101000100010011000010000010000000000001010000000010100001010010010000100000000001001001010010000000000100000000010101000000000000001
0000000000000000100001100000100000101000010010000011000010100000001000100000000000000000100000000000000001000001001000000000000000000001000000000000100000000000000000000001000100010000000100000001000001000100000110011010000000000000000000001000000000
0000000000001000101001000010000010000000000000000010000010000110000100010001110010000000001001000010000001000000000000000010010100100001000000100000000010000000001001000000000000000010000000000010100000000000000010000000000000000000100000001000000101
0001000000000000000001001000000000000111000010010000000100001000001010001000100101101001100000000011001000100000001100001100000000000000000010010001110000001000001000001010100010000010000000001011001110001001000000101000000000000100000001100001010000
0001000000000001010000000000000001010100000000000000101000000010000001100000000100101000010100000111010000010000010000000100001010000000000000011000000010100010000000010100000000001100100000000000001011010000000100000001000000100000000000000000000110
0100110000000100000000000000000110001000000000000100000000100000000000000100011001000011001001100000000010000001100011000001000001000000010001000000000010000010000101000000000101000110000000100000000010000110010001000101000000000000001000000010001000
0000000001000000000001000000000000101000001001000000001100000000001000001000000000000000000010100000000000000001100000000010100011000100000000000011000001000010000000001100101110000000001000000001000010000101000010000000000000001001010000000010000001
0100001000000001000000001000100000000001000000101100000100000001010110000001000000000000000101010001000100000011000000010000000000000000000000000000000101000000000000000100000100011001001010000000000001000001000010010000000000000001000000000000000000
0000101100101000000000101001000000000000000000100011000000010001000101100000000000000110001100000000100000010010000001000001000001000000000001010100100001110001000001100000010000000001000010000000000001000000000000010010000011001010000000010000000001
0000001000000010000010000001010000000000000000000000000101001001110000000000100000001000000000101000000000001000000000010001010100100010010000000000100000100000000000000000100000000000001000000000000000000000000100001000010001000011000001100000010000
0000000000000011000110000001000000000000000001000101010000000001000000000100101001100100000000010001000000000000111100001001000000000001000100100101000000000000000000100010100000000000101000000000101100010000000100000000010000000000001000110000000000
0001001000110000000101001000001000000000000000000100000001001110000110000100010100000000110000000001000000010011000000001101000100000000010001000000000100000000000010100100000000000000100000000100000100000000001000011000000000100001010000001000010000
0000000001000100000010111000000001010001010001111000000000000000001000100000000000000100100010010001000100000101000001010000000000000000100101000000000000110000000000010001001000000100010000001000000010000100010000100100110000010000101001000000000000
0011000000000001001000000000000000000000101001000000000110000000000000110000010000001010101000100000001000000000000000000001000000100000000000000010000000000010110100010100001000000000000000000000000000000000101101000000010000010000000000001001000000
0000000001000010000000000000000000000000000000010000100000000100000000000001000000100001000000000001000000000000100001001000010010000100001010000000100010100010001001000000010000000000000000001010000010000001000011000000000010100000100000000000000000
0100000000100000000001100000010000000101000010000000000010011000000000000100000000100001001001100000000001000000000100010000010000100000000000000011000000000000000010000000000001010010000000100000000100010000000010000000100000010011001000010000000010
0011000000001100001000011000000100100100000000000001000000000100010000000000000100000010100010000000000000100010100000000010000000000001000010000100110000000010100011001000100100000000000000001001000011000000000001010100000000000011000010000000010000
0000001000100000000000010001000010000110000000000011000000000011000000000100000010010100001000000000000000100001000000000000000000000000000001000000010010000000000010010000000000000000000000000000000001000000000000000000010010000000000000101001000000
0000000000000000000100000000000000001000110000001000000100010000000000000000000001010000000000000000101001100000100000001000000000110000000000011000000010000100000010010000000000000001000000011000000010001000000100101000010000000000100000000100000100
1000100000100000100000010100000000000010000010000001000011000000000000000000000000000000000000100000110010100000000000000000000001000000000000101000000100000000001000110000000001000000001001100000000000000010100011000011000100000010100000000100000100
0001010010000000100001000000000100000010000000000010100000000011001001000000000000000000000000000000001000100000000000010100100010011000010100000000000101001000000000000000000000010100100100000000000000000110011010000000000000010000000000000000100010
0010010000000000000000000001001001000000000001000010000000100001000110000010101000000101000000000000000000000000010101000000000000000000001000000000000001110001100000010010010010000000000000100000000010010101000010000000001000000100100100000000010000
0000000000001100000000100000000100000000000010000000000000001000000010000000000000001100000100000001000000000000000100000001001000011000000000011000000000000000000110000100110000000000000000000000010010100000000100000000000010010000010000000000000000
0000000010000100000000000000100100000000011000001000000000000000000010000000110100000010000000000000100010000000001000011001001001000011000000000101000000010001000010000100000001000000001000010001001000001100010000000110001110000000000001000000001101
1000000010001000000110100000000000000111011000010000001010000010000000000010111000000001010000000011000000000001000000000000000000010000001000000000001000000000100000010000010110101000100100000000000000000000000000100000000000000010010000000000110000
0000000100000000000110000000010100010000000000000100000100000000000100000100011000000101000000000101001010000000000001000000000000000100000000110110000000000100000000001000000000100000011010000001000000000000000001000001010100000010000001000000010000
0000000110001000100011001010000000000001001000000001000000000000001001100010000000010001000000100000000000000000000110000000001000010100000001010000000100000000000000000100000010000110100100000001000000000000000000110100000000000000000000000000010001
1010010110000000100000000010000011001000000000110011010000000000000001100000001000000000000010101000100000010000000000100000001000000101100000000000000000000101000001100100000000000000100011000000000010000000010100000010000010000000100000010000001010
0000100110001100010100000100000100100010000000010010000000000001100010000000000000000000001000000000000010000000000000101000000001100000000100000000000010001000000000010010000110100000100010100011101000000101000001110010000011000000000010000100100000
0100101000000001000001000000000000010000011000000010000000000100000000000101000000100000000000000010010000000010001101000100100010110000000010000000110000001000010001000000000000100100000100000000000100000000001010000000011000000101000010000000000000
0000000000100000000010010000000000001000000100000010000000101000000001000010000000000001000011010100001000000000011001000001100000000001000000000000000000010000000000000101010001001110000000000100010000000000101000000000000010001000001000001000011000
0010000000101000001000100001000001000000000000010100000000000000010000100000000010010010000000000010000000010000110000000100000000000100000001000000000000000000000010010000100000000000000110010000001000100000000000001010000110000000000000000000000000
0000000100100100000100001000110010000001010000000000001000010000010000100100000000000001000000000001000000000000001000010001000010010000000000000100000000100100010000000000000010000000100000000010000000100011000000000000000100000000001000100000010000
0011000000011110000001000010000000000001000010010100000000000000000000000100000001000010000000000010010000000001000000000100001000000000010001000000001000110000100000000000000000000000000000000000000000000101001100000001000010100101000001100010000110
1001100000100100010000000010000001101000001001000011010000000100000000001000000000000000000001000000001000001100000100101000000000000100000000100000000000000000000001110001001001100000000100010001100001100101000001100000010001000001010010010010000000
0100010100010100000001000100000000010000101001000000000000000000000000100001000000010000010000011000000100000000001000100010000010001110100000001000100000000000010000000000000010001000000010000000100110001000000000010100001011000000001000100000011000
0000000000000000000000000010000000000000010000011000000100001000000000110000000100000000001000100000000010000000010000000100010000000010000000000010010010100000000010100000000000000000111000000000000010000000000000000000000000010000010010010000101000
0000000000001000000000000000100100100000000110001000010100000100100001001000011000000000100000000000110000100010000000010000000000010010000000100010000000000000101110000000000101000000000000001000000000000110001000010000001000000000000000000010000010
0000000000000010000000000011100000101010000000001000000100001000010000000000000000000001100100000100000000010100000010000000000010001000000000000000010000000001000001100000000001000000001000000000010000001001010110100000001001010011100000000011000000
1101001011000000000001000000100000000000001000000000000000000100000000010000000000000000010000011000000000000000010001000001000100001000000000011000010000010001000000100000000000000000000000001000000010010100000010010001000111000000001010000000000000
1100000100000001010000000000000010000000000000010000000000000000110010100000000000000000000100000100000000100100110100000000000100000000000100000101000011000000000000100010000000101010000000100000010000001010000110000010000000001000001001000000000100
0101000001000000000100000001000000000000100011011010001110100000000000000001010001100000000000000100101111000010001010101000000000000000100100000000000000101000000000000000000000000100000010100000000000000000000000010100000000000000001010000100000000
1010001000000000000010000001010000000001001000001000000000001000001000000100000001000000000010101010000000001000010000000000100000100100010000000000000010000000000010100000101000000000100000000000001000101000010000000000110000000000000000001100000000
1010000000100000000001000000000000001000000010001011000000000000000100000000010000101000001000010000000000000001000110000000000010000100000010000100000100010100000110100100000100000010100000001010010000010000010000000000000010000100100100100100001000
0000000011000000000000010000101101001100110000100110100000000101010010000000010000000010000000001000000000000000001000000010000000000000010100000101010000000000000000000001101001000000000000000001000000100101100000001000101001011000000000100000010000
0010000000001000000000010000000001001000110000000010101000100000001100000000100000011000001000010001000000010100011000010000010000000001000000000100010000100000111000100000001001000001011000100000001000000000000000100100000010100000000000000001000000
0000000000000000000000001001000001000000010001100000001000001000100101100010000001010000000000000100101000000000000001000000000001000000000101000000000100000001000001001000000000000000100010000001100000000000010000000100100000000000000000000001100000
0010000100000010001001110000000010000100001100000000010010011001000000000000110000000100000011000110000000001001001000000001100110100000100000000010100001010000010111000000000010000101001000000010000100000000000000010000000000011000000000000000001001
0001000111000000100110000110000000000010000011000010000010000011000011000000001000000000010000010010000000100000000000101000001000000000000000000000000100000001011000000010000000011000000000000000000000000001000000000010000000110000000100000000000000
0100000000001000100000000001000000000010000010000010000001000000010011011000000000001000000000001011001101000000000000001011010100000000000110000010000001000000100000100000000000010000000110101000101000001001000000000100000100001000100001000011000000
0000001000000001100000000100000000100000010100001000000000001010001000000100100000001100100000000100000000000000000000000000001000001010000000000000010000011100110010010010000100000000001000000001000000000000000001000001000100010001000001000000000000
0000000000010010100001000000000000001000000000000111000000010010100000010100000000000010000010000000000000100010100000000010001000000000000000000000001000000000000000001000000100010001001001000000010000000000100001000000010100000000000001000010000100
0010101000000000010001000000010000000001010000000010000000001110010010001000100010000000000000000010010000000100001000000100000000000100000000000110000000010000000111001000000000000000100100100010000111101000010010000000000000000010001011000000000010
0000100000000000000001000000000011001000100000000000000100000000010100000000000000000011001000001000010001010010000000000100000001000000101000000001001000010000000000000000000100101110000010000000000100000000001000000000000100000010100010000100000000
0000000000010010000000110000000110000000101000010000000000000000000000000000000000001000000000001000000110000000000000110001001001000000001101010001001010000001101000100000000000000000000000000000000000000001000000000000000000000011000000000000000000
1010101101100001000000000000000000011000000100100010000010011000000000010001000100000010010000011000000000000000000000000001000010101000100000000100001000100000000001100001000000000000100101000000000001000010000000001000100000010000000001000000000000
0101011010000001000110010101100000000000011000000000000000010100000001000000000001000000100100100000000100000000100001000100000100000000000100001000000000000000001000000000000010000000100001100000000000100000110100000000000111000000000100000010110000
0000010001000010001001000001000110010000000010000100001100000000000011100000001000010010010000000000000000000000000000000000100100000010010001000000100001001100000000010000000010000010110110000000001000001100000000000001001010001000000000000000000001
0000011000100100000000000000001000001000000001000101000000110000000000011000100110000000000000000000000100000001000100001000000010000100000000010000000010001011000000011011000001000000000000001101000100000001001000010000011000000001000100001000000000
0000001001000000110000000000100000000000000000000000000000000010000100000000000000000001011010010001000010101001100000000100000000000100010110000010010000100000000000000100100000000001000000000000000000000000000010000000000010000010100000110000100000
0000000000000001001000010000000001100000000101001000000000000110000010000000000010000000000000000011000000000001000000001010000000101000000000010000000000100100000000011010100000001110000000010000010010000000001010000000000000001000000100100000000001
1000000000000000010000000000000000000001000010100000000000000000000000001000000000000010000000010000000000000010000000000000000100000100001000000101110010001010000000000100000000000110000000000000010010101010000000010001000000000000000000000000000000
0001100010000000001000000000000000000001101001001100001010010000000000100000000000010000000001000001000000000000001010001000000010110000000000000100001000000101000010000001000000000000000100001001000000100000000010001000010000010000001101000010000000
0000000000001001000011000001001010001110000001000100000110000100000000100011000010000000011000010000000001000000000001001000001100100010100000100011010000001011110101011000000100000000000000000001000000010000000101100111000000000100101000000000000001
0010001000100010001000000100000000000000000000000000000011000000010101000000100000000000000000001100001000000110000001000000111110010000000000010000000000000000001101010000000000100000000010000000001000110000000000100010000110000000010000000000000110
0001000000000001000000010001000000000000010001101001000000000000000001100000010010001000000000000000000000010100000011000000100010000000000001000100000001000000000000000100010001000010000010110000000000000000100000100010000000000000010000000000000001
1000101101000000100101100000000010000000000000000000000010000000000000000000000100000001011010001100010100000000001000000101010000011000000010000000001000010000000001101000001100100010000100010001000000000000000000000010001010000100000000010000010000
0001000000000000100000001101000010001000010000100110000010100110000000100110100000100101000000000000000000000100000000101110000000000000000000000001011000100000000010110001000000000111000110000001001000000000000000001000000001110001000000000001001000
0000000010000001100100100000000000101000000110000000000000000001000000000001000000000001000000000000011000000001000110100000101001000000010000000000000000000000000000000000000001000000001100000000000000000100000000010000000000010001000000000000000100
0000000001000000011000000000001000000010110000100000000001000000000000000100001100011010000010100000000000011100000000011000000100000010000100100010000000001000100000000000010000011000000000000001100010011000000000000000010010010000000000000000000100
0001100001000000001100100010001000000000000000001000000001000100001010011001100010000000000000000000000001010000000110000000000011010100100000000100000000000000001000100000000000000001001000010100000011000010000010010010000000000000011001101010000001
0010001000000010000010001000000001000000000000001000000000001000010000000000000001011110000001100100000000000000001100000010001010000000000000000000000001000000100000000001000000000000000010000000001010000000100001000010001101001000000011010000000001
0000100001100001101010000000100100101100000000000001100000001001000110000001000000001001010001101010010000001010000000100000010001000000000010110011001000000000000000000000000100000010100000100000001100000000000010000000000000000000100000100000000000
0000010001000000101000000000000000000000010000000001100000001000001100100000000000000000010000000000000100001010000001000000010000000100001000100000000000100010000000101000100000100010000010000010000000000000100000000001101000000000000000000101001010
0000110000000010100010000000000000000000100010000110000001000001001000000110001000000010000000000000001100000000001000100000000010000100000000001100000000000000001100000000001000000000010000000000000100000000010000111000010001001011000000000000000001
0000010000000010000000000001000000000010011000000000000000000000100010000000000000000000001000000000101100001101100001100111000001000000000000000100111000000000001001001000100000001001001000000000000100100000000000000000101010000100100000000000010000
1000101000101010000011000000010000010000101001101000100010000100000000000010010000000100100000000000000000001011000000000000100000000000000000000010000000001000000000010000001101100010010001000100110000101100010000000000011000000000001000000100110100
0000001000001000000010000011000000011000000100100100000000100100000010000000000000000100000001000000000010000101000100000000000000100000000100100001000000000010000000010000000000100000000000000000001000101110010100000010000000000000000100010000000000
0010010000000101100000000000010100000001001101100010000000100001000000010000011010100000100100000100011000011100000000100100010000000100000000100000000000010100100001010000000100000000110000000000000010100000100000101001000000000000001000010000001000
0000100000000000100001000000001000000000000000000100000010010100001000001000000000001101000000000000001000000010100000000000000000000000000101001000000000000000000000000000000001000001000001010000000000000000000000000000000000100010000000000000000000
0000000000000000000000000000000000000100000000100000000100000000000000001000000100001001000100010000000010101000000001000000000000000001001100000000000100000000001010000100010000000100011100000100000000000000000000000010010000001100000001000000000000
0100010010001000000001000001000010100001001100000000000000000010000000100100000000000001000000000000000100100000000001000001000011000000001010100000001000110000100100000001000010001000100011000010000001000000100000000000000001011010001001000000000000
1000000000000010000000000010000000001000100000000000000000000100000010010000100010010000000000000001000100001100010010000101001000000000000010000001000000110100000000000100000000000001011000100001001000000101000010000000000000000000000000100000100000
0010000000000100000100100101000000001000010000000001001000010000000000000001100010000000001000001010001010100000000001010100000010000011101001000000000010000000000011010100000011000000001100000000000111000010001000001000000000000001000000100010000000
0000000000010000000000000000001000000000010000000110000001101000000000100001000000010011001100000000000000000100000111010111000011000001000000001000010000000000000000100001100000000000000000010101000011000000000000001000000000000001000000000100001000
1000000000010000000010000111010000100000000000000000000001000100000000101100000000000000000000000011000010000001100000000000110010100101000010000110000100010000000000100000001100000011000000000000001000000010000010000101100010000100000000000010000010
0010010010000000000110000000000000000010000000000000000100000001000100000100001000000000000000000010000000000100000010000000010010000000000001010000100000001000000000000010010100001000001010001010110000000000100011000000100001000001100101111100100010
0010000000010001000100000001000000100001000000010001000000000000000000000000000000000000000000000100000000000000000100001001000100000010000000010000000001000000000010100000000001001101000001000100000000100100000010000010001000000010000010000001100100
0000000100010110000000101100000000010000000001000001000001000010000011000010001000010001000011000000000010100010000000000000011010000000011000000000000000000001000000100010000000000000000000000100000000000100010100000100000100001000100000001100001100
0000001000001110100000000001100000000000000000011100100100100000000000000101000000000100000001010000001110001000000000100110100010100000000000000101001000000000110000101000000000000000000000000000000100010000000100000001100000100001001000101000010001
0001010100000001000000010000010000110110000000100011000000110000000000000000000000000100000000100000001001010000010100000100000010000000000000000011000001000000000000000100011100000000001000000011000010010000000000000010110101000100000001000001010100
0001010000100000000000000001000100000001111100100000010000000000000000000000000001000100010000000000000000000000000000000010010010000000000000010000000001000010000000000000000100000001111000000001000000001010000000010000000100010001010010000000100010
0000100100000000000000100000000000001000000110000000001000000001000000000000011000110001100000001100000000010100000010000000000000000000010010000000000010010000001001000000000110000100000010000011100001001000100000000010000100000100100000000100000000
0001000100000000000110000000000001010000000010011010000000000000000000000000000000000000000110000000000000000000000000101001000010000001000000000000111010010000010000000000010000100000101000000000000000100010000000000010100000001000000001100001000010
1000001010000000000010010000010000000000000000000000000001000001010110010000010100010001000000011000000000000100001000001000000001000000000000001100110000000001000000000000000000001111000000000001000101000100000000000000000010100000000000100000000000
0000000000001000000000100100110100100100100000000100010001000100011000000011001010100000000000001010000100000000000000010000100000000000000000100000001001000000000010000000000000000010100000000110000000010010100000000000000000001100000000000010010010
0010000000000001001010000100010000000001011110000000010001100000000000000001000001000000000000010001000000000000001000000100000000000000100010010000000100001001001001011000000110000100000000000000000000000010001101100100000000000000000100001000000000
0000000010000000000000000100000010000101000000100000010000110001010000000000110010100000000000000010000001101001010010000100000010000100101000000011101000000000010100000000000000000000010000010001000000000001000000010010000001000100000000000000100001
0100000101000001000000101000100000000000100001100000000000000110010001000010000000010001110000000001010000001000000101010000000000000100000000000101010000000000000010000001000011101001000000100010100001000101000010000000001000100010001000001110000000
0001000010000000000000000000100000100000010001000001010000010000010000100000010011001100110000001010001000000010001001100000000100000100010100100101000100000000000011000000000110001000001000000000000101100000100100000001001000011000000000101100000101
0000000000000000000000000101000000011000000000110000000000100100000000010111000010000000000000000110101000010010000000100000100110101001000000000000000011110000100000100010000001010010110101001000000100000000001000000100000000000000000000000010000001
0100100010000100000000000000010000000000000000000000000000000000000010001000010000010100000100001000000000000001000010000000000100000110010000010000000001000100101000011000101010000000000000000000000100100010000000000000000000000000101000000000000001
0100100100001000000010010100001110000001101000000001000001000000100000010000110101000000001100001000100000000000001100000000100100000000000000000000100000000000010000101000000000100000110000000000010001000000000000000001010000001000000000000010000100
0010010010000110010000000000100000010010000100010000000010000100000101111000000000001001000000000010000000000000000001010000000100100010010000000001010011000010000100000000000000000010101000000000001000010100100000000110000000000011000000000000100100
0000100010001000100000000010000000001001000010000110000000010000000100000001000001000000100000000000010100000000000000000000000000010000100010000000010001100000000010000100000000000000000000000010001000000000010101000010000000010000000000000000100000
0000010100000001000000011100110010000001100000001100010001000000000101000111100000000000000000010000100000010000010001000100000001110010000100001000000000010010100100000000000010000000000000000000000000001000000000000000001000001000000011010000001000
0001000000100100100010100000000000000101000001000000110110000000000000110000000000000001010010001010010001000011100011100010000000011000001010000100000000111011101000000100110010000000111000000110100000000100000000000000011001000000010100000001000100
0101000010001010011000001000000000000000100000001000010000000000000000000000111001010000010000000010000010000000000000000000000010000010001000100000000000001100001001010001000000000000001000000000000000000001001001000001001000000000000000000001001001
0000000000001101001000000000100000001001000111001000000000000100000010000011000000000000010000101000001001010000000100100000000000000010011100010000000000100000001100000000000000000000000000100100000000000000100000000010100001000000011000000000000000
0010000000000010000001000100000100000100000100000000110000010000011000000100100010011000000000000000010010000100000000000000101111001010010000000000000000010000100000000000000001001000010001000000000001001000001000111001000000100010100000100001000100
0000100110101000100000000010000000010100000010001000000000010000110100000001000010000000000010000101000101000000110010010011010010001000000001100011110001001000000001000010000000001100000000001000000000000010010000000000000010000000000010100100100011
0001010000000000101000000100001000001000000001000000010000011110000000000001000000000000000000001000001001000000000010001010010000000001100010001000100000000100001000100110000000000001000001000000000000001110000110001001000000011001001000000001000000
0000000000100000000000000100000000001001000000000000000000010001000110000000000000000011000000100000011000000000000100000100001000010010001010000000000010000000000000000010100101000000000010000000000000110000000000000000000110000000000000100101000011
0010000100001010000000000001010000001001011000000000000000010000000000001010011001000010000000110000100000000000000010110000001000010101110000101000000101000001000000000000010100000100100000000000000100001001000100100000000000000000000000110010100000
0000000000100001000001000000000011000100010000011000010010010000010000000000100001000000000000000000100100000010000010000000000001000001100000000000100000000000000000011011001100010100001100100110001000000000000000000001000000000000010010011010000010
0000000001000011000010001000011100000000010000000010000000000000000001100000000010010010000000000100000000100000000010000010000000000000000001000000110110000100000010001000110000100000100000000010010000010000001001001000000100001000100000000000000100
0000100001000100100001001001100010000000110001100010000000000010000000000000000000010010000100000000000000001000010000010010000000000010001001000010000100000001000001000000000001000000000100001010010001001000000001000010000001010000000000000010000001
0100000010110000000000000100000000000000000001000000100100110010000000010000000000001000000000010000010010100000000010000010110011000000010000000110000000001000001000000000110010000000000000001000100000001001000000001100010001001000010101000001000100
0000011000000101001000000000010100000001100011000000001000001000000011000000000000011001000001010000001000000000000010100000000001000000001010000100000000000011010001111001100000000000000000000001000000000000000101001001000000000000100100000011000000
0000000101000000100000000000000000000001000010000010010100001100011000000001000000010010000000000001000000000000001100100100001010010000101000011000000000110000100000000110000000000001100000010000010000000000010001000000000000000000001000000000010000
0010000000100000100000000110100000100000000000000010000000010110000100000100000000000000100000100000000000000000000010100000000100000001010010010001000110000010000000000000010000001110101000001010100010000000000000000100000100010000000100000000010010
0000000000000010000000001000000100001000000000000000010000000000000000001000000000100000000000011000000000000000000000000000000010000000000000000000000000100000101000111100010000000101000000000000000000010000000000000000000100100100100000000110001100
1000001000001001010001001000000001000000000000010000010000100000000001000000000010000000000000000010010110000000010000100000000000000100110000000000001000110000100010001000000010000101001100010000000000010000100000001001110100000001000010000000100000
0000000000100000100001000001011000000000000000000100000000000000010000000000000000100000000100000000001000011000001000000000001100001000000000100101000010000110100010000000010100001110000000010000000000000000010001010000000000100011011100011000000000
0000010000000001001000000000000010000101000100100010000100000010000000001000010110000110000000000100000001000001001000000000000010000000001100010000000100100100000100000000001000010100001100000000000000000001000000000000000000000010000000000001000000
0010000010000010100000010000000011001000000000000010000100001000000010000101000000101010010000010010000000100000000000001110000010001000101000010010110000010000100000000100001000100110010000000001000000100100000000000000010011000000010000010100010000
0000000001000001001000010100010000000000001101001110000000000000001000010000000000000000001000000000000100000000000000000000001000000000010000000000000000000000000000001000010001100000000010100101000000000000000000100000000000000001000000100010000000
0100000010000000000000100100000000000100110010011001000000000000001000011000000001000000000010001010000001010000000000010100001100000100010000000001000010000000001000000001000001000000000010010000000010010011001100000001000001100001010100000000000010
0000010010000010000000000000101001010000010000100001001001001000010000011000000000110001001000001010000000000000001001000100000000000000000010100000000000000000000000000000001010000000001101010000100100000110100100000000000000000000000010000000010000
0010000100000000000000000000101000010100110000001000000100001000000111001110000100000000000000000001111000100000000001000000000001000100100100000000000000100001000001000100000000010000000001100000101010000000000010000000000000000000001001000000000000
0100010010110000000001010000101000010100000000000000010010000000000000001001000000000001001000000000000000000101000000000000000100111010000000100000000000010010010000000000000000000010010100000010000000000001000001000101100100000000000100110000011000
0000000101000000010000000000010000000000000000010100001000001000001000000000000000000100000001001001100000000000100000000100100110000100100010000001000000001000000000000000000000000010010100001000000000000010000000011000100000011000000000000001010000
0100000000000100000000001110000000000100000000000001001000000110000100000010000001100010100000001000010100000001010010001001001000000000000001000010000100101100000000000000000101010000101000000010000000000110000010000100010100000011000010000010000010
0000001000000000010000000000001000000000000000100001000010000011000000000000000000010010001000001000000000000000100000000010001100000000110000000000000010000001000000000000000100000101000000000001011001000001000000000000001000010001010010100001000100
0100001000000100100000010001010000010000000100000000000000000001100000001000100000011000010000000000000101000000000001000000000001110000100000010000000000001010001000011000000000000000000010001000000000100000000000011101000001001010001000000101000001
0000001011100000110000000010000010001000100000001000000010000000001000100110010101000100000001000000000000000000000100010000000100000011001000000010101011000000010010100000100010001000000001000000000100000000000011000011000000100010000010001000000000
0000000110000000000000001000100001100000000001000110000000000001000000000000000000110001100000011000000000000000100101010000110001010010000100001110010000000000011001000010000000000000100001100110011000001000100010010001000000000000000000000100010010
160 35
175 25
