250 250
0000000000100000000100000000000000010000001000010010010001000100000000000000010000010000000000000000000001010000001100000010000000000000011000001100010110000000001000000100000000010100000000001000010100110000000000100000100001001000000001111000001001
0000000000010000100100000100001101100000010100001000000000110000000101000000000001000011000010000000100000000000011000000010000000010000100100101100101100000010000000000100010000011000000000100010000000000001001100001000000010000010000000000000000010
1000010000000000000001000000011000100000000000000000000001000011000001000000001100100100001100000000010000000000000010000100101000000000100010001000001100000010000000000100000010000110001001000010001000000000000010000000011000011000010010000001000000
0000000100000000100001010000100001000010000011000000100001010000110000001011000000000000001000000000000000010001001100000010000001000010000100001010000000000000000000110000000000100010000001001000000001000000000000000000000101001010000000000000100001
0001100000100100000000000010100010001100011010100100000001000000001000001000000000000000000000100000000000000110001001000001000000000001000001000100001001000000001000001010000000000000000000000010000000000100100101001000000000000000010001001000000000
0000010000000000000000000000000000100000100000000010000100001000010001000001000000000000000000000000000000010100100000001000010010000000100000100001010000000000000101000000000010000000100010000000011000010000000000011000000101000010000100000001001001
0001000100000000110110000000000000000100000010000000001001001000000100000010100000100000001100000100000100100100000000000000000000010000011001000000001000111000100000000000000000000011000001000001000000100000001001000000000011000000000000100000000000
0010000000100000000000000010000101000010010000000001000000110000000000000100000000010000100001100001010010000010000000000100000000000100100100010001100000010000001000000000010000000100000000001000000100000000000000111010110000010010001011000000010000
0010000000000000001000001000000001001100110001001000010000000100000000001100001110000000001000000001000010001000000100100000001000000001001000000001100000000000100000001000100010000001000000000000000001011010010000001100011000101000000101110011100000
0010000001000100000000000100000000001100000100011000000000000010000000001100000000100000000000000000000000000001100000001000000000000001100000000000000010001000000000000000000000000010100000110001000000010000100000000000000000000010000000000000000000
1000011010000010010000100000000000100000010000000000100000000000000010000001000010000000110000000001000001001000001000001000000000010100000000010000000111000001101000000000000101101010000000101010000000001000000010000000001010001000010000000000000001
0000000000001001000000000000000111000000000001010000001000000010000000001010000101000000001000000000100101010000101000000000010000110000001000001000000000001000100000000010010000010100000000000100000000000000000010100100100000001110000010010100000000
0000000100000000000001100000000010100000000100000000100010000101110001000000000001000000001000001000000001001000000010000000000100001110000000100000010000001010010000001010110010000000010100010000000000110100000000000100000000000100000000001010001011
0000000010000000010000000101000100100011010000000010000010000000000000000000010101000010001100001010000000001100001000101000100001000000001000000100000000000000000001100000000000100010001000110000000000001100000110001000000000000000000000010001100000
1000010001000100000000000000010100001000101100100010100000000000000010000000000000000100000000001010001000000001010001001000100010001000000000001000010000011000010000000000010001010100000000010000000000001010000010001000000100110111000010100000000000
0001000001000000000000000000000110000010000000010001000110000000000000000000010000000110001001000000000000000000000001000000001100000000000100011000001000010000000001101000010100000100000010000101001000000000000010000001000000101011000000010100001110
0000000000000000000001100001000010000100100000000001000101001000000000000100000000110010100000000100010000000010001000000000001000000000000010000000010000000000000010100100000000001000001000010001000000000001100000001000000010000010000000000000010010
0110000001100000000100001000000000000000100000001000000000010001001000000000001100000010001000010000001000000000000000000000000100011010001100000010001001000100001000001000101010101000000000001000000000010000000000110000000000000000000010000000101001
0000010100000000000010110000000000010001000001000100100000000000001100000110100000000000000100100000001100000100100010010001000000100100011000001000000000000000000000000000100000000001000000000001010000000000010000000010001001010000100011000000100000
1100000000001001001010000000000000000000001000001000100000010011001100000000000100100000000000001010000110000001000000010010000001101000000000000100100000100000010011000000000001100000010000010000000100000000000000000000000001000000100010000101001000
0001000000000000000000000000000000000000100000000000000000010000000011000010000000000000100000001000010000101000001010000000000000000000100000010001000001101000000101010000000000000000000000000000000001100000000100000000000000000010000000110000100010
0000000101100000001010010000000000000001000000000000010000001001000000010000000000100000000010100000000011000000100000010000000000110000100000000000110010001000101110000000000000000000001010010000000000101000000000000000000110010101000000011001000100
0000000010010000000000011000000000000000000100100010010011000000100100000000000000000000100000000000110000000000000000000110000010000000000000000101100000100000110001001000000000000001000000000000000000000000000000110110100000010100010010000000000000
0000000001000011000000000000000000000000000001001000000100000000000010110000000010100000000110000001000001000000001000000000100001000001111000000100000000000000000000010000000000100001010010000010000000000101001000010000000001001001000000001000000000
0000100000000000001001000000000110001100001000100000001000000010100001011010000010001010000100011000100000001000000000000010000001000001001100000010000010000000000000010000100100000000000001000000001000011000000100000000100000000010011000000000000000
0000000110000000001110011000000010000100001001100010010001000000001010000101000000000000000000001000000111000001000100000100011010010000001000010000000000010010000100000000001001010000000001000000101101000010000100000001101110001000001011000000000000
0100000000010000000100000000000001000000001000000000101001000000000000000010000100000001000000000010000000000000000000100000100001000000100010000100100000000100000100101001100000000010000000000000000000000000000000001000000000001000000010010000001001
0000000000001010000000000100000000000000001000000000000100011001110000000000000100000001010001000000001101001000000010010000001110110000000000000000000001000010000010010000100011000000000000000100000000001100000000000100000000000100000101000000000100
0001000001100000100011101001000010000000000000000001010101000000000010000010000000001000000000000000000000010010000000000000011000000100010000000000000000000000000000010100000000100010000000000000000010001100001000010000100100000100101001000100000100
0000010000000000001100101000000010001001001000000000010000000000000010100110000000100100000000101000000000000001001000001000000000100000100000000101000100011000010000101001000000100000000100011000000000000000000001000000000000000000100000001010110100
0000001000001000000000000000000100010000000000000001000010100000000000000000000101000100001000100001000000001000000100001000110010100000000100000000100000100100000100000000010011001000000000001100011010110100010001000000010000100000000000001101000000
0000000000000000000000000100010101000000010001000000000000000011100000000000100010000000000100001001000101100100110000000000000100001000000110000100000001001000000100000100000100000000000000101000000000000000000000000001000010001000100100001101000000
0100000010000000001000000000000000000000000100000000010100001001010100000100001010001010000100000010001000000101000001000000000000000100000001000000100100000000000010100000000100001010000000000000010010000010000000000000001000001010100000000000000000
0000100000010000000000000000000000000010000000001000010000000000001100001100000000000000000000110000000000000000000000100101111000000000010000101000000000101001000001010000001000000000000000000000010000001000000110000000100000101101000000100001001010
0000000010000000000000100011000000000000001000001100000000001000000000000001001001010001000000000000001100100000000000001100100001001000010011001000001010011000000000000010000000000010000000000000010000000000000100001101010001000000010010000000000100
0111000000000010000011100000100001100000000000000000000000000000101001000000000000010000101001010000000000110000100000000001000010010110100000001000000001000101000100010000000100100000000000000000000010000000000100010000000000000010000000000000000000
0101000000000000110000010000011010000000100101100100000000000000000000001000000101000000000010000001000000100000000000001010000101010000010100000001000100000001011000100000000011000110000100000100011000000010000000100000000010000010000100000010000000
1100000000100010000101000010011000001001000000000100000000010110000000011000000000011010000000000100010000110001001000000010000000010101000010010100000001010001001000000000000011000000000100010000100000010000100001010000000001000000100000000000000000
0001100100000010101001001000000000000100100000100010000000000001000110000000000010001000110000000100000010100010000011001000000010000100100011000000001000111000000000000000010100001000011000000100000100000001010001000101010010010001011000000000100000
0010001000001000000000001001000000001000100000001001000010000000010000100100000000000110100001100000001000101000000001110110000000000000000000010001100001001100000000000100000000000100010000000110000100100000000000000010100100010000001000000000010000
0000001100101000000000000000000000010000100000000000010000000100010100000001001000000100000000000001000010001000101000000001000000100000000000001000000001000000001000001010000000010000000010100000000101000000000000000001100000001000001010010001001100
0100000000000000000000001000000110000110000011000000000010001000010000000011000010000011000010000101100010010010000000000000010100001100000000000101001001000000000000000000010000010000000000100000000010000000000000000110000000000001000000000100000100
0001111000000011000111000000000000000000000001100000010000000001000000000000010100110000100000000101000000100000000000000001010000100000000000000011000000100100001000000000101100100000000001010000010000000001000100001001001000010000000101000010000001
0000000000010000000100000000001000000000000000011000110000000000000000000000000001000000000000000000100001000110000000000100100000001000000010001010001100000000001000101000100000000001000000001010000000100001000001010000000000000100000000000000010010
1100000000110000001010000001000000001011100000010000000010010000001000001000000000001000000000000000000001001000000000100000000100000010000000010000000100100001000000000000010000000000000100010111000000000100000001000001000000000000011011011001100100
0000110000001000000000000100000000000011011000111000000010001010000000100000000000000000001000000000000001001010000001010001000100000000000000000100100000010000000000000000000011100001000100000100000001000010000011000000000000000000011000000000111001
0010000101000000000010110000010010100010000100100000101010000000100000010000110000001000000000000110000100000000000000010000010100001000000000000010001000001010011000000001010000000001000001001000010000000000000000001000010000000000000000010100000000
0000000000001001000000100001110000010000000000000000000010000000001000010000000000001000000000000000000010100001000101100010000000010000000010100000000000000000100000000011100000000000010100001000000000000000010100000000000110000000000000001000000000
0000100001000000000000000011000000001000100000100110010010010000100000000000100000100000000000000010000100011100010000010100000000100010110100101000101000000000001001010110010010000000010000100010000001000000000100000010000000000010000000000000110010
0100000001010100000000000001001010000010000010001101100000000000000000000100000000000100000100000000000000000100001000011000000000010010000000001000000100100000000100000000100100011001000000000000100001000001100000000000111001000010101000000101000010
0000010100100000000000010001010011000000001000000010100000000000000000110001010000011000111010100100010100000001000110100101000001001100000001000000110000100001000000000000000100001000000000001010000000010100100000000000000000100110000100000100000110
0010100110101000000000000001000000111100100000100100100000000000000100000000000000001111000001000000010000011000000100010000000100000000001000000000001100000100001000100000001000000000001000010000000000100000000000001000000000000010000000000000101100
0000000000000000100000000000000001001000110000010001000000000000000000000000000000011000000000000000000000100001101001001000011000000000000000000000010100001100011000100000000000000111000000000000000110101010000010100100000010000000000000100100000000
1000000000000000000001010000000000000101100000000010000001010000000100000010000000000000010100000000000000010000100010000000010000000100000000100000000010000100000100000000000000000000000000010010001000100100000010001000010100000000010000100000011001
0010000000011100000100000000001000000110000100000000000000100110000000000100011100000101000100000000100000000000000001000000000000000100000000001000000001000000000100000000100001000000000000000010001000000000000000001001001101000001000000100100000011
0000000000001001000000010010000000000000010000100000010000000001010100010100000110001000010000000100010001000010000000000101010001000000000000001000000000000000001000000000100000000000000100111010000100100000100000000100100000000000010101000000000000
0000000100010010000100000100010001000100010001100001010110001000100000000100000000000001000000000001000000010000010100000100011011000010010000010000100000000000000000000000010000010000010000100000000001000100000111110001100001001001001010000000000000
1001000000000001000100011100000000001010000001000000000000101000000000000000010000100000000000000001100000000000000000110000100000001000000000000110001000000000100000001000100000000000100000010010000110000000011001000000010000100000000100101001100000
0000000001001000001101010000000100100001000000010000100000000000000000100101001000000000000100000100001010000000001011001001000010110000000000000000100000000000000000000010100000110001101101000000000000000000000000100000100000011001000000000001010000
0000000001000000000000000011000000011000011001110100000000010010001100010000001010000100001001000001010000000000000010000000001000000101000000000100000001000010000010010101100100010011000010100000000000010010000000010100101000000010000010000000001000
0000100000000000000100000000001000100100100000100000000000000000000100010000010000100000000000000000000000000001000001001001000101000000100000000000111011001001000000010000000100001000100000010001000001001000010000000100001011000001000000000000000000
0000000000000000110000010000010000001001000100010000101100000000000000000000000000001000000000000000000000000000100000001000000000100000001000000001000000000000000001000001000011000001000000001101010001000011000001000001001000100000000000000000000010
0000011001110011010110100000000000111000001000000011001000000000010000000000000100110000000000100000100000000000000010000100000000001100100010100001100000000000000100100000000000010000000001001000000000010011001000000000000011000000000000001000000100
0000001001110100100000000000010011100000000000000000001000000011001000010000001010100000010000000010000000100000000000000010000000000000010010000001000000000010001000000000011000000100000000000000001001000001010100000000100011100000000000000010000100
0000010000001010000000011100000010000000000000001000000010001000000000000000000001000101000010001000000010000000000000000000010100000000010111001000000000011010100001100000100100100001001001000000110000001100010001000000010000000000111000000100000000
0000000000001000000001100010000010010000000001000000001010100000000000000000001100000000001000001000000000010000100000000110000001000010000100000000000010001010001000000000010000001010000001000000000011000000000000010100000000001000000000101000000000
0100100000001000000000000001000000000000000001001100000000100100101000000000001000000010000000001010100000000000001000010000100100010000000000000001000000000000000110000000000000001010000001000000001000010010100000000000000100000000000000100000000011
0000000000000100100000000000000010000010111000000100000001000000000100010000000000111100000000000000100000000100001010000010100010001010000101010000110010000000000000000000000000000000000000001000001000001000000000001000000000000000001000000010000000
0100000100000100000000001000101010000000000010001000000010000100011100000000000100011110000000000000000000001000101000000000001000000000010000000000000000000000001000100001000001000001000000000000001000000001010101111000010000011000000100000100001110
0100100010000000000000000000000000010000000100000010000000000001000000001001000001110000100001000000000011010000001000010000000000001110010000000010000000000110101010000000000000000001000000000101110000010010001100100000000000101100000110000111010000
1100100100000110000000000000000000000011000010001001001000001000100000000000000000010000001100000000000000000001101100000000000000000000000010000110000000000100000000011001000001100000100000100100000100000101100000000100000000001000000000000000100000
0000001000100000000000011000000000000010000000000100000001001000011000000000010101001000000001100000000000000000000000000100000010110001010010000000000011000010010000000000000000010010110000000000000000000100000000000000100000100000000010000000000000
0000010000100010000100000100000100001011110000000000000010000000000001000010000000000000000010000000000000000001000000000000101000000010000000000000000100100000000100000100001000000001110000110010001000100100100011001000000010101001100001100000001010
0000000100010011000000000000000000010100000000000010000000001000000000000000000001010000011001000010000000000100001100000000100000110000010010100100000010000000000000000010110100001000100110000000000000000001110101000000000100000000000010000000010010
0010001000001000100001000000000100000001000100000010001010000010000100001010001000010000110011000000100000000010010100011100100001000100100000000000000010000101000000011000001000001000100000001000100110000000000000010001010000000000000000000001000000
0000110100000010010011010000110000100100000100000000000000100010000001011000010000100111000000001000000000000000000100100010000100000000000101001000111000000000100000000010000000000010000000000000000000000010000101000001000011000000000000100000000100
0011000000000000000000001000000000000000000000100000110100000000000000001000001000110010001000000000100000000000000000000000000000000000100001001010000000001000100001000000000000000100000000000001000000100100000101010000100011100000010001010010000000
0000010010000000100011010010000000001000000001001001110000100001000000000000000000000000000000100000000011010100000000110000000000000010000000000011000000010101000000000000001001000100011100000000000000000000000000000000101000101110000001000000000000
0110010000000010000000000000000000000000010000000000000100100000010000001000000001100000000000001010100010000010000000000000000010001000010100000100100110000000000010000100000011000000000000000100100101100100000010000100101010000000010000100010100000
0000000101000001000001011000110000000000001000000000000000101000000000001010010001000010011000110000000000010000000000000000101010000010000000000000010000000110010011100000000000000000000000100010010000000000000000100000110100000001000100000100000000
0000110000000100000000000000000110000100010001001000010000000000100010100000000000001000000010000100010000000001000100110000010000001000010101000001000000000000101000000100000000000010000110000100000000100000001001000000000100010001010000100000100101
0001001000000001001000100100100000000001110000000001000000101010010000000100100001000010000000010000000000000101000000000010000010000001000000000000000001000000000100000000000000100000011010000000000000000000000000000010100000100101000000001000001100
1000001010000000100101001000000010100000000001000000000010011000000100010000100010010000100001000100000000000110010000100001000010000000000000111000100010000000011100000010000000001000000000001100100110010001001010010000000000000001011001000000100000
0000000010100000001001000001000000010000001000010100010010000000000000010010001000000000000001010000000001110000000000000000000000000000000101000000110000000010000000010101000000100000000000000000010000000010010010000010010000010000000001000000000100
0010001010000101110000000000101001011000010000100000010000010000000000000010000000100010000001000100000001001000010000000000010000001000000000010010000000110100110000100000101000100000000000100000000000001000011100010000000101000011000000000000001000
0000000000000000000001000000000000001000000100010100010100010000000000000000010000010000000001000000000000000100000001100000001100000000100000101001000101011101000001001000010000001010000000000000010000001001001000000000000000000100000000000000000000
0000100000000000001010001100000000000011010000000000000001100010000001000000001000000000010110000000000010011000010000000000010110100010000001100000000000000000001001000000110000010000000000110100001001000000100010000011010001011100010000000000010000
0000000000000100000000000000000000100011000000000100000000000000100001010001000100000100000000000000000000001010000000000010000000001001100001000000000001001110000001000001000000100001010000000000101001001001100010100000000000000100000010001010000010
0000000000100001001001000000000100100000010000000010000000000000000000100100000000010010100000001000000101000001000000001000000001101000000000000000010101000000000000110001011000000000001000110010011000100011000000000010110001010000001000000000010010
0000011000100010000000010000000000100000010001000110101110100000010100000000100000100000000000000010001000010101000000000000000000010100001000000000000110000001000110000000100001001000001000000100000000000101000100100010000000000000000000100100000010
0000001010010010000000001010100100000010000000000000000000001000100010001000000000000100000000010000000000101000000000000000000000010111000000010000100100000000000000000100001000000000100000001100000110000000001010000000000100100000000000001010000100
0001000001001100000000000000000000000100000000100011000000000110000000000000000100000011010000011000100000000000101000000000001001000000000001001010000011000000001000000010000000000000000010000000000000010000000000100001000000000000000000001000100000
0010000000000000000000000100010000000000000010000000100000000100000100000000001010100000001010000000000000100000000010000000100000000100010000000000000000000001000110010010001000000000000000011000000000001100001001000000000000100000000100000100001000
0000000000000000001000000000000100000000001000000001001000000000000010000001000000100100001100101000100000100100000000000000101000100000000001100000100000110011000010000000100000000000000000001100000000000010010000011010010000010000000001000001000110
1000001001000001000000010000000011001001001001100000000010000000100000010000100000000110000000000000000111010100000000001011001110000001001010000000100000010000010010000010000000101010000000001100000000000100001001000000000000000100000000000000001100
1100100000000000000001001000000000000001000000000000010000000001000100110000000100001000000000000000000000000000000000000100000100000010100000000000001110011000000010100010000100100001100000000000010000000000001100000000100000000001101100001001110010
1100110000100000100000000000000011000000011001010100000000000100000011011010000000000100000000101001000000100100000000101100000010000000000110010000100000001010000000001100001000100000100000000000000100010000000000110000100000000001000000000000000000
0000000001000001000000000000001010000000000000010101010000110000000000000000010000000000000001000100001001010010001001010100000010000000100010000000000000100000000000000000000000000000000100000110001000000000010000000000010000000000000010001100001000
1000000000000100001000100000000100000001000000101000000000010010010001010000010100000000000110000100001000000000000000000000100000000001000000000001000000100000000010000000000000000001000000000010000001001000000001000000000100000000100001011000000000
0000100000000000000000000000000000000010001000000001001000000011010000010001100000000000001000000101010000000000000001000010000000000000000000000000000100000000000000000000000100100000000000000000000000000000000100000010000100001100000101000010010000
0000000101010000001000000000000000011000000000001000010100000100100001000110001001100000000000100000000000000001000100000000000100000000000000000100000100100000010100000010001001000000100001000000000011001100001110000001100000010000010000000000001001
1001001000000101010010000011001000000000000010000001001001100000000000100000000001000000010000100000010100010000010100100011000010010000000000000100000000000000010001000001100000000000010000000000000000000000000000000000000000010100001000100011010000
0100000001000010000000100000000000000001010001000000010000000010000000000000000100000100000000000000000000101110100001000000100001000000000000010001000001100011000001010000010010000101001000000000000000000000010000000010001000000000000110000001000000
0011000000000100000010010000000000000000000000000001010001000100000001011010000000000000000000100001000100001100000000001000000000000000000000000010000001010000000000000000000010000011000000110000000000000000010000100000010010000000100000000100000000
0100100010000000100000000000001101100100100100001000000000000000110000010000000100010000100010100010001000010000000100000000011000000000001000000010000000100000000100000000000000001100000100000100101000000000000000000000001000110000010000000010000000
0000001100001000000000010000000010000000000001101000001001101100000000010000001100000000100101001000100000100010001000100000000011000000010000010010000100000010000000001000000010001010000000011000000001000000000000001000000000001000000000000100010010
0011010110000010100110000010000001010010000001100100001000000000010000000010010001000000001100000000000100001100010000000000000000101011000010000001100011000000000000110000000000000001000000000000010000111100000010000000000100101001010100100000001000
1000001000001110010010000000000000000000000000000010000000000000000010000000011000001000000000000010000101000100010000001101000001001000000000000000100001001000001000000001001000000000000111000010000000010000001011000000101000100000000000000100000000
0010010110010001000101101000100000000000000000001001010000000000010000000100000011000000000000000000000000100010000000100110000010000010001000000000000000000010000100001100000001000001000000000000000010000000000000010001000100100001000001100000000000
1000011000000010000000000000000000010011100010010000001011000010000100000000001000000100000001000001100001101000100000000000100101000000100000000000000000000000000000010100000000000000000000000000100000000010010000000000010000000100000010010010001100
0011000000100000001000100100000000010000100100000000000000000000100000000010100010001011000001001001000010000000100010010000000000000000000011001000000000100100000010100110100010000001000000000001100000110010000001110000000100000000011000010010000000
1010000100100101000000000000010010001000100000000000000000000010000000000000000100000000000000100100000010001000000001000010100000000000000000100000010000001000000000000000000000010000000000010100001010001000000000000000000000000000000010000000000000
0001001000010000010110110000000000000000000010000000000000010000000001010010000010010000000000000000100000100000000011000100000000000001000100100011000000000000001000000000100000011010000010000000010000000100000000000000000010000000001010000000010001
0000010000000001100100100000000000000010100000010000000000000000000001001000000001000000011000000000011001000000010000000000001000000000000000000001000000010000000100010000000000000100001000000000101010010000000000001011100010001110000000000000011011
0000010000000010000000000100101000000001000000010010000000000000000001001001000011100001000001000001000100000000101001000100000000000100000000000010000000000101010010001010011001100000000000101100000000001011000010000000000000000000000000000000000110
0000100000000000000000000000000000010000010000000010010000100001000000010010001010001100000000000000010110000010100110000000000100100010010000000100000100000000000100001000010010000001000000100000010100000000000000001100100010001001000000001000000100
1000000010100000100000010000101110000010000000000000000000000000000010010001000001101001000000001010000000100000100010000100000000000010100000000100000100000000000110011100000000001010000000000100001000000001000000000001111000000000000000000010110001
0000000010000000100000100000000000000000000110110110000011010000100000100000000000000000000000000000100000100010010100000000000010000000000000000000010011000000000000000000000001000000001000100000001000000000000100000000000100000000000001000000110000
0000100000011010000100100001000000001000000000001001000000000000000000000010010010000000010000100010001000100000010000000010001000000101000001100011000000000000001000000000000000000000000000000000001000001000000100000001100010000000000011000010100001
0100000000000100100000000110001010011010110000000000100000000000010000001000000000010000000000010000000000100010010000000101000000001100001000010001000010000110000100100100001000000000000010000000110010000010000100000000000000010010000010100001010000
1000100000000000011000000000000110000100000000010010100100100110000010000000000000000001011000010110000000000010000001000000000100000000000000000100100000000001000010010000000001000000000000000000010000000001000001001010000000000000010000011000000000
0000100010000000010100000000000010000100000000001001110000000000001000000001110001000100000000000000001000010000011010000010000000000100010001001000001000010000010000100101001100000000000101000000000000001100000000000010100000000000000000000011010100
0000000000011010010000001110000001000010000000000000000000000000000000010101000010010010100100000000001000000011000000001000000100000000000000000000000000001000000010001000000001010000000000010100000000100000000000101000000001000010000110010100000001
0000000100000010000001000010000010010100000100000000000000000000000000000000010000100100100000000000000000000100000000000000101000000010000000001000000000010000000100100000001000000000000000000010001000000000000000000000001010010010000000000000010010
0100000000000000100010000100000000000000000000000000000000101000000101000000001000010000001000100010000000011000000000001101100000001100000000010000000010000000011000101101001000000000000000000000000000010000001001101000101010000000000001000100010000
0000010000001000100000000010010000000001000000000000000100000000000000001000100000100000000000000100000010010001000100000000011010000010010000000000001100000101100000010000000100000010000001100000000000000000010000110010000000100000001010000000110010
0000000100100000101011010000000000100000000010000000000000001001100000100000000010000000000101000001000000110000000010001000100000000000101011000100000000011001000000000000000000010000000010000000010000000000000000000000000010000010010010000001000000
0100000000000000000011001000001000010000010000101000000000010000100000010000001100000010001000000000000000000010000001101110001100000000010000010000000000001000000010000000001000010000100000000000001001010000011000000100000000000000100000000011000100
0100010001000000010001000100000000010000000100000100010010100000001100000000000001100000000100010000000000000110100010000010000010100000000010000000000000000000011000001010000000000000000000100100010010110000101000101000100001000000000011000100001000
0000000100000100000100000000000000000000110000000000000000000010000000001000100100000001000010000000000000100000000000100100001000000001001000010000010001000000000100000100011010010000000000100000000000000010000011000000000100000010001000000100100000
0000000010000001000100000000000101000010110000000000000000010000000000100000001000100000001000100000000000101100111000000000010001010000010111000000000100000000000000000010100010001000000000000001000100000010001011000000101001000000001000100010000100
0000100000100000000001010010000000001000000000000100010011000000000010100100000000000000000000000100000100010000000000001000000000001000000001000011000000001000000001001000000000100000000001000000000010111000000000000001100001101000000100000000000010
1000000100000010101000000000000101010011000000000000001000100000100000110000000000100101000110010000010010000100011000000000100010000000000100000001010000100000000000000000000000000000100000000000110010000100000000000110000000001010000000000000001010
0000000001000000000001100010000000010000000000000100001000000100000000000010000010000100000000000001000010000001001010000000010110000000011001001000000000010000100001000100010010000000000010000000010000100000000000000000000000000000101000010000000000
1000010100000100010001000001001100010000000001001000000000111000001010001000010000001000010000000000000001000000100001100000001000100010001010010000000000010000010100000000000000010000000001010000101010011010000110010000001110010000000000001000100101
0100010100000000100000000010000011000000000000000000100100000101010000000000000000000000000000000100100100001000000000001000000000001101010000000000100000000000110001000000000000100100000000000000000010000000000010001000000000001000001001000000000001
1100001011001000000000101001000100000000000000000000001000000000000010000000000000000100000110000000000100000110000000001000000000100010100001000000100000010101110000000000010000000000000100101001000000001010000000000001110010010000000001000000000000
0000000001000010000000011100000001011010000100100010000000000000000000000011000000000000000000000000000100000000010000000001000000000010010000000011100000000010000010000001000000010100000000100101000101000010101000101000100000100100111000000000000000
0000000000000000000101000000000000000100000000000010000010111001000000000101001000000000010000000010000010000000000010010000100000000000010000000000000000101000000000000001000000100000110000000010100011000000000001000100000000100000000000000000000001
0000000100000001000000000000001000010000010001010000000010100001000010000010001000000110000010000100110000101000100001000010000010110110001000000101011010000110000010001000000010010000000000000010000000000001010000000110000000001000100000000000000101
0000000000000010011000000001100001001000000000000000000000000000000000000101001000000001000000001000010000000000000100011100000000010010101000000000000010000000101000000010000000000000010010000000111000100000000000101000010000000000000000001000000000
0000001000000010010010000000000100000100001100000100010010000100010100000001000000110010000000010000000000010000000000100000000000100000000010000000000000000100000000010000001000100000000000000000000000010000000000000010000001001000010000010001000010
0000100001001000000000001101000101100000000100000000001000101000000100000000001010100010000100100010000100000010001000000000000000000000001000100011010000000101001000000000000000010000000101101011100000010001000100010001100001010000000110000011000000
0010000000000000100000011101000000000000000000000010000000000010000001000000101000000101000100000001000001010110000000000011101100100000000001000010000000100000000001000001010000010100100100000000001010000100000000000000100000000100010100000000000001
1000010000000001000001100001000001010110000000001110000000000100000000001000110000000000010000000000000000000000000000100000010100100000000100000000000000000010100011010000010000000000101100001000001000010000000001000000000000000100000100011010000001
0010000000000000011000000000100010001000100000000000000000000000010001010010000000000010100000100100001001000011000010100100100010000000011000000000000000000000000100010001001000000000100000100001000000000100000000001000000000000000000000000001001100
0000000001000010000000000000001000001100000011000000000000000001100010000001010100000110100000000010000101100000100000001101000000000000001100101000000000001001111000001000000000000000000000000000001000000000010010000100000000111100000000000000000100
0110100010100000000000000001000000000100010000001000000010000000000000101100100000001000010101000001000010000010100000000000000000000000000000000001000100000010100000010000001000001000101010000010000001000100000000001110000001000100010100101000000000
0111110000001100000100000000000000001000100000000000001000000001000100000000000000110100000010010001000000000000001000110000000010000001011000010100000000000000000011000001010010000000000110001001110000000110010000010001000001000000100000100100000000
0110000000000000000000000100010000100000000000100000100001001001000010100000000001000001000000000000111100010000000000000000100010100000000000000000010001100000100100000000000010011100100010000000010010010000000000100000000100000000000100000010010000
1000000100000000111101011101000000000000000000001000000000000011001011001000000000000000000100001000000001010000000000000000000000000000010000000001000001000010000100001000000000010010011000000000000001000000000000000000000000000000100000010011011000
0000000000011000100001000000000000000000001011010000000000000010100000000000000001010000100100000000000100010000100100010110000000100001000000010100110001000000001000000000010011000000000001000101000010000000000010000000010000000000100000010101000100
1000000101100000000000111010000000000010000000000000000000100010000100000000100110100000011100000000001010011000000000000000100000000100001000000000000000000000000000000001010000010010000000100000001010000000000000000000000100100100100000000000000000
0001001000000000000001001011001010010000000000000001011000000000000000000101001001000000110010000000010001000110010000101000000010110001100011000000000000000100001001000010011100001011100000000000000000000001000000000000010010101000000100000000001100
0000000000000000000000100100101001010000100000000000000011000000000000010001000000000000000000000010000000000000000000000010011110010000000000010001100001000000000100000000100000000000010100000000000000000000011100100010000010001000010000000000000000
0000000001010000000000000000000000001000000010000001010000111000010100001100010000000000010010000010000000000000000011000100100101000000000000101000000000000010000000000000001000110000111000010000000000000000110000010001010010000000000000000010010000
0000011000000011010000100000100100010000000000000111100001100100000101010000000000000000100000100001010100100000100000010010010100000000100000000000000000000100000000011000110000100000000001000010000000100000100000000000010110000010000000010001101010
0000100000001100011000100000000010000000000000010100100000001001000010100000000100110000000101000000001100010001000100000100000111000110000100000001100010100010000001000000000000100000101001001000100000001000000010000001011001010111000100000001000011
0111000000100000000010000000011000001001000110000000000000000000000001000010000000000001010000000000000010000001000000010010000010000000000010001000001000011100000000100000000000000011000010000000000000000000001000000001100000110000010000101000000000
0000001001001100100010001000000000001000000000000011000000000000000010000001001000010110000100000010010001000010000001000000000000001101000000010000000110000010111100000100000000100000011000000000000000100000000001000000101010000100010110001010000110
0000000100100001110000000010000000000000100000001000000100001101000010000010000001000000000000010000100000011000101000010000000000010000010000000110000100010010001000001000000100000000000000001000000001000000000000000000001000000001000000000000000000
1001000000010010000100010000000000000011001101000000010000001000110100000000000110000000100000010010001000000000000001001000010100001100010000000001000000001001000100000010000000100000000001000100000010000001000000000001000000100101000000010000000000
0000000000000000000010001010000000000010101000100010000000000101000000100000100000000000000010000000000000100000001000000000000001000001000000000000010000000000000000000000000101100000000000000100100000000000001000000000000100000000000000000000100010
0000000000000000100000000010000000000000010000001000000000001001010001001001011010001000000000001000000010000000100101000000001101000101000010100000000010000000000010001000100000000000100001010100000000000000010010010000000001000000000000000000010000
1000000010101000000000001000100000000010001000100010000000000000000001011000000000000000000000100100001110100000001000000100100000100000100001000000000000011010100000000100100000000000000000000000000000000000000000000000100001000100100100000100000001
0000100100010000000001000000000011001010000100000000000001000000000001000100101000000100000001100000100010001000001011000100000010010011000010000000000000000000000001000011000000000000000000000000000001000010000000000000001000001100000010000001001010
1000010100000001001000110000000001000000001010011000100001000000000101000000101100000001000000000000000000100100110001010000000100000001100100010000100000110110100000000000000000101000000100000010000000000100000000000010000100000100000101000100000000
1000001000111001010000000110000000000100000000010101000000000000001000000010001000000110000000100001001011100000010000001000000000100001001000000000000001100000000000010000010000000001000101001100010000000100010100000000010000000010000110000000000000
0000010000010101001100001000100010000011001100000011000010000000001100000000110100100000001010100000010000000010000000100000010000000010010100000010010010010100000000000000111000000000000000100100000100000000000000000000010010000011000000010101001000
0000001000001000000010010000000000000100000000100000000100010000000000000010001000000000000000000010000000000000110001000000000100000000000000000001100000000011000000000100000000000000001010000000100100000000110000100000000000000000000000010000011000
1000000100000010001000110000010000000000001000100000001000000100000001000100100100000000100000000000101000000001000000000001000000000000000110000000010011000000000001101100100001101000001000000000000000000000000001000000000011001100000001110000001000
0000001010000000101000010000000000000100000000000000000000011100010001000100000000000000000000000000000000000000000000011000001000010000000000001000000000000000000100000000001100010000010000000010100000000110110000001000000001000100000000000000000000
0000001000010000000100000000000000010000000000010100000000000010000000100000001000010000110100000000000010000000000000000001100100010001101010000000000000000000000000110000000010100001101010000000000000001011100001000100000000100000000000000001000000
0000000100001000000100000000000010000000001110000001000101000110010000000100001000000001011000000000010001010100000000100011000010000000000000001000000000000000000000000100000000001001000010000100000000100010000000010000110000000001000000100000000000
0000000000000000000001000000000010010000000000000001010000100010000000110000001001001000010000000000001100000000000001000001000001000010000110000111000000000000000000100000000000010000000001000000100000100000000010000000100100010110000000000000000000
1100100000010010100000111000001000000000100001010101011000000000001000000000001000001000000000000000000001010000000000000111000000010110000000000000000001010001010000000010001000000000100000000000100000000000001000000000000000100000000000000101000000
0100110010000001000011000000100001000000010001000000000000000000010000011000000011000010100000000010000000000000001100100110000000000000000110001000000000001000100000100011000001000000000011000110000001001100000010000000000000000000100000001000010111
0010000110101010010101000000000100100000000001000000000010100001000000010010010010000000000000100000001000000000000000000000111000000100000000000000000000010100000000010000101000000101010000000000000000010001000000000000011100000011100000001000100100
0000000100010100100100101000000100000000000001100101010000000000000010000000000000011110010001000000000010000001000000000000000100010000000000001010010000001001001000000100000000001000000000000000001000001000000000000000100101010000000000000000100100
0001000000100000000000000101000110000000001100000100000000010000100001000000000000000000010000000000001000001000000000000001010000000000000000110010000000000000000000000001000001001100001100000000000000100000000000000000100001110001001100100100000000
0000000000000000100100010000000010000100010000001000000010100001100000000100011010100001100010001000010001000010010000011000001000101100000000010010000001010000010010010000001100001100110100001000000010010001000000001000000000000011000110000010110000
0000000000001000110000100000000000010000000100000000100000010100100000010011000000000000000000000010010000000100000000000010010000001000001010000000000100001010000000000100000000000000000000000000000000000000001000000000000000000000010010000010000000
0000000011000000011000000000000101000000000000010001001000000100100000000000000000000010000000100000000001010000100000001100000100010100000000010100000000010010000111000000100100000000000001110000110011000111000010000000100110110000000000100000001001
1000011000101000101000000000100000010000000001001000000000100000000000000000000000000000000000000000000000000000001100000000000010010000000100000000000000000000000001000100000100000010001010000001000100100000000000000000010100000000100000100010100000
0000001000000000000000000100001000000001000000001000000000000010000000100110001010000000000000000000000000010000010010000001000101000010100000010000001000010000000000010001010000010010001000000000000010000000000001001001000001001010000001100000000000
0000011000001100000000000000100000010100000100000000000000000100000100000001100000000010001100000010101000000001100010010100110000000000000000100000000000000000010000001000000000000010000000100010100000000000000110000100000000010100010000000101000000
0000000000010010000000101010000001000000010000010000010000100100100001000010000000010000000000000000000000000000010000110001000001001100010100000000100000000000000000000100000000101000000000000001001010001000000000000010000100000001000000010000000000
0000010000010000100000000000001001101010000000000000000001000000000000011000100000110000000000100000010100001000000000000010000000100000000010010000001100010011000000000010001000000000000000000000010000100110000000010100010000000000000001000100000001
0010000000000000000001101001000000000000010000001000000100000001000000010101010010100000000000001000010001000000000001100100000000100000010000000000100001000000101000000001000000000010010001001001000000001000000000000001010001010010000000010000010110
0000000000000000010000000000001111100001001110000000000000000001000100010000000000001100000000100000000000000000000001000010001000000000011100000000110000100010000011000001000001000000000000000000010011000001010000100000000101100000000000010010010010
1000000110001000001000011010000000010000010010110100100000010000100000000010000000000100000010100011011001000001000000000000000000000011010001000000010000000001000001000000000111001000001000000010000000100100001010100000000001011100010000100100000010
0010001011000010001000000000000001001000100000001100000100001000000101010000010000000010111000100101000010000000000000010000000001101000000000000000000000110000000000000000000100100011010000100010000000011000000001000100001010000000000000000000000010
0000110000101100000000000010000000000010000000000010000000001000000001001100011000000000100000010000100001000001000100000000001100000100000000100001000000000000000000000000010000100000000000000011000000000100100000101010000000000001000000000101100100
0000000001000001000001100101001000000000001001011000000100000011001010001100000000000000001000000000001011001000010000010000000010100001000000101000001010000000000100111000001000000000000000000000000000000000000000000000000000000000100001100000000000
0000000000000000001001000000000100000000100010000000000100010000000000000000000000000001000000001101000001000000000000000000100000000000001101000000001001001001010000000010000000000000000010010000000000000000000010100000010000000000001000001000000000
0111001000010010000001100000000010000010000110011000000010000001001001101000100110100100100000000100000000001100000000000010000000100000010000001010010101010000000000001000001000000010101000000011001000010100011000000000000010010000000010000100001100
0101000000001000001010000000000010000001010000010000100000010000000000000000010000000000000000000101111010000100000000000000000000000000010001000001000000000001100001001000000000000000010100000010100001001001110000000010000010100001000000100010000010
1000001010000000000000000000000000000000000010010010000100110000000000000000100000000001010010000100000000001101000011010001001000011000001000000000100000000101100110010110010000101000001000000100001100000000100000000001000000000011000001000000000000
0000000001001000000000100000000010001100000000000000001000000010010100100001000001011001000010000010001100000100000000000010000000000000100100000101000001000000100000000100000000000000011000001010010000100101001000000000000010000000000000000100000000
0000001000001001000110000110000100011100001000100000000000100000010100100000001000010000000011001000001010000000000001000000101000000000100000000101000000000000000000000000000000000010000000000001000100000010000000010001000000000100010010000000100000
0100000010000001000000100001000000000000000001000000001000010010000000000000000000000001000100001001000010000001010001000000000000000000010000000000001010000010001000101000001111000001000000000000101010000001100000001110000001000000000000001000001000
0010010000000101000000100100000000000000000000011100000000000001100100011000000000000000100000000010000000001001000100000000001000000001010000000010001100001100010000000101000000010000000001000000010000010010000000000000001100000000000001000100001000
0000000010000001010000110000000000000000000010000001001001000000000100000000000000101001100001001010000010110000010001010000000000000001000000000101001000000100100000010100101000000000100000000000001010000000010000101110100000000000101000000000100010
0000000010100000010011000000001010000000000010000000000000010000001000000010000010010000100000000000001000000001100000000000000000000000000001010000000001000000011100000000010010000100100000100000010000001000100000001000000000010000100000000000000000
1001000100100000000001000000001000101011101000000001000000010000000010000000001000010000100100000000000100000000001011000001000011000100000000000001100101000000111100000001100100101110010001000000000101100100000000010101001000000000001100011000000100
0100000110000001001000000100000000000000111010100100100000000001000000001000001001000010000000110000100000000000010000010000001000000010010000010001010100000000000011000010100000000010110000000010001110000010001001010000000000100100101000100000000000
0000001110100000111000100000000000000100000000001000000000111000001110000001000010000010000000100010000000001010000000000000100001011000100110000000001000100010001010000110000010000000001000001010001000010000000000010101000000000010010000000100110000
0000000000000000000000000000000000000000010000100000000010010000000100000000001010010000000100000000101000010000000000000000100100000000100111001000000000000001110000010000010000000001000000000000000000000000000001001000000010010000100100000000000000
0000000100000010000000000101000110000000001101100101000000000000101000010001101000000000001000000110000000001000000000000000001000001001000000001110000001100000110000010000000000000001000000000000000010000010100000100000001000000000000000011010100101
0000001000000001110101000000000100000110001010000000100010101000100010100000000000000000010000000001000010000100000100000100000000000000000001100000000000000000010000000010010000100001000000101000000010000010000000000001010010000001101000000000000000
0100001000000100010000100001000001000000000000010000010000000010010000011000000000000000100010001100001000001100000110000000101000000110110000000010000000000000000000000000010100000000010000000000001000000001100000000111000001010010000100100000010000
0000001001000101001000100000110000001000000000000000100000000100001000110011000000000000000000010000001000000000000100001001000000000000000110000100001000000010001000001000000000100010000001000000000010100000000000010000000010010000000000100100000000
0000100000000000001000000000000000001000000000000010001000000000010001000000101000000000000001000000010101000010010000000001011100000100000010001000000000000000000000100000000000000100010000001100000011100010000000000000000000000001000100000000000000
0000010100100000000000000100001110011000000100000000011000000000000000100100000000010100001000000001011110000000100001000000000010000100000010100000000000010000000000000000000011110010000101000001001011000000000010000101001000100100000010000001100000
0000000000000000000010001001000000110000100000110000000000010001000000010000000001000000010100000000000011100000000000001001000000000001000000010000100001000001100110000100100100000010000000000100010010000000000100010001100010000000000000000010000000
0100000001000000001010000110000001000000000000001000000000100010000010000000000011001000000101000000000000000010000000000001000000100001000000000001000001000000000101100100000000000000000000010001000000000000000010010000011010100000000000000000000001
0010100000000000000000000000100001000010100000010000000100000000000011010000000100000000001000100000001000010000100000001100000000000100001110010100000100100000000000000000000000010000000001001001000000001000000000001001000000010100000000100000000000
0000001000000010000000010010000001001000010011110000000000010000011000001100000000000000100010100111010010000000100000010000000000001000000000000000000000000000000000000000000000100000001000000000001000000000100010000000000000000001000110000010000000
1000000000000100100001000010000100000000011100000010000001000000011010000101000000000100010000101101100010100000011001001000000000000100010100100010010010110000000100000100000101000110010100000000001001000001000000010000010000000100000000000000100000
0000100000000000001110010001110000100000000000000110001000000000010010000110001001010000010100000100000001000000000010110000011000100000000100001000001000000001000000000110000000000001010001000101000011000010000000100000000000101000000000000000000000
0000001000000000000010101000000000100000000011101100000011100000000010000001000000000100000000000100000000000011101100000000000010000000100110000000101000101000001000000000000110000001000000000000000000000001110001001000100000000100000001000000110000
1000000000000000100010001100000100010001001001000000000000001010000110000100001000010000000100000010100100000000010000100000000000010100000010000001000000000000000100000000001010001001001010000000010000000000101000110000010000000001011000000101000000
1000010000000101100000010100000100110000000000000000000000000000010110101000000001000000110000001000000100001001000001001000011001001000000011000000000110000001100000010000011000000000000000000000010000001000000000001100100000000001001010101000001000
0000010000000100000000100000000000000000000000010111000000000000100010000000100000101100010000000000010001000000000001000000000000000110000010011010001101000000000100000000000000000010101000000000000000000000110000110000100000010000100000100001000011
0010000100000000100100000000000100001000011011000100010000010000100100000000100110000001000000000001010000010000010100101000001000100000000011110000001000000000000000000000010100000000010000100000010000100000000010000100010000000001001001100000000000
0000000010000001000100101010001000000010110000101110010000001000100110000000100100001001000000100000000000000110111000000100001000001010000010001000000010000000000000000100100000010001111010000100010010000000000100000010000100000000010000000001000000
0001000100000000000010000101000100001001001000011000000000010000000011000000000000110000100100000011000000000000000000010000000000010010010000000000100000001000010000000001010001000100100000000000001100100000000010010000100000000100001001000101000101
1000000000000100000100000000000000101000001000000100000000000000000001101100000010000001010000000010000010100000000101000101000000000000101000000010001100000001001100000000000000000100000000000010001001000000000000001000000000000001000000000000000100
0000000000000000000000011000100000000000010000001100000010000011001000000001000001010100000000000000000000000000000001100100000000000000000101000101000000000000010000000100101000100000100000000000000000000110100000100101000000100000000000001000001000
0000010000001010100000000000000000000000000000010001100000000000011010010000000000011001100000001010000000000110000010000001000000000000000001100010001001000000000010010000010001000000011110100000001010000000000000101000000100010000010000000010010000
0000000000000000000001100000000000000000000000000000000000000000000000011000000000011000000110100001010000000000100000001000000001000000000000000000010000001001000100100110100000000001000001000000000000010000001000000000101100001000001000001000010010
0000000000000100000001001000011001100000000000000000000011000001101010000011000000001010010000100000000010001110100001000001000010000001010000110010000000000000100001100000000000000000000000000001000000110010000000000000001000000000000000000100001000
0000000000000100000000000000001000010000010000000000001000000000000001001000000000000010000001000001000010000000001100000000000000100000001000000000000000001000000000000000000000100100000100000000000000000000000001000000111000000000101000000101000010
0001001100000000100100000000000010000100001010000100000100100001000100000001000100110000000000000000000000000000010000001000000000000000000000001100000000110001001010000001000001000100010000000001000001000000000010101101000000000000000000000001000000
0000010100000001000000000000001100001001100000110000000000010000001000000001010010000011000010000100000001001000000010101000100000000100010000001000000001100000000010011000000011000000000011000000000000100000000100010100101010000000000000000001000000
0100001000010010000100001001001001000000011000001110100000010100100000001000100100000000101100000000001000010000000000000000101000000000000100000000001001000000000000001000001000000001000000000000000100000000000100100000000011010010000100000101000000
1000000000011000000000000011011110001000000000000000000010000000000010000100000111000000111100010000011001100000010100001001011000010000100000100000000000000000100000000001000010000000010011000100000000100010000000000100000000000000000000000000000000
0001001010000000000000001000010010000100001000000100010000000110001000000000000010000011000010000001110000000100000001100000000000000000010001000001000011000000100000000101000000000001000000010000000000000001001000000000000000000010000000010000000001
0000000000001001100000000000110001000001000011000010000000011000010000001001000000011010101100000000000000100100001000000001001000000000001000000000000000000000010000100000000100100000010101100000000010000010000000000010001000000000000010000000001110
0000110100000001000001000000000000000000000100100001000100000000000010000001000000000000000001000000000000000000010011000001000110000000001000000010000000000010000000101000010100000000100000001010000000000000000010000000000100001000000100001010101001
0001000000001100000100000000000000101010100010100000000000000000000100000100010000110000100000100100000010000000000000000000110100000001000010100000000100000010110001000000000010000000000100000010000000100000110100000000010000000001000100100000001110
1100010001000000000000000000101010000000000000001000000000001010000000000000000000000000000000100000001101000010001010001010001001011000010000010000100001000010000000100010100110110001000000000110010100000001100000001010000000100000000000001000100000
1000001000000000000000000000000010000000000000000110100000000000000000100100000010001000011000000010001010000000000000000010000000000000000000000000000100000011100010000000000010000100000000000000000010100000000000000000000000001000010000000000000110
0000010001100001000000000001000000001000000000010010010000001000000010000000000000000010110010000000000000000000000000001100001001000000000000000000000000010100000010000000100000000111010010000000000100010000000000100100010010100000010000000000001000
0000000100100110110001010100000000000011010000010001000100001000100100000000000000010000110001010000100001110000000000100010000000000000000000000010000000000000010010101000010000000000000011100000100001000000000000000100000001000000110100000100000000
1001001111100000100100100000000001010000000000100000010010000001000011000010000001010000000000000100000000000000000000100000000111000000000000010010001101001010111001011000000100000000000010000000000000000010000100000000110010000100100000000000001000
0101000000000000000001000000100000000101000001000000000001100000000000001100000000000000000010010000000000001000000000100010010000000100000100000110000000001001010000010110000000000010000010000000000100010000000100100000100000001000110000000100000001
0000000000000000010000010000000000000000000000100000000100000001011000000100110101010000000100000000000011010001000000000010000010000001001011010000001000100010000000100000000100000010001010110000010001010000000000100010000000000000000010100100000110
1000000011001001000100000000110010000000000101000100000000000010000000010000000000000010000000001100110010000000100000001111100010010000000100100001000000000010000001000000000001000010001000000000001000000100000000000000000000000010011010000000000010
0001100000010000000000000000000000000000001001000000010010100000000010000001000000101010001000001001010000001000000010000000000010000101000000001100000010001000000011001000000100010000000000100010000100000010000000011001000000100000001100001000100010
149 171
187 222
