250 250
0110010110100101000100001110101001000000010000000000000010000010000100000010001000000001000100000100011000100000011000000000000000001010100010001001100000000001000000000100000000010000010000000010000000011011000000100000000001000010010000000000001010
0000000001100000010000000010001010010000000001000000011000001100100000000000001100100000010010000100000001001001100010000101100000100000010000000110001000010000000001100010000001100100100000000001010010000000000010100000000000000000000000001000000001
0010010000010100001000001001011000000100000100101001000000100000000001000001000000000100000000010000000000000000000000011000100000000001100100100000001000100000001000000011100100000000000000100000000010000000000000010001001100000000000011100001000000
1010000000001000000000010000000100011000000000010010000000100100100100001100000001000001011100000000100101000000100000000010100101000010001010000010000000000010000000000100000010000010000010000000000000000000010000000000000100000000100100110010000000
1000010111000000000101000101000001000000000001010000011000000001000100000000000100001010000000000001000000001100010011000101000000100010000010000000010000000010001001000000010000000101000000000010100000000000010001000100001001000000010010100000000000
0000000000000100101000000000000010000000010000000011100000000000000010000000001000011010000010010000001000100000000000010010000000000100100000010010010000000100010000000000000000001000000010000000000000000000000000010011000101100101010000010010000010
1001010000010010001000000100000000000010011010001000000001100010000011100000111100000000001010000010000001000000000100000000100000000000000010100110000000000100000000100001000110000000000000100001000000000000000000000000110111000000000000100000100100
0001010010000100010000101010000000000000110010000000010000000101001000110010000000000000101010010110110101001000000100000000000000000010000000000000000001101011000100010000110000000000010000100000101001010000000000100000000000000000000001000000100000
0100000000000000000000000000000000000100100011010000100100001000100000000000100000001100000000001001000000000000001001110000000000000000100010000100000000100000010000000000100000000000000100010000000001000000100000000110000010000000000000000010000010
0000000101001000000010000000101000010000000100010000100001100000000000010000000010100000010000100000000000001000000100000010010000100000100100000000010010000000000000000010100011000001010001000000000000011001000000100010010001000000010010111000000000
0000000000000000100000100000011100100000010100100000001100000000000001000000000010000001011010000010010000000000001000000000000001001011000000010000001001000000000000000001000010010000000000000100000001000000000000000000100000000010010000110000001000
1001000000000010100000110001000000001000100000000100100000000010000010000010000001001001001000000001000000010000000000000000000000000100000001100010110100000000000100000100000010000100010010000000000000000010001001000001000000100001000000010000000000
0001000100101000000100000010101000000000000100000000000000000010100100000100000000000000000000000000000000000000000000100000000000000000001101010111000101101001010100100110010000000000000101010000000100001010000000000100000000000100000000011000100010
0000001000100000011000000000000000010010000010010000010000000000101101000000010000010100001000001000110010000011000000000000110000000110001000000110000110000000000001000000000000000000010000000001000100000000000000000100000000000000100000001001100000
0000000010000000101000000100000000001000010000111000000000000000110011010101010000010100010000000000110010000000000000000000010010101110010000000000101001100010001010001011010001000001000000000000010000000000000010010101001001010010001001000010011000
0001001000101001000010110000000000001000000100000010000001100010000010000000001000000000000000100000101110001000000000000000000001010010010000000010000000100001001100000001010100001000100000100100000000000011000000000010100000000000001010011000000000
0000100010000110000110101000100000000000100100001001100000000000000000000000000000000000000000001000011000100000000010100000000000100000010000000000000010001000010000000000000000000000000000000000000001001000000000000000010001101010000000110000000000
0000010001000000100000000100000000001110101010000100000000010000000000000000000000000010000010000001000000001000000000000000001000001010000000000000000000000010000000010001000000010011010000000000000000010000000000101011100001000100000111000100000000
0000100010000000000000000010000000000011101000000000000101000100000110000000010100000000001000110100000100110000010010000000000000000000101010000000000000110000000000011000000000000001000010010000010000010000000001000000000000000010100000000000110000
0111000000100100000000011000000000010000010000001000001000000000001100000001000101000010000010000001100100010000000001001000000000000000010000001000000100010011011000000001000000000100000100100000000100010000000000100100000010000000000000110010000110
0100001010000100000000000001000001000100001010000000010000001000000000000001101000010000000000000000011000000010010000011000000110100100000001000001000001011000000110000000000100000100010001010000000010000001000000011000000110000000001000010000100010
0000000011000000010000000001000000010001100000000000000110101001110011000000000000000000000000101000000000100000001000000000010000000001000100000000000101001100000000000000000000000110001100000000010000010100101001000100000000000100000000100000000001
0000010000100000000001010000000000000101000010000001000000000000010010000010000000010000000110000000100001000100000000010100000110001110000000000010100000001000000000000011010000000000000000001001010001000010110001000000100000000101000000000010000000
0010001000001001000000000000000000000000000001001000000000000101001110011000000000000001110010010010010100000010000010001000100001000001000000100000100010101100000101001000010000110000010000010010100010011000001000000000100100100101000101000000100000
0100000000010001000000001000100010000000000000011010000000011010000000000000000000000000000100010101000010100000010000010000011000000001000001000000000000000001000000010000000000000000010000100000001110000111000000000001001001000010000000110101000000
0010100000000000000000000010000000001000000000000001000010000000100010000000000000001000100000000000000000100000000100110000000000000000000000001000001001000010100000100110100101000000010000000000001000000111000000001000001000000000000000000000111010
0000100000001100000001001000000010001000010010010000000010000001000010000000100000000000011001000010000000000000000001000000110000010000100100000001000100000000001100000000000000100010000000001000000000000010101010100100100000000010010000000001001001
0100000010010000001000000000000000011010010000101010000001000000000000001100000100000000111010100000000000001000000100001000000001000100000100001001000000010100000000100000001000000001001000000110000000000000000000000010000000000010000000000001000000
0100000000000001000101000000000010000000000101000000000000000010000001000001000000000000000100000001000001000000000000000000001100000000001000000000100000000000000000000000000000000010001000000000100000000100100000000000000010000001100000000000000000
1000100001100000000100000000001110000000110000000000010000010001000000011010000000000000000000100000000010001000000100000000000001110100010001000000010000000000000010000000000010100001000001000001100101000000000100000100001000000000000000100010110010
0000000001000000000010000000000000001000001010110000000000100000100000001000000000100000000000000101000000010000000000001000100000011001010010001000000000000000000100000100100001001001100000000100100000000000100000000010000000010000000000010100010000
1010100010000010010100000000000000001000100000000000001010000101010000001000000000000000000010001000000010101000110000001100000000100000010001000000100010000110000001000000000000000011110010000001000011011000000001000000010000000000000010001000000000
1010101100000100000000000001000001010100001100000000010010000110001001000000000000000000000101000000001000000001011100000000000100000000000100000000000000000000000100000010000100000100000100000000100000000000000000100000000010010000010000001011000000
0000000000100100001000100000001010000000000000000000001110000001000011100000000100001010000001010000100000000110100000000000000000000100100011001001010100000000000010000000000000000001100001000001000110001000100000000000010001100001000001010100000000
1001010000000000000000000000000001000000000000000111010010010000001100000100000011100000000000000110000001000000110000111000000010000000100001000000010100000100010000000001000000000001001000010010000010000100100000000010100000000000000001000001000000
0000001000000000100000000100100110000000000100011001001001000101001000010000000100000001000001101010000000000011011000011010000001000000000000000100000001000000000000000000000000000000000100010011000010000000000000001000100000000100000010000000010001
0000000000001001000000000000000000001000100100000000110000000000000001000001001000000000010100100001000000000100000000000110010010000000101000000000000000000001001000001010000100010000000000000000001000000000000000000000000000001010000000000000000000
0000000001010000000000010000010101010000000011000000001000010000000001001010000000001000000000000011000000000000000100000000000000000000100011000010000000000000000000010100000000000000000000001000100000000100000010001000011000001000000100000000000000
1000100100110011001000100000000100001100000000000000000000000100110011001010000000000000000000001000011000101001001001000110000000100101100000100100000100001000010100101000000000000000110100001011100001000100010000001000000000000010000011100000000000
1000000001000001000000000100001000000000000000001010001000000000000001100000000000000000011100000000000000100000100000000010001000000010000001000010000101000001000000000000000111010000001010110001010000000000010000001010000000001101000000010000000000
0000000000000000000100000000000101100000001000000000000010001011000000000000111000100000000000001100000000000100010111010000100000000000010100000000100011000010110000100000100001110000000001010100000001000000001000001000000000000000001000000000110000
0001010011010101000000100000111100000000000100100000100000100001110000000000000000000101001000000000000000000110000000000110000000001000001000100000000000000000001000000000000001100000000011100100000010000010000000000000100011000001000100000100000000
0000000100000001110010101000001000000000000000000000000100010000001100000000000000110000100000001000010000000000001000000000100001000000000011001010000000000000100000000000010000000000001010001000101000001010000000000001010000000010001000000000000000
1001000101010000000000000000000000000100000000000100000100000000000010010000000000000000100110010000000000100000010000000110000010011000001000100000000001101000000100000010000000000000100001000000110000110100000000000000010011000000010000000000001000
0011000000110100000000000001000001011000000100100010000000000000010010000010101001100001000010000000010000001000000000001010010101001000100000000000000010000100010001000001000001000000000000001000101100000000000100000000000010010100000010010000010100
0001110000000001001010000000011000000010010000000001000000010000000000100101000000001010000001100001010000000111100000100000101000000000000100001010000101000010001010100001000001000001001000001000110000000001000000000000101000010001000010100100000000
1000000000001000000000110000000001010000000000000000000000000000000010001000001001011000000100000001001000010000000000000100000000100000000000011000000000000100000000000001001000000100000000000001000000000000100000000000000000000000001001000000000000
0000000000000000000000001100100000010100000011000000000000000010000010000000000000000000001000010000000000001100010000000100000010000001000001000000000000000000000000000100000000010000000100010000000100110000000100000000000100100001000010001101110000
0000000000000000000010101000010000001001001000000001000100000000000000000000000000000000011000000000000000001010000100000010010000100100000101100000000110010100000101000010001000000000000000000100000001000110001000000000000000001000000000000000001000
0000100100000000000010000000100001000101000010000000000000000001000000000000000101000000000000110010000001000011001010000100000000110010000000001000000000000000001000010010000000100000010010000000100101010100101000000100000001000010001000000100000100
0000001000110000000101000000000101011001100001000000000000000000100000000000011000001000000000000000000000101000000000000110000100000001000001000000000011000000010000010100000000000000000000000001001000001000000000000000110000000001001001010000010000
0000100001010000000000001101010000000010000000000010001010100001000000000000001011000001000000000000000000101001001110001000000010010001000101000000000000000000000001010010000000000000000000000000000000100100010000000000000000000101000000000110000000
1110000000000000000100000010000001000000100001000010010000100000001000001000100011000001000000000000000000000000000000000010001000100110010000000000000000000100000101000011010000110000000100100000100110100000000100001000100110000000000001001100000100
0010000001000100010000001000000000110000000001010010000000000101101010000010100000000000001100000000000100100000100100000000000011000011000000000011000011001000000011000000010000010001000000000000011000001000101000000000100100000110000100011010000110
0000000000000000000100000000010000000000000000010000100000000001010000000000000000000100000010100000100000011000001001000000000001000000100000000000100001000000100000000010000101000000000000011010000000000100000000000000000000000000000110100001000010
1000100000000000010001010010000000000100000000001001011000100110100000000000000100100000000001000100100000000000000000010000000000000000011100000100001000000000000001010010000000100010000010010001000000000000000000100100000001001101000000011001100000
0011000000000000001000101000000001000100000100000010000001000000100000000000000000000100100000010100000000100010100010010001000000001001000001000100001000000000000000011000000000011000000000100000000000101110000000000000001000001000000000000000001000
1111010000000100001001000000100000101000000000000100001000100100000000010001000001000000000001001000000100100000000001000000000010000000000000010000001000000000000010000000000000000001010000101000000100000000000000010000001010110000101000000010000011
0000000000000110000001100000100001001100000000000000000000010000000101100000101000000000100000000001000101000000000000000010010000000000010010100000000000000000001000000001000000010001010011000101000001000000000000100000100000000000010000010000000000
0010000000000000001010000100000000001001000000000000100101000000100000000110010000011001000000000000000100000001000110010100000000000000000000010000000000000101100001000001000000100000000011001010010000001110000100010001000100000000000100000000000010
1000000001110010000010000000000000000000001000000000000000100010010000000000100000000010000000010000000100000000110000000000000000001110001010000110000000000000000000010000100100001100010000000000000000001000010000000001100001000000000000000000000000
0000000101000001010000000100000001000000000000000000010000000000011000001000010010010010000000000101010000001000000000000001000000000100000001000000010000000001010000100000001011000000000000010000001010100000000000010000000011000000001000010000010000
0000100000001000001010010100100000000000000000000000000000000000000000001100101000011000000001000000000010000100000000000100100000000000000000000000000001001000001000000100010000101001000100001100000000001000000000000000000001000110000100100010101000
0000000000000101010000000000000000000001010000100000000100100000000010000000000000000000110000001000000000011000000001010000000000100000001100000001000000000011100000000001101010000000000001100010001000000010000000000000010001000000000000001000000010
0000000000000000100100000000011000000010001000000001000000000001001100000101000000000000100010000000000000000100000000000000100001000100000000000000000000000000010000000000000000000000010011000000110100000000000000001001100010000000101000101010001000
0000000010001000000001000110001101000000000000000000000000010000000001001000000000000000000010010011100000010010010000000000000000010101010000000000000000100100000010000000000000000011000000001011000000000001000000000001000000000000000000001000000000
1011000000000010010010010100000000001100001000000000000001000010010000011000001000000000000100000001000000000000000010000100000000000000010000010000010001100001000010000101000001000000001000100010000000000000001000000011011010000000010000000000000001
0000010000000000110000000000000000001000000100000000000010110001000001010110000000000000000100000100000000000000001101101010010000010000010000000000000000100000100000000000000000000000000010100001000000000000000100101001110000100011100000001000100000
0000001000000000000000000000001000110000000000100010000000010000000000011000000000100000000101000100001000001100010010000010000001001010010010001000000001000000010100000000000010110100001000000000010000000001000000010001000000000000000000000000000001
0001000000010000001000000000110010001000000111010010000000001000010000000100000000000010000000000000100000001000010101000000000000100000000000000010100100000100000011000001010000010000101000000010000000000001000100000000010001001010000101000010000001
0010000000000000001000100000011100000001000000000010000000000011000011110000000001000001010011000000010010000000000100001100000100100100010000000000000010100010000000001001000000000100101000000100000010000011000010000000000000000001000000110000100000
0000000001000001101100000000001001000000100000101010100001000000000010000000010000000000000000000000100100100100010000000000100010001000000000000000000000000000000000000100000110010010010001101000000000001000011011000000011000000000000111000000001000
1000000000000010010000000000000010010000111000000000100000100100000000000001010001000000100000101000000000101000000100000000000000000000000000011000000001001000110000001010000000000100000010000000001100000000000010011000010000000001000100100000100000
0000010100101010010101000010000010100000100000101000100000000010000000001000001001100000001000000000100000000000001000010000010010000000000000110100000001010000000010000000000110000000000001000000000000100000000010000100000000001000000100000000100000
0000000001110000010001001010000000100010100000100000001000000000001011001110000000100000000100000000000100000000001000000000000000010111101000001000100000000010000000001000000010100000010100010000100000010000000110000010101000001000000000000000000000
1110001001000000100000000000001000100000010000010000010000000000110000010010001000010001100000100000101100000000010011000000000001011100000001010000000000001000000100000000000000010100000000100100000000001000000000000010010010000010000000001000000001
0000001001000000010000010000000000000100000001010000000100000101000100000001100000010000000000000000001000000000000010000001001000000000110001010000001000001000010010110000000110000001010001010010100000010000010000000000011100000010010000000100000001
1110001000000100001010100000001000000000001010010000001010000000000001001010000000000000100101000000100000001000001000010000000001100000000010000101000010101011100010000000010000000000001000000000100100000010001011000001000000001010000001000010100000
0001001101010001000011000000000010001101001101110010000001000100100000010000000001000000000010010100100000000001100010001100000000001000000000000000010000000000000010001000000000001000001100000011000000000000001100000001010010000010000000000000000111
0000100000000001001000000000001000010001100000100000000000000010000000000000000001010000100000000000100000000000010000000100000000000000100001000000000001000000001000000001000000000001000000111110000001011000000001000001000000000011000000000000000000
0100000001000010001000101000000000001001000000001100000000000000000000001000000001100001000001000010010000000100001000100000000000000001000000000010000000000100000000011010000000000010000000000000000101000000010010001000010010100100000001000000100000
1001000101000000000000000100000100100110100000000000000101001000000000000000101001000000000000100000000001000000000100000000001000000000001000000000000000000000010000000000000000100000010100110000000000000000111000001010000100000100000000000000100100
0000100001000000100010001000011000001000000000000100000010000000010100010010000000000000000000000000000001000000010000100100000010100000000000001000000000000100100000000000000100000000000000001010000001000001000100001010000000000000001100001000000000
1100000001001000010010000000001000100100000100001000000000000100000100000000100000000000000000100000101000000000001010010000000000010000100001100010000110001000001011100101001000000000001010110000000110000100100000001010000010000001000000000000001000
1001010000000001000000000011000100100000011000000010000000000000000000000001000000000001001000010000001000000000000011001001000000000000000100001010010000000000100100100000001000000000101100010000000000111000000000000000001000000000000000100001001010
0000001000001000010000010100000000100001100000000000000000001000001010000000000000001010100000010000000000010000000000001000000000100000000100000000000010100011000100000000000100001000000000010000000000000000001001010100010000001001000000001000000000
0000110000100000001000000010000000100010000000000000000100000001000000000000010000000001011000000010100000000100000010000001001010010000010010000000000000000000100000000000000100000000000000010000000000000000001001000000000000000000000000010000100000
1000000011000010001100000000001100000000100010010000000001000000000000000001000011001000001001000100000011010000000000000010000000000000101001000000000000001000000100000010010100000000000000011100110000000000110000000000000000000100101000001000001100
1000100100100010000000001011000000011000000000001000000010000000000000100000000000100100000010000000100000000101001000000000000000101010000010010100000000110000111010000110000010000011001010000001001100000000001000000000010000001001000011001000000000
0010000000001000001001000001010001001000100100000010000110100000000000000000100000000100001010100000110010000000000001000001100000000000010000001101000011000001000010000000100010000010000010010000100000000000000010010000100010100000010000100000000000
0100000100000000000110010010001000000000000100001010010000101001000000000001000000110000000001001001000010000101000001010000100001000010000000111001110001000000010000000000000000000000000000000001001011000000000000001100000000000100000000000000001100
0000101001100001000000010000000100001011001000000011000010001000000000000000110000000010000000001000001001001000010000100000000010000000110110010000000000110100000000000000000000100000010000000100000000001010000000000000100010110000000000000010000111
0010001000000010000110000000011010110000000000000010000100010000000000101100000001000000000000011100000010101100000000000010000000001000000000001000000000000000000000111000100000000000000010000000001000110000000000110011000000100000100000000000001001
0000000000011000000101000000000000000000000001000000000000000010000000001000000000001001000000000000000001000000101010000000100000001100000000100000000000000100001000000000100000011100100000000000000000000000110100000110000100000000000010011000000100
0100001000010000000000000000111001010100110101000000010000000000101101000000000001000000000100000000000000001011000010001000000010000000100000000000100001000001000100000000000000011010000000000000000101100000000100100001001000010010000000100000010011
1000101001000000000010000100000000000000000000100010000011000000000110100010000000000010100100100000000001000000000000100001000010101000000001000100010000010101000000000100000100000000000000000001000000010000010000000001000001101000000001000101000011
0000001000111010001100000000000001100000000010100001000000100000100111000000000000000001010000000000000000000000000000000110001001000000000100000000001000000100100000101010000000011010010000000000100000000100001110100010000000100001010000000000000000
0100000110001001000000010100000010000000000100110000000010001000000001000000000000000000000010001000000010000000000000000100000000000000101000100000100100000000000001100000001000000010000110110000010000010000100000000000000000000010100000001000000001
0100000001100001000000000000001111010000010000110010101000000001000100000110010001000000000000000000010010100000010000000000000000000000001110000000010100000000010000000000100100000110000000011000000010010100001100000000100000000000000000010110000000
0100000000100100110001000000000010100100000000100001010000000000000001000010000000001001001001000010000011100000000001000001000000100001010000110010001010000000000001100000000000100110001010011100000011010110000100000000000000000001100000010000001000
0000000000010100001001000001101001010100000001100000000000000001000000000011000000000000000000000100011000100100001000000000010000000000000000000100101000000100010000100000001000000010000100000000010100000000100101000000101000000000000000000000010000
0000001000000110010000000000000001000000000000000000001000100010001000000100000001000001011010000000000100000001010000000000000010000010000000001010000100000000010000100100000000010000001000000000001100000000000100100010000000010100000000001000100000
0000100000000000111000100000010000010001001010100000010000100100000100000001000000000001010001000100000010100000100100000000000100000000010010000010000100100000000010000000000000011000101100000000010000000000000000000010000001000000100000100010001000
1000000000001000000000000001100000000010000000000000000000000000001000000010000110000100000000100100111000111000000100000000000000001100000000000001000000000000000110001000000001000000000000001000000011001000001100000000101000100010100001000000000000
0001000000010010000000001000000000000100010010000000001000000010010000001000000000000000000000000100000110000000001000011010001001110100000001000110000000000000000000010000000000000100001000000010001011110000000100100001000100100100100000100110000000
0000000001000100001010000000000011010100010000110000100001000100101000000000000001011000000000001010000110100101010001000000001000000000000010000100010010001000000000000000010110000000000000001000010010000000000110000000000000000000000011000100000100
0000000001001110000010000001001000000000110000100000000010000000000001000001100000000000000000000000010000000100000001000000001010100000010110110100010100000100100100011001100010000001010100010001000000001000010000000000000100100100000001000100010001
0010110000011010000000001000000000101001001000110101000000000001000110000000100000010000000001000000000001000000100001100100010000000000000000000010000010000000000000000010000000000000000000000000000101001011000100000000010000100110001010001000001000
0000000000000110000010010100001100000000000000000000000100000010001010010000000000010110000000000001010000000000100000111000000001010000000110000100000001000000100000000000000000110100100000000001000100010000000000000000000001000001000001000000000100
0000000000100100000000000010110000010000000000000000000000000011010100000000000010010100001100000000001100000000000000000001000010000010000000100100100000000100000100000000010000100001000001100000001100000000001001000000001101000000000000000000000000
0000000001000100100010000000010000001000100000000100010000001000001111100010010101000100100000001001000000000000000000100000100000000100100100000000010010000100000000000000000110000000000000001000010001110100000000000000010000000100000000000000000100
0000011010010000000000000100000000000000000000000001000000001100001110000100010000000000000000000001000001001000000001000010000000000010001010000000010000000100000100000100001000000000000000100010000000010000000000000000010000000000000100000000000000
0000010010001100001000000100000000101000000010000101000000000000110000100000000000000000010000000000010001000010000000000001000100000000000000100000000101000001000101100011000000100100000000000000010000000000000000000100000000010100000000000000000000
0001000000110000100000000000000100000010100000000001000000100001000100100010101000000111000000000100010100000100000000000010010000001010100100000100000100000110001000010000000000000010000001000100000000000000000001000001000000000000100000010010000001
1100100000000000010000010010000000001000110111000000100001000100001011100010010000000100001000000001101000000010001000100001000000000000010000000000000000001000000100100100010000000000000000001100001001100000000100000001000000001100000101100100000100
0000000110000010000001000000001000000000000000010010000110000000000001010000110010000000010100100000100010010000100001000000000000000000000000000000011000100011010010000000000000000000001000011000000010000100000000100000010100100000000001000001000000
0000011000001000000101000100101000000001010000000000010010000000000000000001001000001000100000101000100101000000000001000000000110000010001000000001000000010001000000000000000000000000011100000010010100000001001001000000000010010100000100110000001000
1000000000000010000000011000100111000001000000010000001000001001100000011000000000000000001011010100001010000000010101000000000000000000000001000000001010000100010000000001000010000000000000000100000001000000000000100000000000000010100001000000000000
0000000000011100010001101010100010000100001000000110000001010010000100000000000010000001001010000000000101000000000000000000000010100000001000101001001000010001001000000001000000000000000000001000011001100100110000011000000000000000000000110010000000
0100000000000001000000000000000000010001001100000000000001000000001000000010000000000000001000010000010010000010000000000001001010000000000000100000000000000010000000010010011000000000100001000000000000000100000000000000000000000000000000000000000000
1000001010011100000000000000000000100100100000000000010000000100000000000001001100001000000000100010100010001010000001000010010000100000000001000000000000100000001010010000000000000101110000100000000100010001000100000000001001101000001100000100000100
0000010001101000000000000000000000000000000000101000001000000000000100000000000000001000000110000010010000100000000000111010101101000110110001111100000000000000100000000000000010000010101000000000000000100000000000000000010000001000000000001000110010
0000100000001000000001001000001100001010001000000001000011000010001001010000000100000000000110100001000000100010110000000000010000001001000000001000000001000000011001010100000000010000000001000000000010010000000100000000001001000000000100010000000100
0000100001000010000000000000000000101000000110000000001001001100100001000010000000000000101000001000000110000000000000010000000001100011000000100110000001000010000001000000000000001000000000000110010001000000000000001001000000100101001001100000100100
0000000000000001001001000000010001000001000000010000000000010000000001000000110010000000000010011000000100000000000000100110000000000010000000100000100000000010010001000001000000000100000000101000000001000000000000000000000100110000000000001100000000
0000000100000000000000000000000011100011010000000000000000001001000000000000000000000001010100000000100100000000100100000000000100000000100000000001000000100000001100110101010000100100010110000111000100100000101000001000001000010000010010010001010000
0000000011000101000000001101000000000000000100001000000001000000010000000000000001000000000010000000000011000001000000100000000000000000000000100100100000000000000100100011000000000100000011000000001010001000000010000000110000000001000000100000000001
0000000000000000010010101100100000000000000010000000000000000000000100011100000000000111010010001000000000001100000100010000100001000000000000000000010000000100000000000010000001000000001000100010000000000000110000000010000001010000000000000000000001
1000000000011010010000100000000000000011110100010100100000100000100000000101000000000000000000000001000000000010010000000000000101000111100000000000001000000100000001000000001001000000000000000100010000001000000001001000000000010001000010100100000000
0001000000010001100100000000000000000110010000100011000000000000010000000110100101000001000000000000010110001000000000000010000001101100000010000100000000000000000000000000000001000001000000000001000010000000000000101010000000011010001000000001000000
1001000000001000000000010010000101000100000010010000000100101000000001000000000000000000000000000000000011000000000001000010101010000000000010010000000001010000110100000000101000000000100000000000001000001000000001000100001000000001100001000000000010
0000000000000000000001001010000010000010000000001110001000010110000000100001000010010000001000000000000000000000110100000000010010000111000010000010000101100000010001010000100000000000100000000000000000000000000000000000001000000000000001000001001000
0000001000001010010010000000001000000000000001000000000000100100000000000000100000100000000000000000000000011000000000100100000101010100010100000011100001000000000001000000000000000000100001000000001000000010110000000000000000000000100000100111001000
0000000001010000100010000000000010000001000000000000000000001000000000000000000000001000000000100000000100001010100000000100010111100000001000000000100001000001000001000100000010000000000010001000000000000010000000110101000001110000000000000000000100
0000000000000010000000110100000010011000011100000010000010000000000011000100100010000110000000000010000011111000100100000000000000000000000001000000001100000111100001011000000000000101011000101000000000000000100000000000001010000100100000000000000100
0000000000110000001010001001010001010100000000000100000000001000000010100000100000000001000000000001011100001010000000000001100100000100000000001000000000000000010100000000010010101000001000000000000100000000000000101000010100000100000001000000000000
0000000001000000000000000000000000000000000110101000100000001000000000000000010101000100000001000000001000010000000000000000000010100001000000100000000001000100001000000110000000010010001100100000000010000101000000000000000000000001001000000010110000
1000000101001000000000000000100000000010000000000111000000000000100001000010001000100000000000000000000010101100100000000010100001000100000001000001010001000010000000000000000001001000000000000100001000100001110000110000010000000000000100100000001010
0101000011000000100000000000000000000000010001000000000000000101000110001010000001000001011000001100101000001000000000011000000000011010000100000001000001000000000100101000001000000000000010101000000000000001010000001100001001000000000010000000110100
0000000101000001010000000000001000010010000000000000000000000010001000000000011010000000000000010000000000000000010001000001100100010010000000010100001000000101101000011001000000100000100000000000000101000000001000000010010001010000010000000010000100
1000010000000000001000000000000001010000001001000000000000100010000010000000000000100100000110000001010001000000100000000000001001000000000001010000000000001001110001000101000000000000000000000001010000010010000000000100000011010001001000001000001000
0000000011010000000001000001000000100100010000100001000000000000000010000010000000001001110001000000000000100001000000100010000100000100000000000000000100000001000000010001000010010000000000001000000000001010000000101000111000000010000001000000001000
0000000000000100000000001001000000000000000000000010100010010000000100001000100000000000000000000000000100001101000000000010000000000000010000010001010100000000010000100110000000000100100000000000100000000000000000000000000000000110000000101000000100
0000010000000000000111010000010000000000000000000100000001000100000000000001001010010000000100010100000100000000000000010010000001001000000000000000000010000000000000000000001000000100111000100010000000000100010100001001000010000100000000000000000010
0001100010000100000000000100000000010100000001110000001000001001000100000011001100010100110010000010001010000010010000000010000000000000101011000001001000000000100001000001001001000011101100100010000010010000100010010111010000000000000000000101010000
0000000001000001000000000000000000000000000001001000000110000010000000101000000000000000000000000100001101000000010000100000000000010010100010101001000110100101000000000000000010000010000000010000000110000010000010001000000000000000000100001100000001
0101110100000000010010011001000100000100000000011100000000000000001000010001000000001000000000110000000000010000101100000010101010000100000010000000000000100000010000000010000000110011000010000010010000000000101111000000000000000000100000001100000010
0010000000100001010000010001100000000000000001011000000000000000010100100000000010001010000010100000111100000001010000000000000000000100000000000000000001000001000000000100010000001111100000101000000000000000010001000000100010000010000000000010010100
0000000001000000010000100001000000100000000011000000101000001001000000000100000001010000010001000000000000000100100101010000000001001100000111110001110000100001101000000001011011110000010000001010000110000000010001101000000000000000000000000000001100
0000000100000100000100011100000001000101100000001000000100000001100011000010010000010000010100000000010000000000000001011000000110000010000001000000000000000000000001100000001100000011000100000000100000000010000000000100000000000100010000010000110010
0000010001000000010010010000011001000000000000000010010000000010110000000000100000100000000110101000000100000010000000000000100000001000001010001000000000000010100000000001000000000000000000000000011000100010001000001000010000010000000000010100000000
0000000100000000000010010100000000000100000000001010000000000000000010101000000100000000000000000000000001100000001000101000000000000000010100000001000100000000000111000001000000000010000000000000000000000000010000000000000000000000010000000000000000
0000010001000110011000000000100010010000000000001001000000100001000001000000000000010000000010001000100000010100000000000000101000010000000000100100001100010101000001000000000010000000000001000000111001100010000100010101000000000000000000000001100000
0000010000100100100000000001010000000000000011010000100000100000000011010010000000001000011100000000000000100000000000000000000000101100000001000000000000000010100000000110100000100000010100001000000100000000001000011010010101000100101000101100000000
0000000010010000000100001000100000000000000110000101000000000000000000000000000000000000000100000000000000011000010101100000001000000000000000000000001100000000000101001000000000100100000000100010000000000000000001000000000000001001010001101001000000
0001100000010000001000000000010010000110101010001000010000010000000000010001000010010001100000001010000000000000000000000010000001000000000010001111000010101000011110010010111001000100100001100000000000000110000000010000000000000100000000000100010000
0000000000000000000100100001000000000001000000000000000000000000000001100000100000000000000110110000000000000000010110001000000000000010001000000100010000101010001000000000010100000000010000010001000000001000001010001100000101000100000000000000000000
0000001000000000000000010000110000000110100101000000001000000100000011011000000000000010000001010000000000000000011000001000010000000010010011000000000000000100000100000000000000000000000000000000011000100000000000000000010000010000000000011000000010
0010001000000000010100000000000000000000000000001000000010011010000000010000000000000001001000000000000001100001001010000000000000000100111000101010000110000100000000100000000010000000000010000010000000000010100001001000010010010000110100000000100100
0010010011000000000010000001010000000000000000000010110010000001000000100000000000100000000000001000000000001000000000001010000100001000010000000000000010000000001001010010000000000000000100000000010000000010000001001100000000000000000000000000000000
0100100000000000000001001001000000010000000010000010000010010000000010001001001000000000000100000000001010000010000000110000010010010000100000100100000100000000000000000000010000010100001000100000100001000000000001100000100110000000000000000000000100
1100000000000100010000010000100010010000000010000001100000000000001000000001000000001000000000000010000000011000100000000000000000010001010001000000101000010000000001100000000000000000100000000001000010001000100000000000000110000000000000100000000000
0100000000100000000000000000000000101000001111000001001101000000001101001000001000000010100100000100000010000101000000001000010000001000000001000000001000000001010000100000110000000000000010010000000100000001000010000100001000000000010101010010000000
0101000001000101000000000000000100000000010100000001000000010000101010100000100000101000000000100000000000000010011000000000010010000000000001001010000000010101000001000010000000011100000000100101001000000010000000000010000000001110000000000000001000
0000110000000001010000000000100000000000100000001100000000000010000000000000100000000010000101010000010000000001100000010000100000000000000011001000000000110100001000000010001001100000000000001000000000000100000100000000000100001000000000000000000000
0000000000000000100001100000100000010000001110000000000000000100000000000000000100101000000000010000001000001000000000010100000000111000001000000001100000000110000100000000000000000000000000100010000000010010000100000001101000000100100000000000001000
0000001101000000000000010010000000000110001100000001011000000001000000000010000000000000100000001001000000000010000001000001000000011000001000100010000000000000000000000100101010000000100100001000001000000110010000000000000100110100010000000000001000
1001000001100010100000000010000010100000100011000010000000000001010001000001010100000000000000000000100001000000000001010000100000000000010000010011000001000000010000000000010000000000010010100000000000010100000110000000000000000000000000001000000000
1001000000000001000000010000000010001100000000000000000000000100010000001000000000000000010000000000001000010000000000000000000101000000000000010000010100010000000111101000000010110000000100000000100100000010000110101000000000000001110001010000000000
0010000001000100101010000000000000000001000000000010110000000000001001000000000000010000100001000010000000000011000000100000001100001110010010100000110001101000001000000000000100000001000000000100000000000000100000000000100010010001000000000001100000
0000100110001010001000100000001000000000000001000100100000100000000011100000000000000100000000001000010000100011010000000010000100110000000000000000000010010010000010010010100000000110100000000000111010001000000010100100001001000001000000010010000010
1000100000000100110010000000000100100001000000101000000010101000000000000100010000000001100000010000000000000000000011000000000010000000000000000100000001001001000000100000110000000010001000000000000001100001000000000000000000000010001001001000000000
0000001100100000000000010000000000000001000100000000000110000000001000001000000110000000001000100000010000001010000100101000011000000000000000101011001000000010000000000000001000000010000010101000001001001010000000000000010000000000000000000100000000
0001000000000100000111100000000100100011100000000000001000000000000000000101010000000101100001111000000010001000011100001000010100000000000000100000001000100000001011000000001000000010010111000100100001000000000110110100000000001000000000000001000101
1100000000000100100100000000001000000010000000010000010010001000000000001011011010000000000001001000000010001000100100000000001100000100001010000100000001000000001000001000100000100000100000000100000001010000001000001000011000001000010010000000000001
0000010000000000010000010000000000010000000000000110010100000000000000000000000000000010000100100000000101010000010000001000000011000000010010000100010000110010010000100101010001100000000010010000100000000100000000101000000010001000000010000010010000
0000000010000000100010000000010001000000010100100001000011000010000000001010000001000000000000000000000000001000000000001110010010010000000010000000000100000101000000000000000010000000000111001000000110110000100000100000000000010000001000000000001010
0000100010001000110000000101010000000000001000001001001001010011001000111001000000100001000010000000000000001010000000000000000010001011001100010100010000000000001010000010001010000010100000100000000000000000000011010110001100000000000000000000000011
1000100010000000000101000010000100000000000001010001000000110000000000000001000101001100001100000000000000001000000010110010001100100010000000000010100000011001001000001000001001101000000011000000100100100000000001000000000000100000000000110001000100
0010000010010001100000000001110000000000000000000100000000000100000001000101000100000000101000010100110010000100110000000000010100100011000000001000010000010010000101000000000110000000000010000101000000000000000000010100000000101000000001001010010000
0000100000000000100100000000100000100000000000000000000010101100000010000000000010000000000000100000010000000000100001100000100000001010000000000000001001000010000000000101000100100100010000010000000010000000010000010010100000011000100001000000000000
0100000100000001000100000000000000010000000001000000000001001000000000000000100000000000000000000101001000000001000000100010000000000001001100000000111000011001000010000000000000000101001000000000010010000100001101001101011011001000010000010001000000
1000001010000001001000000000000000010000100000000100000000001100000000010000000000000000110000001101010000010000000000000000010000000011000000101000000011000000000000000000000000000000001000001000100100100010000000000001000001100010010000000000001000
0100010000000000100010001000000000000000011010101100011001000000000001000100000110000001011000010000010001000100001000000000000000010001000000000100000001000000000010000000000000000100101010000000000011000000100000000000100010000100100000000001000000
0000000100000000000000000010010100000100000000000000000110000001100100100000001001100001001000000010100100000000000001000000000000000010000010000010100000010000000000000000000000000001000000000000001010000000100010000000000110010000000000001000000100
1100000000000000000010100000000100100001000000000000001010000000000000000000001011000000000010000000000000010011001100000000000110110000000100000001100000000001000001000000100100001000100000001100010000000000000000000000110000000000010000000000010010
0000010000000000011000000010000000000000001000000000000000000001010000000010000000000000001101000100000000000001000101000111000000000010100001000000000000000100000000000010000010001000001100100110100010000101010000010000100000000011100101000000000001
0000000000000000000000000000000000010011000001101000100110000000000000000001101000010000000100001000110000000000100101000000000000000000100000000000000000101000101000001010000000001000000001001000000101110001000100000010000000000000010010000000001011
0001000100100010000000000000000011000010010000000001010000100000000000000100000000000100000100101001000000000100000001000011011000000100000010100000000001100010000000000000000100001000000000000010000100000000001101000000000000110000011010000010000000
0001011011000000001000000000000000000001100000011000000101000001000010010000010000001100011001001001000000000000000001000000000000101000001001000000000000000000000000100000100000000000000010001010000000100000000000010001000000000000000000000000000000
0010001000010100000010000000000010000000000000001010001001000100000000000000101110000000011000000000010000001110010000101100000001100000110100000000100100010000010000100000001010011000000000010010100010011000001100010011001000100000000000100010000100
1001000001010001000001001000010001001111010010001000000100000011010100000000000001000000110000000001010000000000001001100010000010000001010100000000100000100000010100100000000000000100001101000000000101000000000010000000000101010000000100000100000001
0000000000000000000000000000000001000101100000000000000000000000000100000001000000000001000000000000000100000010000110000000000000000000000000010001010000010010000000001100100000000101001000000100010000000100000000100000000000001001010001000001000000
0000001000000000000000001101010100000010100000000010000000000000000100010000000010000010100000000000000100010000000000000100001001000100011000000010000100001000000000000000001000100010000000111100000000001100000001111001000100000000000001000110001000
0000101000000000010000000000000001110001101000000010100001010001000011000000001000100000000000000000000001000001000010000100000000000000001100000000100001000000000000100100011010100010000000000000001000100000000000000000000000000110100000000110001000
0100000100000010000000000000010000101000011000000000100100100000100000000000100001000001010000001101100000100000000000100000000000000000000010000010000000001001111010110000010100000100000000000000100000010000000100001101000110000001000000000000000000
0000000000000000100010000000001000000000000000100000000000000010010100000000000010000000001000000000000000000000000000000010000001000100000100000101000101110100001000000000000100011000010000110100001000000000010000000100000000000001000000000010000010
0000001010000100000000010000000001000100100000000010000000100100000000000001000010000100000100000011010001001000001001000000110000000010000001001000000000000001100000001000000011000101000000000101010100000000000000000100100000000000000000100101100000
1001010000000000010010000000110000000000000010000000001000110000010000100010000000101001000000000000100000000100000000011000000000100000000000010000000000000001100000000010010010000000000001000010000000000000000000000010100000000000000001000001000000
1000000001100000010110000100000000100010001000000000000000000000000000000000110000000000101100000100010000001100000000000000000100010000011000000000000000000000001000001000001001000010001000001000010000110010001001010000010001000000000010000010000101
0000010010000001001000010010000011010000000010100000000000000000100100000000001010000000010000010001100000010010000000000000010000000100000100000001110000010001010100110000000001100000000000000000100000000010000000001000100100000000010000000000001100
0000010100110000000000110100000000000001001000001100000001000000101000000010000000000101110001100000100000001000000000010000000000000001000010000000000000000000011001000000000001000010001011000100000011010000000000010000000100110000000010000000000010
1000000000000000000000010010100000001100010000000000001100101000000000000000010100000000000000000101001100000000000000000100000000110100000000110000100000000100000100010000000000000010000110000000000001001000010000100101010010000000100000000010000000
0000100001000011000000010010000000000000000100011000000000000000000001000100100001000000000000100000010000000000100000000000000000011000001000000100000000000011001000010000100000010001101100000000010000100000010000000000010000010000001000001000010100
0000000000000101001000000000010000000010010000000000010000110000000010001000000000000000000001100001000100010000000000100010101000001000010000100010000010001101000100010000000100100000000000010000001010000000000000100000000100100101001010000000001000
1000100010000000000010000010001010000000000100000000100000011100110010010000000001000000000000000100000010000001001000000000100000000000101001000000000000000000001001000000000100000000100100000000000100010110100000000000001101000000010110101000000000
0010100000000001100000000000000000000000100000000000000100001101010001100001000000000100100000010000001101000000001010000010000000000000110000000001000110000001000010001000001100100000001000001000000010000000011010010001000010001010011000100000000000
0010000010000000000010000000000000110010101000000100001010000000000000000000100000100100000000000000000001000000000000010000000000000010110000000000001000000000000000000000000000000010000001000001000010001000001010000000010100000000000010010010000001
0001001000000100000000100001000000010000000000000110000000000100000000000000001000000000001001001000000100001010000001001011010000010010000000010000000000000000100000000000001000000000001111001001000110000000101110000000110100000000001010100000110000
1101000000100010000001101010001100000001000000000000100000000000000000000000010100000000010000000000110000000000000110101000010000000001000100000001000000000000000101000000010000000000101000000000001001000000001000000000000000001100000000001000000001
0000000100000000010000000101000000000000010000000000001000000000000000000000000000101000010001000100010000000000001000010000110000101011000000000010010001000000010001000100000000000000000010000000000010111000000010100000000000010100000000010010010000
0010010000001000100000000001000000000110000001000010101010010000100000010000000000101110000001000000101000100000000000000010000101000000000000000010100000001001010000001001000100000000111000000000101000000111100000000010001000000000000000001000011000
1100000000010100000010010000000110110001000000100000100000001101010010000100000000000100010000010110101100000000000000001000000001100000100000000000010010100000000100110000000000000000000101100000010101000110100000010110100001001001010010101100100000
0001000000000100000011000000000101001000000010000000010000000000010000000000101000000000000001000000000000001000000000000000000000001000010000000000000010000000000000001000100100000100001000011000000100000000000010100001000000010000000001101100011000
0010000000000010000000000000000000010000000000001000100000000000000000000000000000001000100100100100011001100100000000000010000000010011100100110000000100000000000010000000000010000100000000000100010000000000000000010010010000000000000000000001001000
0000000000000000000000000001010000000011000000000000100000000000001000010000000000000000000001000000000000100000011000000000000000000000000000000100000100000001000000001000000000000000000000000101000000101001100000010000000000010010100000010000000000
0001000001000100000100000000000000010000100011100001010010000100101010000000100000000100000000101000000000001000000101111101000000000100001100000000000000000000100000000000001000100000000000000000010011100000001001001001000100000101000000000000000000
1000100100010001000000010000001000000000000000000010001010000000000010000010000000010100011000000000001110000001000000100000000010000001000101100100000100010000110000000000000000001011001000000000001000010000000000000101001100001100000000000000011000
1000010000000010000000101000000000000001100010000000000000000100010000000010011000001000100001011100000001000111000001000000001000000001010100000000000000001000000000010010001000000000000000000000000000100000001000000000000000010000000000000001000000
0000000101000110000000000000000000000001101110010100000001001000010010100001000010000000001100000100000001001001000000001000111100010001000000100010110000000000000000000000010101000000000000100001000000100010001000100000110000000110000000000010000000
0000010010000000100000000000110000000010000010000001000000010100100001010000000001100001001010010110000001000000001001000010000001000101000100000000000000100000000000000001000000100000001000000100000100100000000001000000000001100101000000100000000000
0100100001000100000001010000000010010000001100001100000000000001000001010000100100000011000001000000100000000010100000000001000001000000010100000000010100000010000000000001000000000000001000000000100000010000000100000010011101100110000100000010000000
0001000000000000000000000100000000000100000011010010000010000000010010000000001100000000000100000000000000110000000000011000010000000110000010000000000010000101000010000000000010000000000000010010000000110010000001000000000100000000010010000101010000
0000000101000000000000000100000000000100000110000001101000100000000001000000010000000000000010000000100000100010000000000000000010000100000000001100000000000001000001000000000000000000100000001101000000100100000010010000000010000000000000010000000010
0000100010000000100100100000001000000100000110010100000000000010000000000000000000000000000001010011101000000001000000000000000000000011000100000001011000000100010000000100001000000000000000000000000000100000100010000000000000000000000000000010100100
0101000010000000100010010010000000001010010001001000100000000000110111000000001000000101001000010100000000000000100000001110100010000000001000001100010001000001000010000000001010100010110000000010000100100000000000000001010000001000001100000010000000
0000101000001000000100000001000011000000000011000010000000000000000001001110000000000010000010000000000011100000000001000000001000000010000000010000001000000001000000000001010100101000001000000000000010000000100000000010000000000000000000010001010100
0000000010001000000000000000100001000000010000010011101000001000000000110000010100000000100001100000000011000000000101100000000000001001100100010100011000010000010000000110001000000000000001001000001000000100101000001000100000000000010100110100000010
1000000001000000010010000000000000000110100000000010000010100000000001100001000000000000000101000000000000000101011001000000000110000100000000000000000100001000000010010000000000010000001001000100100000000000000000001110000100000010000010010000001101
0000100000000000010000000001000000100000010000001000100000000100010100001000000000000100100000000010000000001001000000000000000000001000000000000000100000000100100010100001011011000000001000010000000000110010000001000011010000000001010000110010000110
0010000000100010000000000000001010000000011000011000001000000000000000000000000001000000000000010000000111000000010000010101000110110000000110000000000000000000001100011000110000010000000000000000011000000000000000000000100000000000100011001001001000
0001110010000001001000000000000000010000000000000010010001010010000000010000101000000000000010000000000010000000010000000100010000000000100000000000000001000000100100100000100000000010001001000000000000000101000011000010000010000001000000100100000000
0110100111000000010000000001000000000100000010000000000000000000000001001000001000001000000010000001011000110000000010000000000110000000010000000000001000000010000000001010010000100001110101000000011000001001001010000000000000001000000000000100000010
0000001100000000000101010000000000000001001000001000000100101010010010000000000000000000000100000000010000000000001010000000000100000000001000000001000000100010000000100001001000100010000000000010001110000000000110100000000000100000100010010100000000
0000001000000011010100000000000000000000000000000110000000000010000000000000100100000100000000100000001000000110000000000100000000000000000010000000100000000100000000100000001010000000000000010100100000000001001100100100100000100100011000010011010000
0000000001000100000001000000100001000010000010001000000000000001000110100000011101100001001000000000000010000101000100000001000000000001000000000010110001000000001010000100000000000000110000000010100000100000000000010100000001010000000010000010000000
1000000000101100000010000000110000001000000000010000000000000100110110000000100000000000000110010001000000000000001010101000000001000000101000011000000000000000000000000000000000000111000000000001000000001000000000000000100000000010001000000000100110
0000010010110100010000001000000000000001000000001000000100010100001000001000000000100010010010001000000000100010001100000000010010000010110000101010000000000000010000000000011110000101000100110000001111000000000000010001000000000000100001000001000010
0100000000001000000000001000000000000010000010011000001100100000010001000100001000000010000000001000101000010000000000000000100100010100000000011100010101001100000100001000000000000010010100000000000100000000101000000000001010000010000101010000000000
1000101000000001000000000000000000000000000000000010100001000100000001000000000000000000000000000000010001000001000000010000000000000000100000101000001000000010000100000000001000000000100000000000100100000011001000000000010010001010110000000001000001
0100000010000000011000000101100010001110000000011000001000001100101100000000000010100000000000011000000001110010000000000000100000000001000000000001100000101100000010010011000001000000001010000000100000010011100010001000000101100000010100010000011000
0100100001000000010000000000000000000000010000010000001010010001000000000000010000100001100000000000000000001100000000000010000000001010000100000101011000100001100000001000000000010010100011101101001000000001000000001000000100000110100000000000010000
0010010000100000000010000001101000000000010000000101000000000000001001011000100000000000000000100010010010100100000010010000110000000000100000001000100000000000000000111011000000000001000100000010000000000000000000001010100001000001000000000000010000
0010000100100101000000100010000000110000001000100000001100001000001001100100001001000000000000000100000000000000100000000001000001100001100000001000110000000011010011000001100001000000101000100100000100100010010011000001000000010100000000000010000001
0000000001001000000001000000000000000001011000000000001000101010001000000001010000000000000001100001000011000100000000000010000000000001000000001000100001001000000000100100100001100000000001011000100010000100000000010000010000100000000100010101000010
0001001000000101000011000000000000000000000000001110000100101001000000010010000011000000100100100000000000000010001100000000000000000100100000000001001010000001000000010000100001000001000000001000000000000000001000010001100000000011000000101000100100
0110000000000000000000000000000000010000000010000000000000000001000000010110000000001000000000101100100001100001001000000100101000000000000001010000000010011000000000000100000100010000000000000001000000000000010000000000000000000100001000001010000100
0000101001010000000000010000000000010000001000000000000100000011000000000010000000000000000000101000000000000100000000000010110001000000000000000010000000000000010000000000000100000000110000000000000000000000100001110000000000100100000100001010011010
0100011110000001000000000000000000010000000100010100000000000000000010100000000000000000000001100100000001000001100010000000000000100000010101001000100000000010010000000000000000000101000000000000000000001000000000100001001100000000001010001000100100
0100000100000000000000000000000100001011000000100010000000000000100000000100101000001010000000000000000000000000000100100000110110000010000000000000000001000010000000000001000000000000000000001000100100010000000100000010100000100000000000100000000000
204 230
50 119
