250 250
0100000010010001000000000000000000010000000001000100110100000000001000000001100000000000000000000000000000000000000000001000000000000000010000000000000100110000000100000110000010000001000111000000000000001100100000000000010000000000000000000000111000
0000000000100100000001010000010000010110000010000000011000000000000000000000000000000000010000000000000011000000010100000000000101001010000010000000100000000000000000010000000000000000011011001000000100001010000001100000000000000000100000000000010001
0000000000100000001000001010000010000100010000000000010000001111000000000000001000001000000001000000000000000000100000000000000000110001000000100000011000000000000100000001010000001000000000000000000000100000010000010000000010001000000001001000000000
0000000000000000000000000100010000001000000000001000000000000000000000000001000100100000000000001000010000000000000000000000000100001000010000000100010001000000000000000000010000001000100001000100000000000001001100000000000000100000000110101000100000
0000000011000101000000000100000001000000001000000001010000000000001001000000000000011000110000000000000000010000000000011010000010001000000010010001101000010010100110000010000011000000001000100000000000000010000010000000101001010011000001010000000100
0000100111100000000000000000010000000000000011010000001000000000000100000110000001000000100011000000000001100000000101000000011000010100000000000110000010000000110000000100010000000010000010001000000000000010100000000010000101010000000000000000000001
0101000000001000000000000000000011100000001000000000000000000010000000000000101000000000010000100000000000010000100000000100000000000000001000000001000000000010100010100000100000000000000000000010000001000000001001001100000010010000000010001000000110
1100000000100000000000000000000011000100010000100100010010101000000000000001000000000000010000000001000000000000000000000010001000000000010001000000000000101010000100010010010000000000000000010000100000100001010001100001000000000000110001000000000000
0000000001001000100000000100100000000000000000000000000010001000000000000000100100100100100100010001000000000010000000000010100101010001100000010000000010000000000000100000000100000000100000000010000000000000000100000000000001000010000000000000000000
0000000100001010001001000100000000000101000000100101100000000000101001000010000100000000000000010000000000000001010000100000101000010000010110000000010100000000100100000000010000010000100000011101011000000000000100000001000100000001000000000100000000
1000000000110010101000100000000000000100000010001000000010000000100000000001000000000000010110000001010000000000000000000001100101000000000000001000000000000000000110000000100000000000000011000010000101001000000000000100000000000000001000000001000000
0101000000000000000100000000000010000000000000000000000000000000000000000010000000000001000001000000100000000100000000001000100010000100000000010001000000000110100000001000000100010010000000001010000000010000000000101000010000000101000000001000000000
0100000000001101100100000111110000000000000000100000000000000100000000010010010000110000100000000000000100000000000010000100010000000110000100000000000100010110000001000000011000010000000010010001100010000000010100000000000010000000000010000000000000
0000001100100000000101100000111000010000000000000100000000000000000000000000000100000110110000000000001010001010101001000000000000001010010100000000000100011000000000000000011000001100000000000100000000010001011100010000000001000110000000001000010000
0101110000100000000000001000010000000010000000010010001000000000000010000011001000101000110001000000000000000010011001000000000000000000100000100000001001000100000000000010101010000010010010000000100000001101010100000000010100000001000000000000000001
1000000010000011100100000000000110000000001010100000000000000010000000100100000000000101110000100000010001101000000110001000000000000000000100000000000111000100001011100001000000000000000110000000100000001000000000000000000100000000010001000000000000
0001000100000000000000000000010110010100001001000000010000010110010000001110000000000000100110000000100100010000000010010011100000000000010000000010000000001000000000001000001000000110000000100101000000100000100010010000001001000101001000001000001100
0000000000001100100010100000000001000000110000001100000100000011000010000000010000001000001000000100000110000000000000110000001000000000100100000000000001000110011010000100000010100000001000000100000101000000011111001000100011000000000000100000010010
0000100000000011000100000010000000010001000001000000000000000000010000010000000000000100001011010000100001010001100000000000100000010000000000010000000001001100100000010000010100000000000000100000000000101000000000100000001000000100000000000000000000
0110000000100100000100100010000000000001100000000000001000000000100001101000000000000110000000100100000001101100101001010100000000101110000001001011000000010000110000010000000000001000010010000000000011001000000000010000000000010000000000001000000000
0010000000000000001001100010010001010000000000000000010010000000001110101000110000000100100000000100000000001010100000000000000000100000000000000001000000010000010000000000000000000000010100000000000000000000100101011000010000100000000000000011001000
0000100000101000110000000000100000000000000010000000000000100000001010000001110001001000000000010100000000000010001000000000101001000100000000000010000000010000000000100000100000010000001010000010001110000000000001100000001000100100000100111000000000
0010001000010000010000000000000100000000000000100000010000000010000000100010000101011000000100000000000010000000100001110100000100010000001010100000000000000010000000001000000000010000000010010010000011000000000110100010000000001000001001000100000000
0001000001101000000000000000000001000000000000000000000001011000000000010010000000000000000000001100000000000000000010000001010000000000001100000000000000010000001100000000000000001010000000000000000101001000001000100001000001000000001000100000000000
0101000100010100010000000000000000100000000000001100000000000010000010010000001000100100100000001011000011000010000000000000000000000000000000010000000010100000100100001000000000010101000000100000000000100100000000000100001000100011010100010000000000
0000000010100000001001000100000001000000000001011100001000000000000000101000001100000000010000000010001010010000000000010000000001000000000000000001100000000100000000000000001010100000011001100010101000000010110100000000000000000000001000110000000000
0000000000000001000000000100000101011100000000100000110000000000000100000000100010000010000000000000100000000001000000100000000000000001000000001000010010000000010000000101000000001000000010000001000001000010000000010000100000001001010000000000100100
1010100000100000000000000010011000001000011000001000000001000000000001000000000100100000100000001100100000000000000100001000010000111000000001010010100000100001000101000001100000000100000000100000010000011011000000010001001010000000001110000001010000
0001000000000100000000000000000000000000010000000000011000100000010000001110010010100000010010000000010000000001001100001000001000000100100000011000001000001000000000010000000101001000000001000000100000010010000001001100000000010010101000000000000000
0100000000000000000101000000010000010000000000000110000000010001010000100000000011010100010000000001000100000000001000000000000000100000100000001100000010000000000010000100000000000001001010000000000000010000000000000010010000000010000000010000000000
0010000000001101101000000000010000100000000010000101000000100000000011101000010010010000000001000000000100000010001001000000000000000011000011000111000000010100000000000100000000000100000000000100000100100000111000000100111100001000000001001000000000
0000000001101000100100000100000100101000000000000100010100000100000000000000101000000000000000000001001000000000100000000101001001000110010010101000000000000000001001110000011100000000000010000000100000000000000000001001000000000011001000001000110001
0000000010010010000001000000100000010011100100000000010000000000100000000000001001000001001000000100100101000001000001000010000000010010010010000000000000001001000000010000000001000100000010000100100110001000000100001010000000000000100000001000010000
0000000001000000001101000101010100000000100010000011010000001010000000001001000000000101010000000100000000000000100100010000100010000100000000000000000001000000001010100000100000000100110000000000000000000001001000000000100010000000100010000000000000
0000000000011100000000110000000100000010101000001001000001000000100100001000000010000000010000010001000100100000000001001000010000000000000000001000000000010000000010000000000000000000000000100001000000001000000000000001010001100000100001000000000100
0010000010000000010000000001000000000001000000000010100000000110000000000010000000000000000001000000100010100000000000001000001000011001000000001000000000000000010001010000000000000000000001010000000000000010000000100010000000101011001000001010000000
0010000000000000000000100001000000000100000000000001100000000000000010100011100001010000001000000000000100111100000000000010111001100000010000100000000000100000000000001011000000000000000000000000000010010001000010000000000000000000000000010001000100
0100000000000100000000000011000000011001001100000000000000100000000000000000000100100000100000000000000010100001000000000010001000000000100000000000000101001100000010000100000000000000000000000000000100000010010010010000000000000001100000000000000000
0000000000000000000001010101000000000000000000000000000001000100000000100100010010001000100000100101000001000010001001000001000001000010000000001001000000000001000000000000000000000000000001100100000001001100000000000000010001000010000010001000000000
0100001000000101000010000000100000101000000011001000010111000001011000000000010000001000001000010000000010000000100000000000100001000000000000001000010100010101000000001101000100000000000000000100001000001000000000000010000010000100000000000000000000
0100000100100000100000100000001100000000000010001000100100100100000010000000000010000000010100010000000000001000110000000010000010100000000001001001000000100100001000000010001000000000000000011101100000000010000100000010000100110000000000010010110000
0100010010000001100000000001000100000010000110000000000010101000110000000000000010100000000100001000101001100010000101000010000000000100000000010010000000000100000000010000001010001110111000001000010000000001100001001000000000010000011000000100000000
0000001000000100000000000000000000000000100010100000000000000000001001000000000100000001100011000000100011000000101000010000000001100000000100000000000000000010000000100000001000000010001010010000010100001101000000010011000000100000000000000001100010
0000000010000000010001000001010000001000001001000010100000001000001010001001000010000100100000000000000000000110010000001010010000011001000010000000000000000000100010000000010000010001010000000000000000010001000000000000000010000100000100000000000000
0000000000011000000100001000100000110001000000100000000011000010110000100000000000000000001000100000001000000000100100000100000010000000000000100100000000000000001101000011000001000000000000000000000000000000100000000100000010000000010000010000000100
0010100010000000111000000000010010000000000000000000000000000010000010000000100000000010011000001000110000001100000001011100010001000010100000000110010000000001000000100000000010000110100100000000000001010000100000101000100000010000000001010010000000
1010000101000000000000000101100011000000000001010000000110110000000001000110010000100000001000000000010000000001000000010110001010010011100100100010000001100001000001000010100000001000000100000000100000010000000001000000000000000100000000000001000000
0000000100000011100000000000010000010000010010110000000110000000000000000000000010110000000000000000000000111010000000000000010000000010000100011011000010110010000101000000001000000000100000010011000000000000000000000100010000000000000000000000000000
1100000010000010010010000001000000000010000000000010000100000010000001001000000000000000000001000100000000000010000000000000100110000000101000000000000100011001000000000000000000100000100000000010010100000000000001000000000000110000010000110000000000
0000000110110000100000101000000000001000000000000000100000001000000000000000001000001000000000001000001000001000000000010010011000100001000100011110100000100100010000000001101000001001000100100010000000000100100010001100101000000000010001100000010000
1001000000000000000000010000000000001000000100001000000001000000101001000000000000010000001000000000101010000000001010000011000010000000111000001000000000000000000000000010000000000000001010000100010010000000000000111011000001010000000000000000000000
0001000001001000000001000000001101000000000000001010000000000010000100000000010000100101001001010000000000000000100000001011000100010010001000110000001000000000000001000100000000001000001001001100000110000001000000100000100000000010001100000000000000
0100000100110000000000000100000000001010100000000000000000000110000001000000000100001000000100000000000000000000000000000000000000100000000000000000010110010000000010000010000001000000100000000001000000000000010100000001001110010001001000100001000100
0000000000000001010010000000010001001101000000000100010001000000000000000000010010000000000001010100000010000110000000000000000010100100000000001000000000000000000001000100100000011100000100000000000000000001000010100011000000000100000000000100000000
0000001000100000000000000000100010000000000000000000000000010000010010010001000000000010000001000000000000100000100100000000100001110000000000100000100000100000100000000000000000101010000000000010001010000000000010000011000000000100000110000111000011
0001000001000000110000101000100100110010000000010000011000010000000000010000000100000010010000000000100000100000000000000001010000000000000011000000100111010000000000000000000110000001000100100100000000000000000000000000000001010000000000100000000000
0001000100010000000000000000010100000010000000010101001001001001010000001000000000000001100000101000000000001000000000000000000000000000000010000100000000001100010010000000000000100010010010001100000000000010000000000000000000000000000001000000000000
0100010001010000000000000001000000101000000000001100000010000010000000000000111000000000000000001011000100001001000000000000000000100000010000001010000000000000000000100001000100100000000001010000000000000000000010011000000000100110000100000001000000
0000000000000010010010100100000100100100000011001000011010000000100101100000000011100101001000000000000010001000000000000000000000000001000000000100000001001001000000000001000100000110010001000101001001000000000000000000000001010000100000000101000000
0000011010000000000010010000000000010000000100000000000001010000001001000100001011100000000000000100000000000010010000100001000010000000010000000000000001001000101001001010000010000010010010000000000011000000000000100000001000000101001000100001000000
0000000000010011010111000001000000001011001001000000001001000000000100101000000000100000000000000100000000000000011000000010000000001100000101100010100010001010000000000010000010000000100000000110000000001000000000000000100011000000101001100100011010
1000000000000000000010110001000000110000000000000100100010000000000100011010000000001000100000010000000000000000100000000100001000000000000000001000101000000101100000000010000000000000100000000000001100010010000000001000100000000100000100001000000010
0000000000110000001000000000000001010000100010000000001000000101001000001010010010000000001001000000000110001000010001000000000011000000001000110001000000000000001000000000010100001010010001000000000011110000010000100000000000100010000000001000100001
0000010000000000000001001001000100010000000000010010010000000000000000100000010000000101000000000000000000000101001100001001000000000000101001001001000000000000100000000001010000000111000010001000000010100100001100000000001000000010000001000100010010
0000100010000000000000010011000110000100000000100000000010000010000000000000001101011000000000000000010000000000000000000100011000000111001010000100000000000000001000000100000000000100010000010000000000011100000000001000000000000000001000000000000100
0100100010000111100001101001000000100000100000000011000010000010010000001010000000010100100110000100001000000000100000000110000000010001100001000001000010010001001010000001000011000000000000000100000000010001100100010001001100000000001100000000000100
0000010010110001100001000010000000000001000000000100110000000000100000000000000000011000010000000100000000110000110100000100000000000000001010000001101010001000000000010000001001000000000000000001011000100000000000000000000000010000000000010100000000
0000010000010000010000000000000000000000100000000000100001000010100010000000000000000011000000001101010000000010000100010000110010010000010000001000000000101110000000000010000010010000000000001000010010011010000101010010000100000010000000000000000001
0000000000000100000010000000100010000000000000010000010100000011000100000000000000001000000000100000000000010000000000000000000001001000000100000000000000010001000000000011001000000000000010100100101000010000000010000010000001000000000001001000000000
0010010010010011101000010000000000010000100000000000011011000001000000001100000000001000000000010000000000000100010000100001000000000000000000001100001000100001100101010110010001001000100000010000000000000100000000000000000000000000000000000101101000
0000010000000000010000100000000000000100100100000000000001100001100000010010000110000001110100001000010000000100000010000000101010000100100000001010000110000110000000100000001100000000000000000000001000000111000100000000000000100000010011001000000000
0000000100001001010000000000010101001100000000000001010000010000000110000110000000000001000000000000000001111000001000000000000000000000000000001010000000001000000010010000000000000000000100100000001010000000000000000000000000000000010001000000010000
0010000000100000000000000000000100010101000110000000000010001000000000000000000000000000000010001000000000000000100101100000010100000100000110000001100000000001000000001000000000001001111001001010000000000100100010000000000000001000101000001000000100
0101111001100000000000001000000000000001001000100010100000110000000101010100100010000000110000000000001000000100000000001100100000001000000100000001001000000000000000000000000001000100100001000000000010000000000100000000000000100000010000000001000011
1110000000100000100011000101000000000000000000100100000010000001000100010000000000100000100010000100000000010000000000011000100000000000000000010000100000000010000000000000000001100101000000000100001110000000000000000010100011000010000100001000010000
0010000000000000000000010000000000000010000001001010100100100001000000110000000000001100001000000010010000000000000000000000000000000000001001100000000100000010000000000001100000100000000000000000101000000000001001001000011000000110000011100000001000
0011000101001000000000001100000000000000100000000000010011000000000001000001000100000000000001000100000000001000000100000101001000000001000000000100100000000001101000000010001000000000000000101000100001000000000000001100010000000000001000100000100100
0000100000110000000001010100100000000011000100001000000000000000000011001101000000001000000000000001001000000000000000000000100001101100100000110000001101000000010100000000000000000000000001000000000000001000100000000001100001000010000000000000010000
1010000000010000000110000101000000000000000000000100010001000010011001000000000010010000100000000000100000000000100000000000000000010001000000000100000000000000010100000000000000100010000000001000000000000110000010001000100000000100000000011001001001
0000000000000000000001001000011000100000000100000000001001000000011010000000000000010010011110000100000000000000001100000000000000000011000000001000100101000000100000000010001000100000000100000000000000000000000100000100001100010010010100101100000000
0100000010100000000100000011000000000100000100001000100000000000000000100000000000000000001100100000000001001000100100000000100010000000100100000010000000010000010000100100110000000000000010000100010000000000000000010000000000000000000100000000110010
0000000001001000010000000000001001000010000001000000100000010000000100000000000001000000001010001000101001011000100001011010000101010010100010000000000010000100010001000100010000000000011000000000010000000000010001001000000110000000000010000000010100
0000001001100000100010100100000100000000000010000000001000001010001010000100100010000100100000100000000000000000010000100000000110111000100001001001100001001000010011010000000010011000000010000010000000001100000010000011010000010001010000000000100000
0000100000000000000001000000100010010000011000000001000001000010000001000000010000001000001000010000000100000101010000100000000000010100000000000000000001000000000000000000000000001001000000000001001000100100110000100010000000000000101000000000000000
0000000000000000111100000010000000001001000000000000100000001000001100000010000100000000000101000000000010001000000010000100000100000001000000000000000000000010001000000000000000100000100000000001110000000000000101001010000010100000000001001000000000
0000100000000001011000000000000110001000010000010010000000000000001000001000000010010000100000000000010000000000000000101000000000000000001010001000000000000000000000000110000000000010100010000010000000000000001000000001101000100001000000110000001000
0110001000100000000010000101000000000001000100000000000001101101100010010000000000000000010000000000000101000000100000000000000000100000100000000000011000010000001000100100100000000000000000010000000000000000000000001000000000000000000100100000001100
0000000101010001000000001000010010000000000000000000000000000000000001110000000001000100000100001010000000010000000000000011000000000010000000000000000000010000000010000000000110000000010000000000010000010001000000100001000000000010001001000000100101
1100000000010000000000000000000101000000000101000000001010000000010000000000100001000000000000010000000000101101001000000000010100000000000100001000000000001100001000100001000110000000000000000000010000000000110000000011000000000000000000101001000001
0000010001000001001000000101010100000101000000100000011011000100000100000000000001000011001000001001000000000000010010000010010000001000001100001000000000000100001000001001001100010000010000100000010001010100010110001000100000000000010000010000100000
0000100010111000001010000100000000000000010000000000000000011000100000011001100010010000000000001000000000001000000010000000000101000000001100100100110000000010100000000010000100000000010010101000000000000000000000000001001000000000110100000011000000
0000001100000001001001100001001010001000000000000000000000001000100000010000000000000010000000010000010100001000000000010000010010000001000001000000001100000000010001110100000010000000000100000000100000000100000010000100100100000010000100000000101010
0100000001010000000000000001100001000000001000000010000000000000000001000001100010001100000110000100010000101010000000001000101000110000100000000010001001000000000000000000000000100000000011000010100100000000000000000010000100000000000100000000000100
0001000000000100000000000000011100010000000000000000000000100000000001100010000000001000000001010100000000000000001010000001111100100000000000001000000001100000100100010000000100001000100000100100000101100000000000000001000110001001000000010000100000
0110010000000000000000000000100001100000000000000000000000000011001101000000000000000001000000101101000000010000100000000000000000000000001001000000000100111000100000001001000000000100000011001001000100010000001001011101000000000010000000001100001000
1100001000001011100000000000001001010000100000010000100000000010001010000010000001000000001000010010010000010000000010010010000000000000010001000000000100000001011000010110000000000001000000000100000000000000000000000000000001010001000001001001000000
1100001000000001000000000001000110010000100001011000010100000010010010100100100000100000000010000110000001000001100000100110010010000011001011000100000011100100000101000010000000000000000000000000000000000000001000001000110110010010100100000000000000
1000000000000000001001100000001000000100000000000011000000000000010000010000000000010010010100010000001100000000000010000100000100001000010010000001000000100000000010001000000011010100000100000100001100001000001000100000000000000000001011000000000001
0000001010001000010000110001000000010000100000001000000100001100000000010000000010000000000001000000000000000000100001101000000000000000000000000000000110000000000010000100000000000000001001101001000000000010001000000011001010000000000000000000000000
0001000000010000100000100001000100000011000000000100000000001100000000001100001011010000010010001000000000110000100001000100000000001000000000110000000000100000000000001001000000000000100000001000000001001000000001010000100100000010000100001100001100
0000000001000001000100010000000000000000001000000000000000110000000000000101100001000011000000000010000000000000000011000101100000010101000000001000000000001001000000010010000000000000100011100000000001000001000000000000000000100000100010000000000100
1010100010000100000000010000001000000000000000100000010001010101000000000100101010100000100000001000010000000100000001000001000001100000000100010000100000000000000000000000100110001100011001010000100000000000000000000100000100101000000010000000000000
0001000010000000001110000000010100100000100000000000000000000000010111000101000000001010100000000000001000000000000000101000000110000000000000011010000000010000110010111010000000010010001111000000000000000000110001000001010000010000000000001001000100
0001110111101010000000011000001010000000000000000000000000010000001111001100000000000000000000000000000000000000001000001001000101000000000101010000000000010010010010011001000001001000010001000000111000000001100000110000010000010100000000000000000000
0110000100000000000010000000000001100001000000000000000001000110100010110001010011000000000010000000000000000000000000000010001000100010000000000000000000010001000101000000000110000010000100110000011000100011001100100000100110000001110001010010000000
0010000000001000101000000001000000000001000000000010010001000000100000010100010001000010000000000010000100100000110100000001110000000000000000000000000000000000000100000000000010000000100100100000000110000000001000001100100001010000000000000000000000
0000101010000000101100000000000010101010000000000111011000100000100000011000000001000000010000000010001000000100001011100000010000000000000001000001000001000000000000000000000000101001000000000000000010001000010000000000101000001000000001001001000000
0100011000000000101000000001000000000011000000000000000010000010010001000000101010100000000000000000001100000000001000100001000000000000000000000001000000010000000001010100000000001010010010001001010010000000100010001000001001000100000000000000000001
0000000000000101101001000000100110000011001000010010010000000000100010000100000001010101100010010000000000001000010010000000000000000001101001000001000000100000000000000011000100001001001010011000100100000100010000001000010010000000001000110010000100
0010001000100000000001010100000000000000010000010001000000000000100001000001000000000000101101100010000000001001000100000000000000000001000110000000000010000000110000001001000000100000100000000010000001000000000000000010001000000010000100000000000010
0000000000001000000000000000100101010000110000000000000000010000000011000000101000000000000000110001101000101000100000001000000110000000000000001000101000000010000000000000000000000000101001000100000010000000000110110101010100010000000000000000000001
0100000100000010000000000001000000100000000000000110000000100000001010000000100000000101000001110000000001000000100100001000110001000010100000001100010000010000110000001000001100000000010001000000110000010010000001001100000000000001000000000100011100
0000000010001000000000000001010000010000010100011100001000000101100000010011000000110000000100010000000000000001000100000010100001000100010010000000110000010000000100000001000000010001010001000000001001000000000001001000000000000011000000010001001000
0000110000000001111000000010000110000000000000100000000010101001000000000010000001011101000000100000010000010100001011100001010000100000000000000000000000000011100000000000000000000000000010000100000100000000010000000001000000001000000010000010001000
0000000000000001000000110100000000000011010010001000110000000011010011001000010000000000100000011000000000010100000000000000010011100010000000000100000010100010010010000000010001000101000000000000000001101100000001100000000000000000011000000100011000
0100000001010100101001000000000010110100000100111010010000000000000010100100000100000001000000101001000001000000000000010000000100010010000100000001011000011000000100010010110100010000000000001000100000000000001100010000000000000000001000110000000000
0000000010000000100100000000000000100000001000100000000000000000000010010000000001000000000000000011000000000100000000000100000100001000000000100001000000000000100000000000000100000000000101100000000000000001100100000000000000001000110100000010000000
0000000000010001000100000000001000111010000000000100001100000100000000101000000001000010100100000000000000000000000011000000000100100000000010111000000000000000100100000000000101010000000010000000000000001100000000000000000100001000000000000111000000
0000000010000000000000100011101001001010000010000000000000010000101000001000001000010000000010011000000001001000001110000000000100000000101000010101001101010000001001000000010111000000000000010000010001000000001000011001001000000000010010000000110000
0010000000100000001000000000100100010001000100000000000000101000000000000000001000000101101000011110010001000000000001000011001000101010000000000010001011100000000000000001010101001000000000000011000000000000000100000001010000001100000000000001000000
1000100000000000000001000000000000111010000000000011011100000010101010000000000000100000000100000100000000100000100001100101000000000000001010000010010000000000000001000000010000101000000000100100000001000001000000000001001001000000000000001100000000
0100000000000001000000100000000110001000001010010000000000000000000000010000001000000001010000000000000100000010100101001000001010000000000000010000011100000000000010000110000010001100110000110000001100010100000000000000100000000100100000000101000101
0000101100000100000000000000010011000000000000000001000011101000000100100000000001000000001000001000000100101000000100000110000001000011000001010000000000000000000000000011100101000000000000100000000010100001000000000000000000000000010000001000110010
0100100100000010000000001001000001001100000000000011000000001000000100001010100001100000000010000000100000010110010000000100100000001000000000010000001101000000000000000010001000000100000100000000000000000000000010101000000100010001010000000000000100
1010010000001001110000100000000100001000001000010001001000001100000010000000000000100001010000000100000100010011000000001001100000000000001000000000000001000000000100100100000001000000001000010011100001000000010000000001100100000000100000000000010000
0010101010000100010000010000100000010010000000001000000000001000000000000100010000100001000110001010000000000000000000000001000000000000000011000000000000110000000001000001100101000010010000100010000100100000001000000000001000001000000000001000000001
0000010000001000000000000100000000000000010100000000100000000001000000000000000010101100000000100100010000000101000000110000001000110100100000100000111000000000000011000000100000000000000010001000000000010000100000000000000000000111100010010000010100
0000000011000000000000000100000100010000000001110000000100000000000000101100000000000000000000111000000000000000000000010000011010000000000100011000100101001000100000000000000000001010000010110000100100000000000000100100000000000010000001000000000000
0000000100000000000100101000000000000000100101100000100001000000000000010000000000000100010010000000000000100001000001000001010000000100000001000000000000100000001100000000010000001000000000000010100001110000000000000000001000010010000000000000000000
0000000000000010000100000001000010000000010000100000001001001000000000000000000001000000010000000100100100000000011000000000101011000001000000000110100001000000000101100000000000000010000100001000000010010000001000000000000000000001000010001000000010
0000000000000000001000100000100000000000000000000010000000010000000001000001000001010000100000001000000010000001011000000000001100010000000110000100000100100010000010000000001000001010001100000000000010000000000000000010000000000001000000000001000001
0010000100000010000011100000010000000100100000010100000011001000000110010000100010100100100000001000000000000001100010010100101000001000100001000100001000001001111001010001000000000000000000100001000000000010000000000010101101000000000000110001101000
0000010000000010000000000010111000010000000011000000001010010000001000000000000101000001010000000000000000000000110001100000000000101000001000001001000000000000000000000010000100000000000000010000000001000000000110000001001000000000001000101000100000
0100010010000000000000000100110110000001000000011000110001000000000000100000000000000010000001000000000000000000100100000000000000000000100000000001000000100011000011001100000000000000000000000000000001001001000011000001010100110000000001000001000010
0010000000110000010000000001000000010000110000100000000000010100000100000100000000110110000000101001000000000010000010000000010000000100000110110000100100010001010000010000100000000001010001100000001000001000000001000000000100001000000000110000100000
0110000001010010010100010000000000010000001000001001100101000101001000000000000100000110000001000000000010000000010100100001000010010110000100000000001100000001110000100010000000010000001000010000000000010000000101101001001001001010000010000010010000
0000000000010010000000001010000000010000000010110100000000010000000000000000000100000010000010000000100000001000000000000000001000000001000000000000000100000000000011010000001000000000010100011000000001000011100010000000000000000000000010000011000000
0100001100000010000000010000000000000000000000000100010010110001000000000110000000000000010100000000000100100010100001100000001001000000000000001000100000000000000000010000000001001100000000000000000000000000010110000000000010000001000001000000000000
0000000000000000000001000010010000000000000000101100000010001100000001000000000001001000000000000000100000100000000010000000000101000000000000000000000110000100000000010000011000000000000000000001000100001101000000000000000000001000011000110000100000
0000000000000000010001000010000000000010000000000000000000000000000101000001000000000001000001000000000001000000000000010101001000000010010000000000000000000000010000001011000000011000000001000110000000000100000000000000000000000000000000000001000000
1010001000000101100000000000010100000000000001100000000001000000000000010001000001010000011000000000000000100000000110000001000001000000000000010000000100000000000010010100000100010000100000000000000000000000001000000000000000100000100000000000000000
0001000000000000000000100000000000000000000000000010000000000000000001000010000100000100000000000001010011000011000010100000000000000000000100100000001111000000011000000001000101001000000001001010111000000000011100000101010001000000010000100000010011
0000000100010001100000010000010110000000000001000111000000000000000010101110010110000000000000001010001000000011101000000001010000000001000000110000000000010000000000000100010000100100001001000010000010010000000100000000000100000100010000000010100000
0010000000000000101000000000000110001000000001100000100010000000000010000000000000101000000000000001000011110000100000000000000010000000000001000100100000100011000100000001010000000000100010000100000010100001000000000000010000000000000000100000000010
0000000000000000100000010010000000001000000000001101000001000000010010100010100001101000100100000100000000100001100000010000011100011010000000101010001000000000100000001010010000001000000000000000010100100000010001000100000100100000010000010100000000
0100000000000000010100000000001010000111000000000001011001000000000001010000001000000001000000000000000001101000011000100000000000000000000000100000000000011000100100110100000000010000000000000000000000000000100000010000100000000000000000000000000001
1011000000000000000010001000000000000001000000000000000000100100010110100001000000000000000111100010000100000000000000000001010000001100000010000100010000000000100000010010000000001011001000001000100001000000001000000000000100000000000000001100000000
0000000010000100000010011100000000000000000010100000000010001001000100000000100000100000010100011101000000000100000000000010001100000100010000000000011000100010010100010000000000000100000000001010010000000010000010100010000000000001000000000001000000
1011000000000000100000010000001000000100001011100100001010000000001000001001000010001000101000000000100000110000110010000000000010000000000000000000000000000001000000000000000000000000010001000001000000000000000001100000000000000000000000100000000000
0100000000101001001010001001001001001100100000100000000000000000000000000000000010000000000001010000000000000001000000000000000000000001000101111000001010010000000001000000000001000000010000000000000010000000010100000000000000000000000100100000000000
0000010000000000000000000000000000000000011000000000010000000000000011000000010000000000000100100000010010100000000010000000000010000000000000010010000000000000000010000010000000010000010101000000000001000010000110001001100001000000000010100000001001
0000000010000000000001010011000000100000100000101000000000000000000010000010000001011000010100100110000100010001000001000110001100000111000000000000000000000011000000000001000100000000001000000000010100100000000000001011100010000100000000000100100100
0000000000000100000000100100000000000001000100000000100000000100000000000001010001000000001000000000101001000000000100100000010000000000000000000100010000000010000100000100010000000000100001100000000100000100001000010010000000000000001100000010010100
1001000000011000000000000000001001000000000100000010000000000000000111000010010000000000100000010001000000000001000000000110100001001000000000000000000011000100000001000001000100100010000100010010000000000000000000001000110010000001000010100000000000
0000000000000000001100000000100000000010000001000001001000110100000001010000000100000000000000000000100000000000000001100000000000100000000001101000000000100000100100000000100001001010000000000100000000000000000010101000000010010000000000000101000000
0000010000000000000010000000000010000100001001001000000000000001100010000000011000000001000010000010000000010110100000001100000001100000010000010010000000000001000101000000000000000000000100100000000100000001000000000000000100000001000010100000000000
1001010010100000001000000100000000000001010000000000000100100000010000000000000100010000000000000000001001000010000100000000000000000100000100000010100000001000100000000001001000000001000010010000001010100000000100000010001011000000000000100000000001
0000000010010000010000000000000110000000010011000000000000010000001000000010000001100010101001100000000001100000011000000010001000000000000001010000100000000010101000000000000000010100000010000010001100000000110000000100011000000000010010011100001000
0000000000110100010001100100010001001000010000001001010011010000110000000000000010100000001000000000010000000000000000000000000000000001000100100000000100100000000000000001000010001001000000000100010000100000000010000000110000000010000010000000010001
0001000010000000000100010010000000000101000000000110000000010000101001100000000000110000000000000001100010000001000000000000000010000000000000100000010000000111110001000001001010000010001000000000001000000000000100000010100100001101010000000000010000
0000000110001100000000000000000000110100000000000000100100000000000001010000000000000000101001000000000000000000000000010000000000000000010000000000000000000010010001000100011000000010001001001000000000010100000101001000000011001001000100000010000011
0000110000010100000001000000100000001000100010110010000111001000000000000000000010000000000011000100000000010100000000001000000000100010000000000000001000001010000000000110000000000001001000000010000000000100001000000010001010000010111000100010100001
0100101000110000010000100110000001000010011000110000001000000100000011010010000000000000000100000010000100011000001000000000010000001000000010000000001000001000110000000000010000010000000010000010000001010000000001000000111000001001000100000100100010
0000000000000000101000000000100000001000000000010000000010010100001001000000000000011100101001000000001011000000000010010000101000000001000001010000101010000010100000000000000100010110000000000000100000001010000000100000001001000000010000100100010000
0000100001001001001010001000000000010100000000000000100100000000000000000000100000100100000000000001101000000000000100000000100001000100000100000000001000000101100000010000000001000000000000110001000000000001001001010000100000000000001010000000000001
0001000000100110010010000001010001000011100000100000000001100000001000000100000000001000000000000000000000000011011000000110000000000000001000100001110010001100000000100000000000000000000000000000000000000010001000100001000000000100000000100001000001
0100001110000010000001000100000001100110000010000000110010000011000001000001001010000100000010000000000000010001001001011100001001000000100010000000110001111000000101000000100000111000001000100100100000011000000000001100000000000100000000000000000010
0000000000000000000100000010010000000000010010000000000000000000010001000010100000011000010001001011000000100100000010000000000000001000000001010000100000001001000000000000000000010000100000000000100100000010010000001010000000000000010000100000001000
0000000100000100100001001100000000111001001000000001000000001100000000010110000000011010000000100100110110100000000000000001001000000100000001000001011001000000100101000010000001000000001000000010000000100100011100000001000000000001000000010110000000
0100000000000010000010001100000100000000000000000000000001000000000000000100000000000001000000001000000100000000000000010100010010000100000000000010100100001010001101100000000100001000010000000000000101000010000000000000000000010000000000001000000000
0001011001100001110000100001000001001010001000000001000000101000001000000001010000100000000010001001010000010001101001000000001000000010000000000000000000100000010100000001000010000000000000000000010100000001001001001001010000110000000001000100101010
0000000100100000000000110000000000000010000000000000000000010001100101000000000000100000000000001100100000000000000100101010001000010000001000000000000000000010000100001000000000000001000100000000010000000000000100101000010000000010000000110100000000
0010000100000100001001000000010000000010010010000100000110000000000000000000000000010100000000000001010111001000000000000010101000001001000010000001000100010100000000010000010000000000000000010100100000000000000010001100011000000100000000000010000000
0000000010000000000000000100000000100000010010001000100000000000001000000000000100000010000000101010001000000000000000001000100000000000010000000100000000000010000000000000000011000000000000111100000000000000000001000010000000000000011100000110100010
0000000101100001000000000001000100001101000000000000001000000000011000000010011001001000011000000000000000100000000100000101000010000100000000000000010000100000000000000000001000000100000000001101010000000110000000110001010000000000000000000000101100
0000000000000111000101000100000001110001000001000000100000000000010000100000000000000000001000000000010000000000000100000010000000000000010000000000000010010000000001100000000001001010010110110000000000000010000001000000000000000000010000000001000100
0000000000000000000010000100000010000010000100100000000001000000100101000000000000000000100000000000000000000001000000000000000001000110000110000000001011001011000000001000010000010000000000000001001000000000000000000000000000000001000000000010000000
0100010001100000000000110100111000000000000000000001000000001001010000000101010100010011000000010001101001100110000001100000000100000001000000000011001000011000000000101000000010000001010000000001100000000000000100000100000011000000000001000000001000
0010100010000100010000011010001001000100000010100000010100001010000000000000000100000100000100001000000000000100010100000000000000000010000000010010000000000000000001001000001001010000000011010000110000000000000000001000000010000001000001100010010000
0000010000000010000000000000001001000001000001000000100110001010101000100001001000000000001000000000000100000001000101000101000000110000000000100100010000011100100000000000001000001100000000001100000100000000000001000000010000010100000000001000000000
0000010010000000000000000000000010000010010010000000000000001000001000000000001110001000010000001000010010000001000000000000001010000000000010000001000000101000001000000000000001000000001000000000001000000000000100110000100000000000000010000000100000
0000000100000010000110000100000010000100010100000000000010000000000010000110000000000000000000001000000100000000000100000001000010000000000000101010000000000100001010000000000000000010000000100010000000000010000000001000100010010000000000000000000010
0000000000000000101000000000000001011000000100000000010000100110000000010000001000000000000000100000000001001000000000001000100001000000000000001001001100100100000000011000000000000100000000100101000000000010000000110000000001000000100000100000000011
1011000000100000011100010000000000001000000000011010010000000001000000000000010101010110010000000000010000000000001000100000100001000000000000000000000000100010110100000001000000101100010000000001010010000000000100000100101000100010000000001100100001
0010000000001000100100001001000001000001000010000101001000001000100101100111000100000100001100001001000001100000000001100010000000100010000000010000010000001000000000010000010000001000010010000000010000110100010010001001010000001101010000000000001101
1000000000000000001000000100100010010101000000000000011000010010100111010000000000000100000000010000000100000100000100100100000110100000000000000001000000000100000000010000100010000001000001000000000001010000000000000000000000001001000000000100000000
1100101000011000000101010000000000000001100000000101000010010000000000011000000000000000100000110000000000001000000000100001000000000000010010101000000000000000000000001000000011000110000101000000101000000000000000000011100100001000110000001000000100
0100000000000000001000010000000000000100000100100010000000000100000000000000001101100010000001101000100000000000000100000111001000000001000001001000100000000000000001000001100000001000000100000000100010010000100010000100100000000000000000100100100000
0001000000000000000000000010000001000000000110110000100000000010001001110000000000010010010100000010000000010001010000000000000000000101010000000000000000000010000000000000010000000010000100001000010100010000110100101000000010000010000000100100100000
0000000010010100000000000000000000011010001000000000000001000000000000100010000000100000000000000001000100001000100100010101000001010000010000000000010001100000000000000000000101000010000000000000010000000000000000000010000000000000001010010011000100
0100000100000000000000000100000010100011000000000000100000000011100010001001001000000000001100000000000000001000000000000001101000100000000010000101000010000000100000000001011000000100000000100011000000100000010000001000000001000000000000000010100101
0000000001000100000000000000110100110100000000001000000001101000000000100000000110001000000001000000000001000000010101100000000000000001000110010100001000000010010000100000000000000000000000000011000001000010000000100000110101000000100010001001000000
0010000000001010010010100001001000000000001101100000100010000000010000100000000000000000000000100101000000000000001000001001001000000010000100001000000000001001000010010000001000100100010110000000010110000000000000000001100010000001100100010000000000
0110000000100000000000000010000010001000000000000001001000000001001010000000000000000000001000100110000000010000000000010000000100000000000101000000000100100000000001000000101100000000000001000000010010000100000100000001010011000000100001001110000000
0000000001001011000000000000000000111000000000000000000000011000011000000100010000001010011100000000001000000001100000000100000000010000000010010000000000000100000000000000000000000010010000010100000101001000000010000001000110010100001000000000100100
0000000010001000110001000000000010001000001100100000000000010000100000000000000011000000000000000000001000000011000100101000100000000110001100100000000000100100001000001000000000100000000000000000000100000000100001000100000000000000001000000010000000
0000011000001000000111000100000000000110000000000100000000000000000001000000000100100000000000000100010001000000100010000000001000000000100000000110000000000000011000000100100000000010110000010100100010010000000000000001000000000100000010000000011000
0000000000010000001000000001000000000100000000100100000100010000000000000000110000000000000100010000000010111000000010011000010000001000000110100000000001000000000000000000000000100000000001001000100101000000000001100001001000000010000000000010010010
0010000000000000000001111010000000100000010100100001010000000000000010000000000000000000001000010000010000000000000100000001001010000000000010010100010010010110001100011010000001000000100000100100000010100000010010001000000100100010010000000101010001
0000010001000000010001011000000000010000000100010000111010010000000000110010000000100000010000000110000000000000100000000100001000001001000000010000100000000000010000000000000000100110001000011000000011010101000100011000010000110000000100100010000001
0100000011010010110100000010000000100100000000000010100000001000000000010000000100010000000110000001001001000010000110000000100000111000001000000000000000000001010000100000100000000000000000000100001100000000000000000000000000000000010000000001100000
0100101100000000000011000110000000001000010000010000100001000100000000010100000000000000100000101100000000000000010000000100000000100000000100000010010001010101100001000000010101000000000000000000000101110000100001000000101101000101000000001101010000
1011100101100001100000000000000010000000000000000100001000000100000001000000000000100000001000000011011000000011100000100000000000000100000000000000100001000001010000000000000100000000000000010110110101100010000000000000000000000000000011000000000000
0000010000000000000100011000001111000110001011011000000010000000100000000000000000110100000000100000000001000000000000010010000000000001000000010111000000001111000000000110100001000001000000000000001000000000001000000000000000010000100010001000000100
0110001110000000111010011000000100000100000000101001000100100000000010011010000000000010000000011000000010000000000000010100100000010101101000000010000001010000000000000000001000000000100101000001000001100000100001000000111000010000010001000010000000
1000000000001010010110000110001000100000000001000001000100000000000110000000000100100000000000100001000100100000000000101001011000011001000100001000000000000000000000001000010010000100000000000000010010000000000110000010000000000010001110000001000000
0000000000000000010000000100000001001000100100010010000000100000010001100000000100000000000100000100001000000000000000001000001001010000000000000000100100100001000000000000000010001100000001100101010000110000010011000001000000110000010000000000010000
0000010000100101000000000000000100000000100010010010000000000000000100000100000001001000000000111100010000100000011001011000000010001000010000100000000000000000000000000000011110000000001100000000010001000100100010000000001000000000000000001000000000
1000001011100000000000001100000010010010001000000000000000001110000000000000010001001100000000100100000100000000000111000001000000000001010100000001100001000001000000000001000000000000000010000010000010000000000000001000010000000000001000000000001110
0001000000001000110000000000000001010000000001000001000010000000000010000010100100000000001101000000100000010000000001000000100000000000000000000000000101010010000010000100000000000000000100000000000000100000100000010000000000001010010000000000000000
0100000000000100010001000000000000000100001010000000000000011000010010001000010010011000000100000110000000000000000101010000000101000000010001000000000000000100000101010000010000000100000001100000010000000000001001110100100000010000000001001111000000
0000000100000100000000000000000110000000100000100000001000000001000010000000000101100000001000010000010100000001010000011100000001010010011100010000100000100000100001100001001000100011000000110010000011101000000100000010000000000000000000000100000001
0001001000100100001001010000000010000000000000000000000001000000000000000000000000001000000100000000000100010000001010100000100001001000000001100010000100000010000110001000010000000000000000000000000000000000000000000000001011000100000000000100010010
0011010000010010100000000000000010000000001000100000000000000000100000000010000000000000001000000000001010000010000100010000011000000000000010110001000101000001000000010010101000010000000000000000000001000000000100110000000000000000010000000100000000
0000010000111000100100001000000010001000000000000000000000000000001001000001000000000000010000010010001000100000000011100010010000000100010100000000001100100110000100001000000011111100000100000000000000011000000000100000001000000110000101010000100010
0000010001001010000000010100000000000100001100000000000000000000000100000000100000000000000100100000010010010000100000011000000000100100100001111000000000001000000100000011000000000100001000000000100100000000000000110000000100001011010001000011000000
0010010001000010000000011010101000000000000000001000100001000000011000000000000000010000000010100000001000001000000000000000001000101110000000000000110000001010100000010000101000000000000000001000000010100000001000000000001000000100010001000001111000
0010000000000001000000101000010000001001000101100000001001010000010100000010001100000111000100110010101010100000110000101000000010000000100010000100000010000001000101101000000000001000000001000000110001000000000000000010000010000000000001000000000100
0100000000010010110000010001000000000000000000100000010000000000010000010000000010101000001000000000000000110000101100000001001110001000001100000100000111000001000000000000000000000010010010000000100001100000000100001000000110000000000000101010000000
0010110010000000000000000000000000001000001000000001001001010110010100110100000001000010010000000000010000000001000000100000000000000100001011010000001000010000001000100100000101000000000000000110000011000000010010000010001000100000000000000000000000
0100000010000000100000100000000000000000000000010100100000101010010001000000000000001000000100000000010000100000000001100000000001001000001010100000000001000010000010001100000000000000000000001000000000110000001000100000010100010000100001000000010000
0000000000010000100110000100010000010000000000000100000011000001100000001110000000000010100001110000000110000100000000000000000010010000000100001000000100000000100000000000000101000100000001010010000010000000001000001001000000000000000001000000000100
0000000000001000000000000000000001000001000000100000000110000110000000000000000000000000010000000010000000000000000100000000010000110000000000100000000010110000101000000000010000100001001001011000000000100000000001000000000000001000000000000000000000
0000001000000000100010100000000011000000000000000000011000000000000110000000000000000000010100000101000010001100100000001100000000000011000010000001100100001000000000001000010000000000000010000001010101010000000001100000000000000010010000000001000000
0010000000001010000010000010000100000000000000000110000001000000010010000000010000000000000000000000100110000000000000000000000010001100000000010100010011011100010000010000000010000001001001101000000001001000000001000100100110000000000000100001000000
0001000001000000000000010001100001011000101000000000010001000000000010000011000000001001000000000000100100010000000000001000000011010101000000000010000011000000010010001001000000001000000101000100100000110010000000000000000000010000001000100001000000
0110000000000001000000010000010000000000000000001000010000000000000000001000001001011000000000000001001000000111101000000000010000000100100000000000000100000000000000001000000001001110000000000001000000100000100000001100110010000000000000100000010010
0000000100000100001100010010000000000000000000000000000000001000100010000000010001100000100000000000101110000010010000000011001000001000100100100000100100000000000010000000000000001100000000100000100000000010100001001001000000100000000100001110000000
0001100101000000000110000010000001000100000000000000000001000000000101100111010000100001000000000001000010001001100000000000001000100000000100000100000000010010000000010000000001010000000010100000000100000000000000001010000000000000011010000000000000
0000100000010010010100010010100100010110000110100000000100000000011000100000000000000000000100010000001000000100110000000000000000100000000011001000000111010000000000100000100000100001010000000011001010000001010100010001000000001000000000000101000000
0000010010000110000000000100000000000001001000010000001101000000000100001000000010000000001000000000000100000000110000000110000000001001000100000000000100000001000000000000000000000000100010001000100111000100000001010100010000000100001000000000000001
0001000000000001000010000001000111010010000100000001000000100000100000100100010000010100010001100000010000000000000000001000000100000011100000001001001000000001000100000110110000000000001001010000000000000000000000000101010000001000000000001100000100
0010000011000000000000000000000000000000000000100000000000000001000001000000000000001010000000010001000000100010000100000010000101001100000000000000000010000000010000000000100000010011100000000000100001000101000000000000000000100000000100100100000100
0010011100010000000000000000001000100001000001100000010000010000000000100000000000010100100000000100000001100000000110000000000000010000010000100110000000001010001000000011100000100010100000000010000010000000000000000100110000000000000000000000000001
0000010000001000000000000010010000010000000000000000110000010000000000000010000000001000001010000001010000100000000010010000100010000000001000000011001000000000110000000001000000100000001000100000000000000000000000001000100101001000100000000000000000
0001000010000001000000000100000100100000100000000000000100000000010000000100000000000001000000000100001001010010000000000000000000000101010011010000100000001000011000000000000000000000000000100000000000000010100010000010100110010110000000100000000010
0010100000000000001010000000000011000000010010001000000001000000000101000001000101000000100000000000000000100000000000000000001000001001010000110000010101010010000000000000000000100000000000100000001100101000000011000001000001010000001010000100000001
0001001000010000110000000000001000000000000111011000000011000000000010010000010000000001000101111010110000010000000000000000100010010000001000100001000010000000000000100011000000000100000100101001000000000001000000001100000000001001000000001100000000
0010000001100000000000100000101000001000000000010100100000100000000110000000000010000000000010000000010000001100100000000001000001001001000001000000100001000010000000000001010000001000001010000000000000001000011000010001000000010000000011000000000100
0000000000010000000000000000010000001000000000001000001100000100000100000001001010000010000000001101100010000100100000000110110000000001100000000100000000010001010000100000010000010001000000000000000001000011001010000101001000000000100000000100101001
0010000100100000100000100000000110010000100000000000000010000100000010001010100000000000000000000010100000000000101011000000000100011000000010000000000000000000100000000100001000010000100000010000000000101000000010011000000010000000100000000011000010
0000001110000000000001010101000100010100000100000110010000001110001000001001010001000011000000000000000000000000000101000000000000000010000000000000000010000100101010000100100000010000100000001000000010000001000000010101011000000011010000000010001001
1001000000001000011100000010000000000100010010011000100000100100001000001000000001010101000001001010000000000101000000101000100000000010100101000000000000100000000001000100000000000001001000000000000000000000000001000000100010000000000000100010011110
0000100100000000000001100000000000001010110010010000000010000010000000000100000010000010000000001000000010001000001000011010000000000000000000000000000000100100100000110001000000010000100000001000000001000010000000001000000000010000000000010110000000
0000011000000001000000000001111000010001000000100000001000000000100000000010000000000100001000001001000000000100000010100000100011000000000010010000010000000000000010000010000100100010000000000000001000000000001001000100000010000000000000000000000000
0000010000100000000000000100100000000100000001000000000000000000010000000000000000100001001000000000000000100001000000000000000100010010000011000000101001010000000000100010000000101000001000000000000000000000100001110010110100000010010100100000000000
0001100011011000000000000001000000000001000000000011000000100100100000100000010000001000000010000000000100000000001000100000000010010100000000000000000010100101000000010000000100001000000000000000101000000000100010000100010000000000000101100000000000
0001000000000000000010010100000010000000010000000000001100000100000101000000001000100101000010010001000000000001001000000001000110001000000000010010001000000010010000000000000011000000010000000000000010000000000000100000100001001100000100011001000000
0000110000001000000000000000100000010001001000010100000000010000000000000100001000000001100001010010100000000001000010000001000001000000000000000000000101000001010100000010110000000000110001110010000000000000100001000000010010000101000000000010010000
0000000000000000001001101000001000000000011000000100000000000010100100010000000000001010001001000000000001000000011000010000000100001000010010000001000000011100100000001000000000000000000011001000010011000000100000000101000100000001000001010000001000
67 183
177 214
