250 250
1100000000010000000000100000000010000010000000000000101000001000000000000000000000000000000010000010000000000000000100000000100000010001001000000010100010000010001001010000000000000000000001000100110110000000000101101000000010000000010001000000000100
0101000000001011100000010000000000000101000010000000101000010000000010001010000100000110010000100101000010101100110000010110000000000100000000000000000100000000000010000001100000000000000010000000110000001000000000010000000000000010100001010000001000
0000000000010000110001000000000010010011000101000100101001000110000000100000011001011000000000000010000000110000000000000100100010110000000000000000110000000001000001000001000100100001000000100000000000000010000000011010010001000000000000000000110010
0001000001001100000000100001000001000000000000000000000000000100001000000000000101001000000010000000001001001000111000000000000000100000010110010010000000000100000010000010010000000001000000110000100011000001000000110000000011000001000100100100000000
0011001000000000000001000000000000000000000000000110000100011100100100000000000000000010011000000000000000100000101000001000000010001100010100000000100010000001000000000100000000000100001010000110010000100110100100110000100000100000000000100000000000
0000101001000000000000000000000000101001100000100010000000000001000000001000010110100000000000000000001000010001010110001000010100000000000001000110000001000100000010001000010000010000001010010100000000000000000000101000100101000000000100010001000010
1000000100000000000000000000010000000000000011001001000000111000010000010001000000000000100000001000001000100000000000000001000000000000000000100000000010010000110000100000101001001001100000000001000010000000100001000011000000000000001000001011000000
0000001010010010010000000010000000000000010001000001000000000000000000101000010000010000000000000000010000000110010000000000110010001000000011001000001100010100000100001000001010000000000000000000000010000101000000001000010000010101000110000100100110
1010000001000000100001001010000100011000011000000000000000000000001000001100100000000000001001010001000000000000000001000100100000000000000000010010000100010000000000000000000001000010110001001000000000000110000010000000110100000000100000100000101000
1000000000000000010000001110000000010000001100000001000000100000000000100100000000000100000001010110000000000000010000010000000000001000000010100000010000010100000001000000000000100000000000000000000110001001001100100001000000010000000000000000000010
0001010000000001010000001010000000010010000001101000000000001000000000101000001000011000001100000000001000000000000010100001010100100010010000000000000000000000000001000000000000100100101000000000000100000100000001100001100100000000000000100000001000
0000000000000000100010000001000000010001000000000100001000000001000000000001000000000000100000000001000100100100000000000100000000000011000000100010100101000001100011010000000000101010001000001100001000100000001010000001010000001000010000001001100000
0001010000000000000100000000000000001000000000010000000000100000101000000000000010000001100010000000000010000000000000010000100000000110100011000010010000000100000000001000000000000101110010001001100110000100000000000000000000000000000001100000100000
0000000010000000100100001000001000010000000000100000000000100000000000000000110010000000000000000010100000000000100000100110100001000100000000100000000000011000010000000000000000000000010000001000000000000000010000011100000100001010001011001011000010
0011000001001000000010010000000000101000000100000000000000000000001001100000000001001000000001000000000000000000010000000000000100100010000000000001000000000000000000000000000000000000000000000010000010000000000000110000001010000000100000000000000000
0000000000000000100000011100000000000100001001000000011010000100000100000010001000011000000000010000000000000000000000100000100000010100010000010100000000110001001000000000111000001011000000100000000100001001000000000010000110000010000000010000000100
0001000000000000010000010000000101001010110000001000000010101000110000010000000001000000010100001000101010100000100000100001000000000100100000000001010111000100000000000001010000000000110000010000000100000100010000101000000101010100000000100001010100
0100100010000001100000001100000100100000000000000100000000000001000000101000000100000000000000100000110000010000000000000010010000100000010001000010100010000000000000000101000001010100010000100000111000100001100000001000000010001000000000000100000010
0000000000000000100100000110001000000010000010100010011000000100010100000010001011000001000001000010000111000000000000001101100000000000000000000010011000000000000000010000000010000000000101000010000010100000001000000000000100000100010000100001001000
0010000000000100000100000000010001000100001001000000001100000100100100000001010000011000001000000100000001000110000011000000100001000000000000001000000000001001000000000000000001000100000001010000100100010000000001000001010001000110000000010001000000
0001010000000000000001000001000010001000000000001010000000000100010000000111001000000000001000000000000010000001010000001000010010100000000000000000000010110001000000100000000000000000100000001000100000010001000001000000000100100000010000000000000010
0100000000000110100101000000010000000000000000000000000000100000000000100000000000001000001000100001010000000000010010100111000001000000010000001011001001000000100000101100000000010001000000010010000010000000001001110011100000100001000001001000000000
0000000100100000010000100100000110000000000000000000000000100010000000000000010000000001000010000000010100000001000000000000100001110001111000000111000100000000000010000000000000000000000000011011011001000000000010000000000010000000000000000000001000
0000011001000000000000010000100001000100100100100001000010111000000010000010000000000000001001000000000000110000010001100111100000000000000010100100000010100000000101000000000000000000001001000000100001000000000010000010011000000000000000010000101000
1000000001100100000000100000000001000000000000001000001010000000000001001100010001110110010000000000000000000000100000000000011101001000010001000000000110000010001000010000000000000000010000000000010100000011000100000011000000100000000001000000000000
0011010010001000000100001000010001000011000000000000100000000001100000000000000000000000000000010000001101100100100010010100000000001100001000000100010000100010100100010010011011000000000000000001000011100000000000000100010001010100000011100000100000
0000000000000100000000000000001000000010000001010010100001100000001000000000001110000000100000000000010001001000000000100010000000000000110000000000000000000000100000000001000000000001000000001000000000000001000101111001100000111000001000000000000001
0000010000000000000000000000000000000000000010000000010000000100100000000010000001000000100000100000000001001000000100000001000010000000010000011010000010000001000001001101010000001000000000000000111000000000000000100010101000001000000110100000000100
0000001011010110011010000010000000000000001000000000010000100000000000000100010000000000000001100101010000011000000010000000000000000001100001000000000000000000000001000001000000010000000010000000000001000001000001000010100001001000000000100000000000
0000001110010100001001000100000000000000101100000010010011000000000100000110001000000000100101000000000100010001000110000010000000000000000000011000101100000000001100111000000001000010001001000000100000000000000000000000001000000000000000000000000001
1001000010001011000100000010000000000010001010000000000010100101000000010001000011100001000110100000000000000000010001000010000000000001000100000000000000001100000000000110000000100010000011001001000000100001001000000000000000000011000000000100000000
0100000000000100000000000000000000000010000000000000000000000000000001000000000000000000000001100001000000011000000000000001001000000000100000000000010001000000100001000100000000000010010010100010010000000001001000000010000000000000000001000000010000
0001000010010000011100001010000000100000000100100000000100001000011000001000110001000010000101010000011000010000000000011010000100000001000001000000000000010001000001010000000000011010011000100000011000001000100000000000100000000010000000000000010100
0000100010100010001000011000000000000000000000000000001010000000011100000000000000010000000000100001000000000101001000000100010110000000000000001000000100100010000000000000000000000000001001011000010000001010000001011001000000000000010000000001100000
1001000001010000000000000000000000000000000010110000000001100011110000000000001100000000000010000001001110001000000000000100000001011100101000010000000000000010101100000000000100001010000010100000000001101001000000000100001100000010000000001000000101
0000001010101000000000000000010000010011000000110000000001001100000100000000001100000000000000000000001000010010011001010000111010000010000000000000001001000001000101000000000000000000000100000000100100000010010010100000100000000001000101000000001000
1000000000000000000000100110011000001000000000000101001010000000110000000100000100101000010000001000000001000000110010010000000000100000000000010001010000101000000000000001001000000000100000001000000000010000110000000001100000001010000000001000010010
0000011000000101000001110001100000000010000100000000000000000000000000100100001000100000000100100000000000000000100000000000000000000000000000000000110000000000000000011000001010000000000000001000100000110100000001000000000000000001000000010001010010
0000100000000000000101100000100000000000000000100000010000100000010000000000000100010100011100100000000000011000100000001000000000100010010000000000100000000000100000000010000000000000001000000000000100000000000111000000000000100000001100000100111110
0000000000000010000010010000000000101000001010000000000000011000010000010000000000000000100010100000000001000000010000000011000100001000000000000000000000000001010000010001001001010110000010001000000001100000000001000000001010000010001100001100000000
0000000000000000001000000001001011101001101000000001000000000010000000000000000000000000110010110100000000000000000000001000001000000000010000010000000000000000000010000010001000010000000000000010000000001000000110000000001010001000000000000001000100
0101011000000110100000000100011010110001010000100110100000100101110110000000100001000011010000000000000000010010100000011001000010000110101100000001000000000010000100000000100000000100000010000000000000000101010100001011100100000000011000110000000000
0000011010100010001000000010001001000000011000000000000000000110000000000010000100000001000100000101000000000000000000001000001100001100000000000000000110000000010000010100001010011000000000000000100000001110001101000000000000110000001000000000000010
0000001100000001000001000001110000100001000010000000000000100000000000100011100000000000000000000000100110001000011010100000000010000000000010000011000000010001000101000000000000000000010110000001010001000000101001000010100000010000000000010100000001
0000010001010001001000000010001010010001000001000010100001001010000001000100000100000000100000010100000000011000010010000000010010001000000000001000000000010000000000001000010000001010001001001000000000000100000000010000101000000000000000000001000001
0000001000001000000010000000110001000100000000001001000000100010001000000000001000000000000011100001000001000000011010001100100000000001010000000001011110000000000000010100010100010110000110000001000010000010001000000100100001000000001000001000000010
0000001101010000000001000000000101000000000010000001000000000001000001000000000000110000010000100000000110000000100000000010000010000010000000001000000000000001010100011000111000000000000000000000000000100000000010000000000000001010001000000000000000
0010000000001010000000001000000001000101000000001000010010000000000101011000000010001000000000000000000001000000000000000000010010000100100000000010000000000001000000000000001001000100101100000010100000010001000000000110010110000110000000000000000000
0000001011000001000000101000000100000001000000000100000010111100010000000000000001000000000010000100000000010000000000000000110000000010000000000000001000000100100001000000000000001000000000000001001000000100001100010000000000010100000000001110000000
0000000100000010000000000000010000000000100000000000000000000101000001000000000000000010000101100000010000000001010000000000000000100000000000000000100000000001000000001010000000000000000000010100001010010000010000100100000000100000001100100101000000
1000000000000000000001000000000000100000000000000001000000100000000000000001010010100000000010001000000000100000010100010110000100100000000000000010100000010101010010001000100101000001100000001010010000000000000000000010100000000011000010001001100000
1000000010000010000000000000000100000000100001100000000100001000100001000000000000000001100000110000000000000000000000000000000100000100000000100000000000100010100000000000010101000000000011010000000100000000000000111000001001000000001000010000000000
0100000000000000000000100010111010000100000001100100000001000001000000000000100001000000001001000001000100100000000000000000100010000101100000000000110000001100000000010000000000000001100000001010000000011010000000000000000100000000000000100000000000
1001000000010010000000001000000000000000000000000000010101000010010000000010000000000000000000000010000100000000100010000100000000000000011000000000000000000001010010001101010010000000000110001000000000010010001000000000000000001111000000000101000100
1000110000000001000001011000001000000001000000000100000000000110100101000000011110001010000000101000000110011010000000000001000100000000100000011000010100000000100010000001000000000000000000001110000000001000100000010100000100000000100000110000000000
0100000000110011010000000000000100000010000000000000100000000000000000001000000000010000010000000100100000000000000000000000000010000001000100000000000000010000000000101111001000001000100001000000100000010000110000001001100001001000000000000100000110
0010010000000000000010000000010000000000000000000100001000000000000000000010000001000100010000000011100010100000000010010011100000000000010000000100100000000000000100000000000011000000000000000000100011100000000000010100000001000000000000000100000001
1000110001000100000001000000000000010010001000000001100000000000010010000100000101000000100110000000001000000001000000000010000000011000000000000100010000001001100000000000001010011000101000000000000001001000000111000000000000000000001110001001001010
0000000010000010100010000000000000000100010000000001000000110000100000110101000100001110010001110100100000000000010000001001000000000000100000010100001100000101000110000000010000000000010010000000000000010001000010010000110100100000010001001000000000
0001100000010010000000000000100000001010010100100100001001001101001110010100010010100100000010000000000000000100000000000000110000001000000010000000100000000000100000000000001010000000000000100000001000001000000001000000000101000000000000000101000100
0000010000000110000111000010000010000001000100001000000001000000100100000010001000000001100001000000001000101100001000000101000000000100000100000000000100000100000000001101001000000100000000001000110000000001000000001000100100010100000000001000001100
0000001000000000110000010000010010000001000010000001000000000000000000000010000000000010000000100110000001001010101000000000000000000000000000000000000101001000001000000010000000000000000000000000010100101100000010000110000011000000000001100000000010
0000010000000010100000101110101000000000000010000001000000000000000001010100010001000000000000000010000000000000000000000011000100000100000010000000001000000000000100000000000000010000100000100000000000000000000000100110000000100000001000100000000101
0000001001100001000100000000100010000101101001100000100000000001000000000000100000000000101000000001100000001100000001000000010000000000100000000000000000010000010011001110000110111000110101010000000100001000000001000100000010001001000000000100000010
0100000000000101000100001000010100100000100000000100000000000100000000000111000100001101100000010100000000010000000000000000000000010000100000000001001010010001001001000000000000000000000001000100100000001011000000100000010000000000000000000000100000
0010000000000000100000000000000001000001000000010001000000000000101000010010000000010000100000100000101000100101010000000000010010010001000000001000000101000001001100000010000100001001010000000001000000000000000000100100000100001010000000000000001011
0000000000100000011010000010011010000101100000000000000000000000000011010101000000000000001000000000000000001010010010011010001000000000010010001000001000001000010010000100000000010010100001000000010001110010011000001100100000000000100000000000000000
0100100000001000000000000100000100000100000010000000000000100000000100000000000000000000000000000011000000000010110000010001101010010000001000000000000110001000001000010000011000000000000000001011001011000000000000000000000000101000010000000100000000
0000000000000000010000000000001000010000000010001001010000000010000000000001010000000010000000000000000010000000000000000001100100000000100000000000000100000000000001001010000000000000000010000000100000000001000000000010100000000010100001000010000000
0000001010100001010000000000110000000000000000100000000000000000001001000001100000100101000100000000100000000100000000000000000000011010010000000000000000000000000000000000100000001001000000000000000000000010110110001000000000100000000010111100000000
0010001000100000000010100100000000000010000000000010000000000011010000010000000001001000000010000001000000000000100110010000000000011100000010000100000000100000000000010000001100000100000000010000000000000000000000000000000100010010000001000000000000
0000010000010000010000010001000000000001010100010000110001000000000001001000000000010000000000000000000000110000001010000000000000100000000110100100010000001100000000000000000010000000000000100000001000000000000001000000000101001000001010000001100000
1000010000101100010000000010011010100000000000000010000000000000001000011010000000100000100010100010010010000010000101101000000100000100101000101000000000010000011010000000000000000000000100000000000000000000000101000000000000000001000000100000000100
0100100000000001100000000000000000000100100000001000000000000000000000001100100000000001001001010000000000000000100000000000010000000000000000100000100000100000100000000001010010001001000000000000000000000001010000000000001001010001000000100000100001
0000000010010111010000001000000001000111110000101000011000000000000000000010100001001000010000000100100100000000100110100100000000001010100000010000110100000000000000010000010000100000000100110010000010001000011101000000000101000100000000001110001000
0000000000100000000000000000000000000000110000001000000010000000000100100010000000001010101100000000110001100000000000000001010100000010100000000000000001000000010010000001000111000000010000000110100010000000000100000010001000000010100000000001010001
0001000000000000000000100000001000011010000000000000000000000000100000000011000000000000001101000100000100100000100000000000100000100000100100000000000111000000001000100000000000001000000000000001000011000000011001000000100000000001000010000000000000
1100000000001001100000110100000000100010101000011000000010000000010100010000000100000111000000001010100000000100000000100000101000010010001000010100000000000001000000000000000001110100000000000000000011000100001000000000000000000000000000000000100100
1010100000000000011100000111000000101000010000100000000000000000000000000000001010000000001100000000001000000000010000000000000000011010000000000001100001000100000101000001000000001000000110000000000001000101000000010000011010001000010100100001001000
0000100000000010001010000000000000000000000000010000010000000001001000000111011101000000100010000000000000010010000001110010010000000001000000010010100001000001000000001000000001000000010000000011000001000000010000000100001000000000000000000011000000
1000000000001000000001011000010000001000110000100000000000110001001000100100000000000001001000011010000100000000001100000000000000000000100001000000001000000000000110101100100100000110000000000000000101100000011100000100001000010000000000111010001000
0001101000000000000110000000000010001000000110001000000000010000010000000000000100000000000000011100000001000000000000100010000000100000000010001001010010000001000000000000010000010000011000001000000000000000000000010010001010000000010000000100001001
0010100000000000000010100000101000010010000010000001000000000000000110000000000010001000000000101011000000000000010000010000000010010010100010000000001000000000100100000000000110000110000010101000010100101000100000000000010000000001010100000001000000
0100000000000000000010101000000000000010000100000010000000010101000001000000001100010000000000001100000001100000110000010000000000010000000000000100000100011000000100000000000000000111100010000000000000010000000000000000000100000000000000000100000000
1001000000000000011001000000000010100000000100000000000000000000000100000000100001000010000001000000000001000010011000000000000011001001000000010000001010010001011000001000001100001000001000000000100000000001000101000000000000010000000010000000000100
1100000001011000000010000001001010010000000010010010010011001101000000110011000000010001000000001000000000000000110100010000001000010000000000000000000100001000001011000000000000010000011000101000000100000000000000000000010000000000000000000100000000
0000001000111000101000101000100100000000000001000001000100010100010100000000000000001000000000000000000100101000000100000000001010000000000000001000001010100010000000000100101001100000000001000000000100001000000100000000000000000000000100000100000000
0000011110000101000000000010000100100000000000010000000100100000000000000001000100000000000001000011010000000000010000011000100100000000000001010000110000010001110100000100001000000011000000000010000000011000010000010011010000000000000000100010000010
1000100001010010010000000000000000001000000010111100000000000000010000000010000100000010000100000011000100000100010100011000000000110011001000010001000001010000000000000000000110000000000001010010000000000000011000010000010000010100000000100010000000
0010000000100100000000000000001000000100011000101001000000000110100100000001000100010000000000000000011001000100000100100100010000110000000000000010000000000000001010000010000000000000000000000010100000000100000000000100000000101000000000010000000000
0010010000010001100100101000010000000000000000010001001000001001100000000100001000100000000000100000100000000001100101011101010000010010000010100000010000000000000000000100000000000000101000000100000000000000000010000100100100011001100010010000000100
0000000000000110000100000000000000000000000000101000010000010000000110000000001000000010000000000000001010000000100010000010000100001000010000110000101100100000001000000000000110000000000000000000000000001100001000000001100010100001000000000010000001
0000010000000000001100000000001000000100000000001000001000000100000000101000000000000000000000000000000000000010000000100010000000100000010000010000000100000000100000010100010000000100001000000000000100100000000000001000001000000010001000011000100100
0010010000000110001010000011000011000010100000100000000010001000000000000000000000000000000000010010100000000110011001000001000100001001000000011001011001001000000000000000101001000000000000010000000111100000100000110000110101100000000100000000000001
0000000010000101000000010000100010000000010000000000000010000000000101010010110000000110010001001000000100010000010000000001010000000000000010010010000000001010000100001001001000100000000001000000100000000000100000000000000000100010011000101000000000
0000000101001010000010000000000000001000000000010000010001101101010000001010000000100010000001000100000000000001000001010000010100001001110000000000100100000010000000100100001010100100000000000000000000000000000000000001000000010011001000000001000010
0000100100000000100010000001000000001001010000100011100000000100100000000010010111000001000001000000000000100000000100000110000000000000000100010000100100000001011100001100010100000000010100000000100001001010100000101000000000000110100100000001000000
0000001001100011000000000000000000000000100000000100100000000000000000000001010010000100000100100000000100000000000100000100001100000000000000000110101110100001000000000000000000000110010001000100000110000110000011010010100001000010100000000001000000
0000000000000100001000000000000000000010000000001000001000010000110000000100010000000000000010010010000000000110001001000000101000000000000100000010100100011001000000000001100000000100000001001110000000100000101101100101001100000000000000000100000000
0000001000000000000000000000100000000011010000100010000000000000101000000000001000100100010000000000000001100010000000000000000001000000000000001000000000000100000001000000000100100000000000010100010000000001000000000000000000000110000010000000000100
1000000110000000101000000000000000000011110000001000010000001000000010000001000001100010000000001000111000010001001011001100000100100010010000000001000001000000000000000000000110001000000010100101000000000000000010000111000000100010010100000100000000
0100010011000000000000000000000010100100000000001000101000100010101010011000010000101000000000100001000000000000000000011100000000000000000011100001000100000011101000010001100000100100011010000000000000101000100000010000000000100100000000001000000000
0100000000000001101010000000000000000000000000001000001000000000100000000001000100100101000100000001010010000010001100001000000001000000000000011101001000000000000100000010100100000001000000000100000000000100000111000000000010001000100100001000000000
0000000001011000010001000000100000100100001000001000011000000000100000000000000101000000000000010000000000000000000101000000010100010000000000101100110001000110010010110000100000100000000001010000000000000000001010001000000001001000000110000111100010
0000000000010000000000000010010010000100000000101000000000010000000000101000010100101000110011000000000000000000000000011101000000010000010101001000000000001000000000110110000000100000000010101100000000010101000000000100000000001001100000110001110000
0001000010100100001000101000000000000000100000010000000001000010100001100000100000100100000101000000000000100010001000100000000000000001000000000001010000101000000000000000000000000001001000000000100001000100000000001001000010001001000000000010011000
0010110010000101100000000000000000101100000100110101010000010100000100000000101000000100001010000000000001000011000000001000000000001000001000010000000010001000000000000000000000000000000000000000000000001100000000000010000000111000000100000000000100
0000010000000000000000000011000000000000000001100000000000000000100000000000000010000110000000010100100000110000000000010000010000010000000001000010000010000100000100000001010000000100000001000000000000010000000000010000001000001001000000000000000000
0001100000100010000000101000010000000000000001001100000100110100000000000001010100000100000000000000010000100101010000101001001011010000010000100000000100011000000000000011100001100001110000000000000000000000001000000000000000000000000000000000000001
1001011000000000010001000000000000100000001010001000000000000000000000000010000000010000000000000000100001100100000001000000010010000000001010100000100110010110010000000001000000000010000100000000100000101000100100010110000000010110001000100000000101
1000000000000100000001010000000000000100000001001111000000000001010001001000000010000001001000110000000001001010100000001000101010000011001000000000000000100010010000000000000010000001001011100101000001101000000000000000000100000000001000100011000000
0111001010010000000000000001100001000000100000000100000000000000000001000000001000000000000000101000000010010000001000000110000100100001000001010000101000100000000000001100100010010001010001010001000010000000000000000000000100000010000000100000000001
0000000000000000000010010100000001000000010001000000000000000000010000000001110110110000100010100110010010001100000000000010000000000010001000000001000000010000000000100000000000010010000000000010100000001101100010101001000100110000001000000001000000
0000011010000000000010000000000000000000001100100100011000100001000010000000000100100010100010000000000000000000000100000000000001010001101001000100000000000001001000000010000001000000000001000000011010001000010000000010000000001010011001000011010000
0000000000010000110100000001000000010000000000100100000010000000000011000000010010000100000000101000001000001000100000100000000000000010001000000001000000000100010000100000100000000000000000110010101000000001000011000000001000000000010000000000101000
0001000010000000000000011001000000001100000000000000000100001000110000000000000010100100010000101000000000000100010010000000100100000010000000000001000000000100100100000110010100010000000001010000000000010010000100000000000000000000000000000000000000
0000000000100000000000000001001000101000110010001100000000000010000100010001000100000000010000000000100100001000000100001000000011000000110010000010000000110011000000000000000000001000001000000000000000100000011100100000000000000000000000100000000000
0000000010000000000000000000010000000000000000000000011001000000100000001000001010101000000000000100000000000000000101000000001001000000000010000000010010010000000000000010100011110000001110100000000000110000011000000001100000000000000000000100000000
0100001001000000000000000010000101000000000001000100101000100000010000000001000000010001010101110000000000001000010000100000000001001000010000000000000000000000000000001000000000000010010000001000000010000000000100000000100110000000000000100000010000
0010000010001000000000001100100000001010100000000110000011000000010000111000000010000000000001000000001010000001000011000000001000001000000000100000000000000100110100000000001100101000000000001000000000000000000000000000101000000010000000000101000010
0000010110010000010000000100000000010000000001000000000000101000000000010000100000000000000000000100010000110000000000101000000000000000000000000000000001000000100000000100010000000001001000000001001000101000000001000000000000100100000000000000000000
0010001000000000000010000000000100100100101000000010000000001000000000000011000000100010001000001000011000101001000000000000001010000000000111000100000100000000000000000000010100000000001000000000000100000001000000100000000000000100000000000000000000
0100100010000000001010000000010000010000001000000100010010001001010000000000001000000000000000000000000000000000001000000000010000000000010000001000000100001010000000010000000000000000000001000000000100000000100011000101000000001000110000110000000010
0000010100000001010000010000000000000000000100010110000000000011000011000000000000001000100000100010100100000100000000000100000000010110000010100110000000000000000000100001000010000001000010000000001000000000010000000000000100001000100000000001101000
0000000000000100000010000000010001001001100001000000001000000000000000000000000100000000000000000000000000000000100100000000100000001010000000010000100001100100000000001100000000000000000001110000000001100000110011001100011000010010000000001000000010
0101000000001011100000001010000000000000100000100000000000010100000000000000000000000000001010100000001001000010100000000011010000000101000000000001000000000000000001000000000000001100000000011000000000100001000001001000000000010000011100000000000000
0001010111100100000000000000000000000000100001000000001010000000000001000000110000000010111000001001000001010100000000000010100000000001000000100000001000001000100000001001001000000000000010010000000010000000010000000000000000000010001000101000000000
0100011001000111110100000010000000110000000000100100000010101000000010001011000001000000101001000000000001000001111000010110010000000110000000010000010000100000100011000010000010000000000000000000100000000000001100100001000100000000000001000001000010
0101000000000001000000000000000001000100000000001000000100010000101101110000010000000000100000010100000000000000000000000000000100000001000000000000011100001000000000010000000000100001001000000000100100000100000000000001000000100010000000010100011001
0000110000000000000000010010000001000000001000111001010000000100000100100010100000000000000000010000000001000100000100000001000100000001000000000000000010000011110000100000001100001000000100001110000100001011011010000000000000000000000001000001101001
0010000000100001000000000000100000100000000011000000000100010010100000001101000000100000100010000000001000000000000010000100001000000111000001000000010000000010100000000000000001100001000100000000000000000001000000000010010000000100000000000000000010
0100001000010100001000000000010000000000100000000000100001011000001000000010010000000000000000100000011000100000000111000001000000000000000001010001000000000001000000000000100100000000111100100000000000000000000101010011010010100000000000000100010001
1001001001000000010000000110010110001010000000000000000001100000000000000000100000011010000100000000000000000000000000010000000000000001001101000000000001000000001000000110100000100010001001000100000001000001001001001000000011000010001000000001100001
0011000000000000001100000000100000000001000000110010000000000011001010000011000010000101000010100010000000000000001000001000000000000000000110000001001001000000000110000000000000000000000000110000000000000000001100000100010100010000000100011000000001
0000100100100100000000100100000001001000000000000011000000001100000100110000000000000000000010000000001100001001000010000010000000000100000010000000001001000000001000000000001000010100010000011010000000010110100001000000000101000100000001001000011100
0100001100010000001000001000000100000001100000000001000100111000100001001000010010000001011000000001010000000010010100100000000000101010000011000000010000101000110000000000001000000000001010101010000000000000000000000000000000000001000000001001000000
0011100010000001000000011000000011000001000000100001100110000000000000000000000110100100000000000100001100000000101000100001100000000000100000001010101000010001110000000000000110000100001110000000001010000010000000000100001001000000000000011000010000
0000010101000000101100000000000000100000000000000001000000001000000110000000000000000010000000000000000100000001010001000000000000001101010000000000000000000000001000000000000101000110010000001010000000010000010000001010010010000000110000000000000000
0000000000000100100000000000000000000000000100100000000000000000001000000000000010000000000000100000000000000000000000000000100000010000000000000110000000000000011000000000000000000000000000001001000100000000001000000000000001010000010000010000110100
0010001101000000001000000100000000000000000000000000000000001010000100000100001000000000000000000000000000000000000000000000000000000000000000000001000000000000000000000000001000010000010000000011001000000001000001011001000000000001010010010110000100
0100000000000000100010000000001100100000001100001100100000000000001010010010000000000001100000000000000000011000010010001000010001000000000001100000100100000001000000000000001000000000000000000000000000001010100000000000000000101000100010010010000000
0000010010000000000000100000000010001000000000011011001000001010010000000001000000000001000000100000000000000100000000000000100010000001000000000000001000000000010001000001010100000100000001000001001000001100100000010000000011010000000000001101000000
0011000100110010000010000010100000110000000000001000000001000000110110101000101000010000000000011001011000000000000110001000001000010100000100000000000000000000010010000001000000000100000100000001000000010100010000000000100010001000001000010100000000
0110010000100100000000100001000010000000010100000010000010110100010000000000100000000000000001001000000000000000000000100000000000010000000000010000000000010001000000000100000100001001100101000001010010010000000000100000000000000000001000000000000000
0001000100100001001010010000011000000010100000000001001001000100010111000000100110000000100000010000000000101001010000000001000010000011001000000000000001101101000001001100000000000000000000000000100100100000101100010000000000100010000010000000001010
0010100001100110000100000000000000001000100010010010100000000000100100000100101000001000100001011000110000000000001000001100010000100001010000001000001001100101000000001000000010000000000000000100001000100010001000100000011000000001001100000100000110
0000000100010000000101000000000001100010010001100000000101010000000100000001100000000000000000001000010000000000100000001000100000000100100000000000000000000000100000100000001000000100000000000100011010000000100001001000000000010000000100000000000001
1000001000100000010000000100000000000000110110000000000000000010001000000000000010010000000000001001110000000010000000000000000001000000101110000010100001010000001001000100010000110000000000001000001000001000100010000000010000000000100100000000000000
0000001000000000100000010000000111011100001000000000100000000000000000000000000010110000000000000010000000100000000000000100000000010101000100000001000000000000110100000010001001000100010000000000000110010001000000011000001001000001000001000000000000
0000101000101101000000011000001000000000000000000001010000000011000101000000000000000111101100011000011000000100100000010000000000101000000000100000000010000000000000100000000000000000100000100010100001000010000110001000100001001010000010000011001010
0000110010000000101000000001001100000000010010001000001010000000011000100000000000001000000000001000000000000001000100000001001101000001001000010010001000000000000000000001000000001110010111010000000010000000010000000110001010000000101101010000010001
0010000010010000010001101100100110000100001000001010010000000000100000000100000011000000000001000000011000000001110000100101100010100000000000000000000100000100000111010011011000000000100000000001100010000000100001101000000000101000000000000100101101
0000100011010010000111000000010000000000000101000100000000110010000000000001001100000000001000100000000100000000000000000001000000010000001000000000000100001010010010100000001100000100000000000000000101001010100000110000100100101000100000001000001000
0101000000100000000000000000100100001000000100000100001000001100000001000100000000000001000001000000100010000000001000000000000000000000000101000000000000010101000000010011010000000001001100000000110000010000100001001000000000000000010000000110000001
0000001000010000100000100000000000011001100010010000001000100110000100000001001110000001000000000011000001000000000000000000000010100000000010000001000001000000000000000001000000011001000000010000000000100001000000010100100100100000000000011001000100
1011000011100001101010111000100000000001010000010010000000100000000000000000000000000000010000001000000100001100000000001000110000000010000000010000000000010010000000000000000000000000010000100000101010100100000000000010000010000000000000100000100100
0000000000000000000000000000000100000000000000010010000000000011000000010010000000001000010000000000001000000001000100000000010111000100000001000000010000010000000000000001100000001000000000000100000000000000000000000001000000100000010100001000000000
0000001000011000011000010001000000111000000001100000001000000000110000000000000000000000100000000100000001010000000001000000000000000000010000000010000000000000000100001000000000000000100000000010000100000000000000100010000000001011000100001000010000
0000000000000001001010100010000000000000000010010001100001000000110100000101000001000000000000101000100001101000001000001100000000000000001100010000000000000010000010001001000000000001000000001011010100000010000001001000101000000000000101001000010000
0000000100010000000000100000010000010000000000000000000010000000011001000000000000100100100000011010011000100000010000000000000000000000001000010000001000000010000100000000001000000011000001010001001000001100000000000001100001101001100011100000110000
0000100000000100000000000100100000000100000000000000010000000000100010110000000010000010000100000000010000000100011010010000100000000100000000000000001000000001001000000000010000100000010001100010000000000100001010000000000010010100001000001000010001
0001000010000000100100010010000100000000000100000000000000000000000000000000000000000011000000110000000110000100010101010100010001000010101000000000100100000000000000111010000000001001001000010001000000100010000000010001000000000011010001000110000000
0000010100000000001000000000000000000011100010000000010000000000000000001001000100000010000000000100000000010000001000000000010000000100010000000000000000000000000000000000100000000001101000010010010010000000000111000000000000100000000000000000000000
0000001001100000000000011000001000000010000000000010000000000000000001000100000000000100001001000010100001000000000100100100000010000000001010000000000000100000000000000100100000000000000000000010101001100000100100000000000010000000001000000100000000
1001000000100000001000000000000010000010000000000000000000000000000000000000000000000000001000110001000000010011000000100100000000110000001010000100000000000000110100001010000000000000001000000000000110000100000000000000001000000000000000000001110100
0000001000100000000000001100100000001100000000011001001110001000100000010101000010010000001100000100001100001000000100000000001000000010000000100111000000000000010011000000000010000010001100000101000011001000100000010001100010000010000000100000000100
1001001010000100010000000100100000000000000000010100010010000000010000000000100010000000100000001000100001000000000000010000000100000000000000000000001010011010000000000000000000010000010001000000000000000100001000100100000010000100000000001010000000
0100000100000001000001011000001000100000000000001000101010100000001010010100001000000000000000010000000010001000000000000001100101100000000010100000001000000000000000000100000000000001010000000000000000000000000000000010100010000110010000000000000000
0000001000000000001001010000000010000000000100000000001000000001000000101100100000010010000000000100000000000000101000000000000001000010000001000000000001100000101010011000000011000000100110101000000001100010000001000010000000001010000000000000000001
1100101000110101001010101010100000110000000000000010010000000000000000010100100000000110010000100100000000100000100100010000000000000100000000000000000000000010000000000000000001000000010101000000001010010011000001100001110000000000000000100001100000
0100000000000000000000010100000010000100001010100010011000000100000000000000110000000000010010001000000000110000000000010000000000100101001100000001000000000000010000100001110001000001000011100001010101100110010000000010100010000100000000000001010001
0011000010000001001000010000000010010000000000000000010000010001011100000000011000001000010000101000100010000000000001000000100010000110001010001000000010000000101011000010110000100000000001000000000000000000000000000000010001000001000000000000000011
1001000000000001000000010011010001001000000000010010100000000000000000010001001000000000000000000001000000010000101001100101010000000000001001001001000000001001011000000000100000000000100010000000100110000000000000000001000110010000110000001000000001
0010000000101000010000000000000000000000000001010100000000000010010010001001010000000011010000000000010010001000000001000010000000010000110100000000000000010001000000000100000000001000010000000100000000000000000000001101101000000100100000000010000000
0000000000000100000000000000000000100100000000100000000000010010010000000000000000000000000000100100000000000000000101000001000010000100010000100000000000000000000101110001000000000000000001011011000110000000000000001000000010011000100000001101000100
0001000000000100010000000100001010100000000000110000101100000001000000000100101001001000000000011000001000000000000001001000010100100000000010001000001001000011000100000000000001000101000010010000000010000000010000000000000100110011010001000000010100
0001000000101000000000000000000000100000011000100000000100001000110001001100001000100000000001011100101100000000000000101000100000100000011000100000000000000000011010100001000101000000000100110010011001100000000000001000110000001000000100000000001000
0000000000000000000010000011000000000000000001001000000011001000000000010000000000000010000000001000000000000000000000000010000010000000000000100001000000000010010000001000000000100000000000100000010011000000000001000000001000001000000001000000000000
0000000000000100000000000001000000000010000001000000000100000000001000100101100010000000010000010000000000000000000100001100100010000001000000100010000001000001000000010100100000000000000000000000000000000000000000000101000000010000100000000000000000
0001000100000000000000001101000000100000000000000010010000010000000100100000100000000010000000000000101011001000011010001000000000000011000101000000001000010000001000001000000001001000000000011100000000000000100010000000100010110000110001010000000010
0000100010000000000010000010100000000000000100010001000000000000000000000001000011000010000000010010000000010100010000000000001000000000000000001000000000000000000000010000100000010100000101000000000000010010000000010000000000010100110011000101000000
0000000101110010001000000010000000010010010000000010010000001010100001000000001001000000000100000000000000000000010000000110000100000000001000011000010000100100000000010100001100000000010000000110010000001000000000010100001000010000000000001000000000
0000001010000111000100010001000001000100010010000000100000000000000000000001000000001000000000001000000010100000000100000000010000000001101000001000011000000100001000000000000000100100010000000000000000000001000000000011010000010010000010010010000000
0000100000000000000110000000000000000000000000010110000000000010010100011001000000000000001010000010001000000001000010000010000010000100001000000000000000000000001100000000011000000000000001000001010010010000110000000000010000001001100001000000100100
0000000000000000100000000000000000000001010010101010001000000000010000000000011000100001000001000000111100110000000100000000001000000000000111000000100000000000001101010001000000100000000000000010000000000000000100100000000000000010000000000000000101
0000001000100010000100010101000000000000100010000000101100000110000001000000000001000000101000000000000000001010000000000010000000110010000010000010001001000001000001000000001010010000100100010000000000000010000101000000000000000000011000000000000000
0000001000100000000001000101000010000000000101000000000100010100000000000000000000000000000100000000000000000000000010001100000000001000100000100000000000010100000000000000011010010000100000000011110000000100001000000000000100110000000000000000001000
0000010001001000001110000001000000000000000100010010100000000000000000000010000100100000000000000000000000010001000000000011000000000000100010110110000000000000000000001000000000110000000000000000000000010100000100000000000000000000000000100110010000
0000010000100001000000000000000100000000000100100001010001110100000000000000000000000010000000000010101000000100000000100000110000000000000100000000000000010001100001000000001000000000000000000010000001101000000000010101001011100000000000000010001011
0000000010000000000010000000000010000000000010000000100001100010001011000100100001000000000000010000001000001000000000000010000000000000010000000000000000000000010000001000000000100001100000000000001000000100001000000000000110001000001000000000110000
0000011011110000000001001000000100000000000001000010001000001000000100010000100010001100001000010110000111000100110000000010000000001100001000000000100000100000100000000000000000010010100001000000001010000000000001000000000000100000000000001100000000
0001100000000000001000001000010000101000010000000001001001000010001000001111000000110000011100001010000000000000000100000000000000110011011000000000000011010010001000000101000000000010011000000001000000000000100000100000000000000000000100101000000000
0000000100010000000000000100001000001000100100010100000000000100000000000000110100000100000001000000000000001000010001010000000010010011001000000010000000000001000001001000000000001000010100000110000000000000000000100000001000000000010000100100100000
1001101000000000000000001001001110001000000000000000000110000000000000010000000100000000000000000000000000010000001000000000011001000000001000000000011011000100000000000110000000100000001100100001000010000000000000010000000000000010000010001000000000
0101000010100000010100001000001000000000000000001000001010100000000000000100000011000000000000000011000000000010010000000000101000000110000000010000001000010000000000001000100000110000001001001000100010000000100010001000011000000000000010000010000000
1000101000000000001001110000010000000000110110010010011000010000000011100100001000001000000000000000000000000000000100000100000000100010000010000000000000001011000100000000001000000000000000100100100000000000000010000110000001010000010000000000100000
1010001000100000110000000000000000000000011000110000000001100000000000000000000000000100001100001000000000000100000100100011000000000000100110000010001001001010100001100000110000000000011000000011100000000010000010100000000000000010000000000011100100
0000001000001100001010000010000100000001010001110000000011010000001000001010100100000000000000000110000000010010000010001000100100000010001100000100101000000100000000000000010000001000000000000001000111000000000010000010000000100001000100010100000000
0000001000100000000001000000000100001001100000010001010000000000000000000000000000000000000000000010000000000001000000000000000011000000001110010000000001001001001000000100000000000100110000000000000000010000100100001000000000001000000001000000000001
1000100000001000000100000000010000100010000000000000000000000000000000000000001000000100000000100010010110001001010000000011010000000000000000100000101010000010010001001000000000010000000000000000000000110001000001000001000000000000000000000011000100
0000001000101000000000000000000100000010000100000000010011000000000000000100001000100110000000010010100000000001000011000000000010010000100100000100010110100010000000000011000100000010000000001000001000000000000100000010001110001000000001000000000000
0000010001001000000010110010100000000000000000000000001000111101000000000000000000000001000001000000010000100100000100001100100000000000001000100001000000000000011100000000000000000000000100100001001000001001000100010011000100000010000000000010100000
1000010000001000000000110010000000000000000001000010000000000000010110000000001000100010010000000010000000000000010010010010000000000000010000000010000100000110101000010100000000100010110000000001000001001000010000000000001000101000010000001000001010
0001010000000010100000000010000100000000010000000000010000000010000010011000000000000010000001000000001000000010000000000000000000010000000000000011000101100100000010000000000000000100001000000100001000000001001000100000000000000100000000000000100100
0000000000000000100000010000100000000000100000000000001000000000000000001100000000100000000000000010000000100000000010000000001000100000001000100000000010000000000000001000001000010000000000000000001100100000000100000000000000000100001001010001000000
0000000000000010010000000000100001000010000000000010000100010000001001001010000010100000000001000000010001100001000001000010000000001010010000000001100001000100001100000000000000000000000110000000000000000000000000000000001000000000000001001000000010
0000000010010000000101010000100000000000000000000100010000000010000000000010001000000000000000000000000110001001010001100010001000000000100100000000011010001000010000000010000100001000010001000000000000000000000000000000000000100001110000000000100000
0000000100000001000000000001000000011000010000100010100000000000000100000000000001000000001000100100100000010000000000000000000011000000000000000001000000100111101000110010000001000010000000000000001000100000010000100000000001000010000001011000010101
0000010100001000000000000001110000001000010000001010010000000000010000000000000001100000000000000000000100000001000001000001000000000000001010011000001000000100000001000000000010000000010000001010000000000000001001000000000010000000010000000101000100
0000000000000110000100000000000000000000000101000000000001000000000000010100001000000010000000001000010000010011000100000001000000100010000000010000000100001000000000101001000001001110010100010000010000100000000100100011000000000000010000000000000000
0000000000000000010010010000000010000001010010000000100000010010100000001101001100000000110000000000100000000000000100100010100100011011000001000000000000001100001000010010000101100000100001000000000001100010100000001000100100000000000000000000000100
0000100000000001110000000101000001000001000001001100100010010000001000000000000001010001000000010000000000000000001000000100100000010000000000000001100000010010000000000000000010100000000100010001011000000011000100000000110100100010000101000000100000
0000000000000001000000010000000010000000100110000000100010000000000000010000000000000000000000000000000010010110000000000000000011001000000000000001010000000100010000000001000001100001000001101001001000000100000000000000000000010100000000110001000000
0000000000000000010000000000000000000000000010010010000001000000000000011000001000001000000011000000000101100000011001100000010010100000010000100001000000000000010001000000000000111111010000000010000100010000000000100000000001000001100000000000010101
0000000100000100001000010000000110010000010000110000000000000010100000000000010000000000000010010100010010000100000000000000000000000100000000000001100000001000000000000010000000010000100000000100000010100000010001100010000010000001000000000000000000
0000000010000000001100100000001000000000100100010000000000010000010101000000000000010010000000000000000000000000000000000000010100100000100101000101100001000000010100000010000000000000000000000000000000100110000000000000001100000100000000110100100010
0000010000000000100100100100100000100101001000000000000100011000000100000000001010000000100000001000000100000000010010000100110100000100000000000000001000000000000001000010001000000010010110000000001100000010000000000000010000000001000000011000010010
0100001000010000000001100001000000000000001100100000000000000000000000000010010000000000000001100010110010000000000100000000000000001010001101101000010000000010001000000000100010000110000010000110100010001001101000000010000000111011000000011000010000
0000001001100000000000010100010000000001000000000000010100100000001000000001000000000000000001000010000100000000000000100100000011000000000000000000000000000000000100000000010000000000000010001000000000000000010000000100100010000001000011000000000000
0000000000000000000100010001010000000001000000000000000001000000000000000001001000000000000000000000000000010010000000000000000010010000000000001011010110001000000100000000000000000000000010010000010000001100000000011001100100010000010000000100000100
0000000000000100001001000000110100110100101101011000000000000000001110100000010000110010000000000000001000100010000000100000100000001000010101000000001000000000000000101000000000001010010000001000001001000101000100000000110000100100000101110000000000
0010001000001000000000010000000000100001000001100010000000000100000000010001000000100100001000000000000100010000000001000000001010110000000000101000011101010000011000000000100010000000000000000000100000000010000001101000000000000001000000000111000001
0000000000000010001000000000000000000000010000000010000001000000011110010001000010001000010000010011010000100010100000000100000000110100100000100000000100000000010000100001001000001110110000000000100000000001001000000000000000000001000011011000000000
0010000000001000010010000000000010001100000011000100000000000010000100100000000000000000000000000000100001000010000010000000000101000000000000000101000100000000000001000010000000000000101000000010101001001000000000000000001001110010000000100101000000
0000010000001001000010000000000110000000010000010000000000000000010110000100110100000000110000000100000010000000010010010000000000100001001000000000100001001000000000000010100000101000000100000000100001100111001001010010001010000000000000100001000001
0001000000000000000000000000000000001010110100000000000010000000010010110000001000000000000001000000000001001100001001000000100000000010010110000000100000000010000010000011010000100100000000001010100001001000000000000001100000000000000000000100001000
0000000100100000000111000000010011000000110000000000001101000000000000010000000000000010001000000010000000101000000000010100010010100001010000001110011000000000000000000000100000000000100000000010010001010000101000000000000101000100000100010001000001
0010001001100000000010100100001000000000000000000001010000000000000110010000011110000101000100100100000000001101000000000000110001000000001000100000000000101001000000010110000100001011000000000000110000000000000010100000000000000000010000000000011100
1001000000000001000000000010010000000000010010000000110000000000011000000000011000000000000100000001000100000000000010010010000001000100000000000000000000000100000010100100000010100000000010000000000000001000100000000000000000101001011010010000000010
0101110100000100000111000000010000101001100001010101101000000010000100000000001000001000000000001001100000000000001000000000110000010000000100100000000000000110001100000000000000000000000101000000000001000000000000101010010100101000000000000101110000
1000000000100000101001010000000000100100010100000000000000000000001001000000000010000000000000010000000100000010000000000000000010010001000000100000000001101000000000000000100001000000000000110101101000000100000000000000000000000010000000001000000011
1000000000000001000010000000000001100000100000001000000100000010010000000100000000000000000001000010000000010000000010010000000001000000100000010000000010000010001000000000000000000100101000000010001010000110000000000000000001000000000000000000000000
0000010000000000001000001000100000000010000000000001010000100000000000001010000110100001000100001110000000100000010010000000010000000000000000000000010100100000000000001001000000011001000000001000000000000000000001010000000000000010010000010010100011
0000000010000000011001000000001001000000000000000100000010001010110000010000100000011010001000000000110000100000000000101000000000001000000001001000000000010100000000000010000000000001100100000000001100010010000100000001000000100000000001000000000010
0000000100010000000101110000000000000000100000100000000010000110001000010000000001011000100000000100000000010101000001000000000100000010100000000010001000000100000001010000000000011110010110011000110101001000000000000010001000000010000000000101010110
0010000000001000011000001010001001000010001000100110000000000000100000000010000100010010101100010000010000000100001000100001000100100000000000000001000101010001000100000000001011000001000000001000001010001000100000000000111000000000000010000000000010
0010100000000010000100001000000100000000001010000000001000100000000000100111100110001000100011001100000000000001000000000000000000100000000000000000000000000000001000000010000101000000100100100100001100000000100001000011011010000000100011010010000000
1001110100001000000000000100010000100000000000000000001011000010000000000000000101000000000000000100000000010001000000001000000000000000110000010001000010101100000000010011111111001010010110000001000010100011001010000000100000100010100000000000000000
0000101001000010000001000000000000000100100010000100000000100001000000010100000000100100100000011000000000000100000000000000101000000000000000100000001010000000010000100100000101001001010000000101000010000000000000001000000110000001000000000101000000
1000000010000000000000000001010000000100000000100001010000000100000000001010000000000000000010000000111100000000000000001000010000001010100010100100010001000000001010000001010000000000001000000100010010000000000000101000010010010010000100010100010100
0100000100001001101001000000000100001000100010010000000010010000001000000000100001010000000000100010100100110000000000000000000000000001000000000000001001001000000000001001001000010000000000000000000000000000010001000000000001001000001001000010000101
0000001000010100000001000000101011101000000100000000100010001110000000100100010100000010000100000001000000000110100100010100100000010000000000100000000000000011000000010010010100001000001000010000000000000001010100001000001000000000000000100001000000
1000100000000000000101010000010100001001000000000000000001000000000000001001000000000001000000001010000010000000000110000000011001000000000001110001001000000100000110000010101001010001000001000000011110010000000000100001100000000010000001000000000001
0000000011100000000000000000000000000100000101001000001000000000001010000001000000000010101000101000000000000000000010000100000000000000000000000000100010000000000000011000000011010000000000000000000000100100000000000100000000000000000000000100010000
0100000000011000000010000000100100000100000001000000000000000000000000100001000010011000000000000000110000000100000000010000000010110001000101000000010000100000010110000000001000010000000001000000000110000000000001000100100000010000000000000000000000
1010001001100000000000000000111010001010100000001001001000000000000101000000000000000000100000011000000000000000001000001001000000001000101001100100000000000000000000001000100000001100000000100100000000100000000100100000100100001011000000000000000100
0000010010000000000000000000011000100000000010000001000001100100100000000011100010010100000000000000000000001000011000000000000000000110001001000100001000010100001000001011000000000100010100000000100000010100000000011000000001010000000000010001010001
0000000001000110100000000000100000010110011000001000000000000000000000000000100001000000000000100001000000101010000000001000000001000000000011000101100100000000000010000000010000001100110100001000000000000010100001000000000000000100000100000100100010
0000100000100000001000001100000000000000000010001010000000000001011000000001000000010100000000000100010000100000100000000000010100010000110000010100100100000001000000000000000000000100100010000000100111011000000000000000000100000110100000101010001000
1000101100001000001000001000000001000000101100010001000000010010110000000000101000100100000100000000000000000000000000000000000101000000000110010000000100000100000100001100010000000000010000000000001010010000000100000001000001000011000010000000000000
37 74
230 213
