250 250
1000010000000101001000000000010010000001001000001000000000011110000010000000010000000000010000010000000100000000100000111000000000100000100000001100000000000000010100011000001010100000000001000000100111100000000000000100000001100000000110100101100000
0000000011000100001000011000000000001010000010010000001100000001010000010000001000001010000010010000010100001000000000100100001000100010000000000010100000001000000010100000000000000100000001000000000000001000010000000001101000000010010100100000000000
0010100000000010000000001000000000000001100000101101001000000010000010000000000000000000000010001101000001000000000000000010000000000000000000000000111000001100000101001010000000110010010000000000000010000010000100000000000000001100000000000000000000
0000001001100100010100100010100000000000100110000100000000010001101000000101000100100000000000010010100000001100000000000000000000010000100001000000000010000100101100000000000000000000001000010001001000000000000000000000010010010010000000001000000111
0000000000010010001010000000100010010010010101100001000000001000100000000100100000000100101100000000100001001101000000000001000110001010001000000001100000000010001000000001000100100001010001000001100000000010000001000000001100000000001100100110100010
0000000010001000000000100100000000010001000010000001000010101000000000000001100000000000000001000100000000000000011000100001000101110010000001000001001001001000000010011010010000000100100000011000010000100000000000001000000001100001000000000000100001
0100000011000000000011000000010000000000000000001000000100000101000010000000000000000000000000000000001001010000100010010000011001000000000010100000001000000001101000000001000000000000000000100100000000000010101000010000100000000000110110001100000010
0000000011000000000000000001000000001100100000000001000100000010000100001001000001100000100000100100110001000000000001001000000000000000000001000000001000000000000000000100000000000000000100000010010000000101000101010100000011000001001000100100010100
0000000000000000110100010000000000011010011000000000000000000001000000000001100001000000100010000101000000000000000000000000000000001000000000100000000000000000100000000100000000010000000000001010000001000000000000000000000000001000010000100000001100
0101000000101000001000001000000000000111000000000000000100010000000000001000000000010010000010001000010010000001000000010010001000010001000000010101110101000001000100000000010000000100000000000000000000000010000010000000010000000110100000000000001001
0000000000001000001000010100010100010000000000000000000000000000100010010000000000000000010010100000100000100000000000000000000000000000011110100010010010000001000000001000010000001000000100000000000100000100000001100001110000000000100000100000010000
0100001000001000000000010100010000010101001000100100001000000000010000000000100001000000110000000000100010010010000010000000100000000000001001010000010000000000100011000000000001010000000000000000000000000001011000000000000000000111000000011000100100
0000010100001100000010010000010010000000001011010000000001001000100000001100110100100100000110000100000011001000000000101000001000000000010000000000010000000000110000000000000110010000001001000010100000000000000000000001000000110001000001100000101010
0011000010001000000011000001000111000000000110000000000000000000000000001000000000110000001000000001000000000000000010000010000000001000000000000001010100010000000000101100100001000001000110000100010100000011000101001000000011000000000010100011000000
0000100010011001110101000011010000010110000000100000011010000011010000000010001110000000000000001000000000000000100010010000001000011000000000001010000000000000000000000001000000000010101010000000000010000001001000000100000100001000100000000000010110
0000000001000011000000001001000001000001000001000000000000000010000100000001000000000001000000000000001010000100000001000011000010010001101000000001000011000000010000000000000011000000000010110010001100010100000100000100010000000000000001000100000000
0110000000100010010000000000000000100000010000100000000000001001000000100001000000000000000000000001000010000000100000010000010000110000000100000001000101000100000000000000000010000001000010000000000010000000001100000010000100001000010000000000010001
0000000000010000000000110000001000001001000000000000011010000000000010000001000000001000000001010011000000000000000010000110100000001000000000000001010100000000000000000000100010000000010000000000001001001000000100011000110001100000000101010100000000
0100000000001011000001000000000000000010010000110000000000000001000000000000000011000100000010000010010010000010000010100001000000000000001010001010000000011010100100000011000101001100000000100100000100000000010000001000000000000100000000000000000000
0000000100110010000000100000000010001000000000000000000000100000001001000100000000010000000000001001000110000000000000000110000000100100001000000000000000000001000001000000001000000000000000001100000000001000100000000100000011000000001010101000010100
1000110000110001001000010111000010001000010010000000001000101100000010100100000001000000001011000001000000000011000000000000000010001010001000000000000000100000000011000110001000100000010100000001000000000100000010000001000100100110000000000000000000
0000000000000010000010001000000000000000100000000110100100000010000000110000011000100000110000100000001001000000001001001000001000000000010001000001000010000001000010000000000011000000001000001000010000010111100000000000000000000000010110010000000000
0100100000000000010010000000100000000001010000000100000000000000000100000000001000000001010000000000001000000000010010000100000010000000010001000010000000000000000100001000000100001000000000000000010001010010000100000000000000000000100000100001000000
0011100000000000000000000000000000000000000000100001000010010110000000000000000000000000100000000000100000000000000000010100000100100000101000000001000000100100100000000000010100110001001000100110001100011000000000000010100000010011000000110100010011
0000000000000100100000110000000000000000001000100100000001001000000000010000000010000000000000000010001001000000000000010000000000000001011000000100010000000101101000000000000000000000010000000000000000000000000001010100000100100000000000000010000001
0000010000000000000000000010000000010000010000000000000000001000101000000010001000000000000000000100000000110000000000000000010000000001000001100000001000000001000000000000100000100000000100000001010010000000000001001110010101000000010000000011000000
0010000000001010000000001000000100001001100000100100000000000000100000000000000000000000000000100010000000000000001010000001000000010000001000000000001000100000000001000000000000000010000010000000000000010011000001101000001001100100000110000010100000
1010000010010001101100010000000000000001000001000001000001000000010000011000110010000000000000010001000100000000000001011010000000100000000000000000001000000000000001000000100001000100100100000100000100100001000010001100011000000100000000000000000100
0000100110000100000001000000000000100110000000000100000100010000000010000000010000000010010001001000100000000000000000100000100001001001000000000000100001000000000001011000000000000000000000000100000001000100100010010000110001100000000100100100100000
1000000000000000000101000110000000000001000001000100010000000000000110000000000000110000001001000000000001000010100001000001001100100010000100011000000000001000000000000000100000000000000000000001000100001000001000000000110000000100010000100000000000
0001010000000000001100000000010100000100000000000100000001010000001000000100000000100000000001000100010000000011010110010000000000000000010000000010000000100110000000000000000000000010000000001110001000001101000010000110010010000100001000100100000000
0000000000000000000000000101000000000000000110000000001000110010100000100000101001000100100001001101000000010010010001000001000000100000000000000001000000000010010000000000010000000000000100101001001000100001000100010000010000000000000100000010000100
0000000000010010000000000001001000100001000100000000000010000000000000010001100001000010000001000001100000001000100000000000000100100000000001000010100100000000001000010000001000000001000000000000000000000000000000000000010001000100000000001011000100
0000001110010000010011000010000010000100000100101000010000000000000000001001010000100000000010000000100001101001110001111000000000000000000000000000010000010000000000100000000000001000000100001000001000010100010000001000000001000100000100010001000000
0100001000101000000010000011000001000000100100000100010001100001000000001100000101100100000001101000000000100000000000000110000000011000000000000000100000010000000000100110100000001000000010001010000000000000000000001000000000010000000001000000000001
0000001110000000000000000000100000001000001000000000000110010010000011000010010010000000000100000000000000000001100000000100000000000000011010000111000001011100001000001000000000000000100100010010000001101001000000000000000000000100010000000000100001
1101000000010000000001000010101010000000100000000000000000001000001000000000000010000000010000100000000000000000100000000000000000000000000100000010001001000010000000000011001001000001000000100100000001010000110000000000110000001000000100000000001110
0100010001110001000000100100010000010000100100000001000001101000000000010001100000101000101001010000000100000000000000010000000000000100010100100101000000000000010000010000011000100000000001000010000100010001000000010000010010001000000000000000000100
0000000000000000000000000100000000001001000001001000000000000000010000110001110100100010000000001000000000000000000000001000000110000011001000010100000000000000010001000000110000000000100100100000000000101000000111000000010000100000001000000010010000
0010000010001101000010000100000010010000000100010000110110001000000011000000010000000000010100001000001000000001000000010001100001000000010100000101011000000000100000000001000110010000110010000010010100000000000000000010001001000001001000000011000000
0000000100001000100000000000000000010000000000000000100000010000000111000010010100001000100101000000000000000000011100000000000100010000001000000000101000010010010000100100000000100000010011000100110000000000000000000000001100000000010000100001010001
1001000000001000110000111100000000101000010000101000110100000001000000100010000000010000000100000000000000100000111000000000100111010000000000000000000000011000101000000000001000000100000000000000000010000000000000001000100000100000000010000100000101
1010000000011100000001010000000010000011011000010000000000000000000000100000010100000000001000101000000000001100100000010000001000000000010000100001001000000000000001000001110010110000001000000011000110010000000000001001010000000000100000000001000100
0000011000000000001010110100100011000000000000000100000000100000100000100000000000000000000100101101000000000000000010000000001000000100011000001000001000000100000000100110100010000000010100000001100100110010000001000000000000000000000000001100000101
0000000001000001000100000001000010000010000101000000000001100000101000100101011010000000000000000000000000000100100101000000100000000001000000000100010000011010000001001000010100001000001000000000001010101000000010000000000000100010110010011010010000
0000111001000000010000000010000000000000001000000000000000000000000010000000000001000000011001001001000010000000000100001100000100000101100000000000001001000000000000000000000110000000000100011000010001000101101000100000000000000010000000011001000011
0000001000000000000000001000001000110010000010001000010000000101001000000000101000000001000000100000100001000000100000001000001010000011000001001000100010000010000000000000000100100100001000100100010100000000100000001100000010001000000000000000000100
0000000100000000001000010000000000000100100100001000001000000100110110000000001000100010100000000010000000000000100000010100000100000000000110000001000000001000000000000110000000100000000000000000000110000110100000100100100000100000110010000000000110
1000000000000100011000010011100000000010000000000000000000001000001000000100010000100000000101000000010000100100110000000010100000000000010000000000000001001010000000000100100000010000100000000001000000000011000100000000001000000001000000110100000001
0000001000000000101000000001000000001000000011010000011101001100000101000001101000000000000100010100000010000000111000010001011100110000010000100010010000000100010000000000000110110000001011001000000000000000110000010111001000001000000000011010101001
0000010101000010000000001000000000100000010101000001000000100000100010000010000000000000000010001000000000000100010000010100000101000000001000000100000000100100000000000000001010110001000001100001010000000000000010000010000001010000000000100001000000
0000000000000000000100001100001000010000100000000001010000100000000000000100000000100000000000000000000010100000000110000000000011100000000000010110001000010001000000000111010010000000000000001000000100100000010000100000100010110100000000000001000010
1010000000110100001000000000110000000000000000100100000000110000000001000000101001100001001001000001001100000100000000000010000000001000100000000000000000010001000000000000000000000000100010100000011000000000000101000000000010010000000000000000000000
0001110100001000100000100001100000000100000101100000001000100100000000000000000000000010000010000110001010000000000010010101001000000000000100000000000100010000011001110000000001000000000000000000000000000000001000000000000000000001000100100000000000
1000001000000011011000001000000010000010000100000000000000000000000010000000000000010000000001000000100000000010000001001001000100000000000000000010000000000100000000100000101000001000010010001000100100001001000001000000000011000010011010010000000000
1101000000000000000001010000011001000100101000010101000001000000000001100000100100100001100100000000000000000000000000000001000010000001100000010000000000010100000000000100100000000010000000000000000000000000001101000100001100100000011001000000000010
0001000000000010001000100000101010110011000010000000000000100000000001000000001000000100100000101000011010001001000000000010000000000000000000000000000100000000000000000011000000000000000000000101100010100001000000000000000000000001000101000001010000
0000000000000000000010000000000100100000001001001100000001000000101010000100000010000000000000000000010100000001000001101001110101000001000000000100000000000000000000000010100110000000000010000000000000000000000000000000000000000101000100000000010000
0010000000001110000100000000000000001000000000011100000001010001000001000000001000010001001000000000000001000000001100000000000000000000000000001100000000000000000001111000010000000000000000010101000000000000000000000100000010000000000101000100000110
0100110000001000010010111000000100010000000100000000000110110000010000001000010010001110000011010000000100010000000110000000000000010000000010100100000100000000011000000100101000010100110001001000000000011000100000100010000100101001000001000000100000
0011000010000000000000000011010001011110101000011000010000011000010000000000100100001000010000001000000001010000001010000000000000000000000000010000010001100100100000001010010000010101110101000100000010001100000100000000000101101001000100101000000100
0000100000000000000100000000000000010000001000100011000000000000000101000000010001000010000011001001000000000010001001000001000000000000000000000001010000110000010000000000000010000100010000000100100000000001000000010000000000100010000100000000000001
1000001000010000001010000000000000000000101000100000001010000000000100100000100000000000010000000101001000001000000000000000000011000000000010000000010000000000000000001001000010100100001001000000000000000000000100000010000000001000001000000100100010
0010000000101000000100000001001000000000000011010000000100000010000100001100000010000000000000000000000000000101000000001001000001000000100000000000000000000000000000000000000100000001000000001100000110000010000101010001000000000000000000000000100100
0000000000100010011010000000000001000000000110110000000001000100001000000000001000000100010100010010000001100100001010001100001001000000010011001010010010000101010000000100000000000000100000000100010000000100000000001000010000000010101000000000100110
0000000000000000000101101100001000000000000100010010000000001010000001010001000000000000100000010001100000100010010100001000100000000000000000100000000000010000000010001000011010000000000001000110000010001000100000000010010000010001000000001101000000
0000000000000000000000000000000000000000001011000010000110110000010100001000101000010000000000000001000000000000000000000010001000000100100001000000000000010000000000000010001000110000010000000100000000100000000100010100000000001000100010100001010010
0000000000000100000000100000000000010001000001000000100000000101000010100001000001000000000000110000000000010000000000110000000001000000010000000000000000000000100000000010101000000000110010000000000000000000000000000000010000000000001000100001000000
0001000000011001001000000110000001000100000110000000010001000000000000010000000000001100000100000000011100101000100000110000001000010011010001000010000000000000010000000000000000001000011000111100010000000101000000100000000000000000000000101100100010
0010000000001000011000001100000000000000000000100001000001001101001100001000000000001000000000000100000101000001000000001001100010011000000000000110000000001100000000000000000001000001000101000000000000010000000001100100000000000011001000000000000000
0100000010001000000010000001000100000100001010000000011000100000000000000100001010000000001000100000000000000000000100010100010000000000000000000100000100001000000001000000001001001101000001000000010010000000000000000000100110000000010110010000000100
0000000000000010010000000100010000110010001000000000010000000000100001001000000001001000000000100000110000000010001000100100000000000001000000000001001000100000000000100100000000000000010001100000010010000000000000100010000010011000001000001000000100
0110100011000001000000100000100100000000000100010010000001101000010000000001110000000000101000000100100010001100100000100000000001000000000000000001000000000000000000000100000000000000000000000100000000000101000001100000000000001000000000011001000100
0000010000000000100010100000000000000100000011001010000001100010000000000000010000100000000000000000010001100000001000000010000000000000000100100000100000010000000010000010000000000000000000000000001000000000000000000010000110000100001000100010001011
0100000000001000100000110100000000001100010000000000000010000101000110000001000010000000010000000101100000000000000001000011000001101000000000001000001000000000010000000000010101000001000000000010000100000010000011000000010000000000000000000000100010
0010000000100100001000000000010000100100001000000010010110001000000000000000000010001010000111000000000000000000000000000100000000000001000000010100100000000001100000010000000001000000000000100010000100000001001001000100011000001000000000010010001000
0110000000000000100000010000011000000000000001000000001100000110100100001010010010000100000000111100000000001000000000100000000001000100000010001100000000010000000000000010000000000001000010000000010100001100001000000000011000000001010000000000000000
0000000000000010101100000000100001000000000100010000010000000000100000000000000000000000000000010000000000000000010100000000010001000010010001101000000010000010000100000011001000001000000000000000100000000100000000000000000000100010000000100000000000
0000010000000000000110000000000010101000000000000000000000000100010010010000000110100100000000010000110000000000110000000000000000000001001011000000100000010000010001010110110000100100000010000010000000100000100011000000000000000000001001100000000000
0000001010000000000000000000000100010000000000000000000011001010000100000000000000100000000011010001000001001010000001100000000000000000011000100100000000010000000010000000000000010010000000000001000000100001100100000001000100000000000000001000000000
1100000000000000000000000001000000100000000000000000001000000100000000000100001101001000000000001000000000000000100000010000000100000100001110001001001010100100000110000000001000001100001000001000101000000000000000000000100000100000001000001100100100
0100001101000000000001000000010000000000000000000010000100001000000000010000000000010010000111000000000000010001101000100000000101000000001000100011011000000000010100000000110000100000000000100000000100010100001000000001000000000000000000001000001110
0000000000000000011000000000000000000000000001000000000100000000000011100000010010100010000000000010101000100000100000000001100000001010000111000000000000000001100000000000000000000000001000000000010000100100100001011000000001100000000000001100010000
1001000000001000011000000000100000000000000000000000001000000000000010000000000011000000000100001010000000100010000100001000100010000100000000100100100000000010000010010101101000110010101000010000110001000001010000000000000100000000000000000000000000
0000000001000000010000110000100001000001001010010000101000010000010100000000000000000010000000000001010001101001000000011000000100100000010000100100000000000000100100000001000000000000001010000000000000110000000000000100000000001001001110000000000000
1001000000100000011101100001000100011100000001100000001000000000000101000000000000000001010000100000010010000010000000000101101010100001000000100000000011000000000001001000000000000000001000000000110000010000000001100000100000010000000000000000000000
0000000010000000000000110000001000010000000010100000000000000000000011010010100001001011000001000000010000000110001000010000001000000000000000010001011001000000000001000000001100001001100001000100011010001001100000000000000000010010000000000000000000
0011001000001001000000000000000000000100010000001000000000000010000010100000000001000000000101010000000000000000010000010001000100100110100010000000000001000100100010000000010000000000000000100100000111001000000000010000000010110000000000011000001011
0001001010000000001010000100000010010000000001000000000010000000000110110000000010000010000101010000000000100000000100000100000000000000110100000000000000010110110000101000010000010000000000000100000000000000000000010000001000001000000100010000000000
0010000000000000100000000001110000100001010000000001000000000010000000000000000000001010001100100000000100100100010001001001000000000000100010100001000000010000100110000000001010000000000000000100000001000010010000001100000001000001010000000000000100
0000000000100000000001010000000110000000000000000000000000000000000100000000000011000100000000000010010000000000010000000001000000000000000000000000010000010000000000010010000000100000000000110000000000000000000000011001100001000000000000000000000100
1000100001000000010000000000000000000010010000000010001001010011001001010000000001000100100000000100010000010000000100101000000001001000000010010001100000000010010000001010000000000000000001110000000000001000000000101001000001000001000000000000110000
0000000100001101011000000000000000000100000000000000000000011001000000001000010000100100100000100000100000000000000100010000000000000000100011001100100000101000010000000000000000001001000000001010010000000001000001000000100000000000101000000010100010
0000000100100000100000001000001000000010001100000010000000001000101001001100010000010000100011000001000100000001000000000001000000000000001001000000010001001000000001000010100000011100000100000000100011100100100000101000000000011000001000010000000011
0000000000011000000000001100000000000100000000000001100110010000000010100100000000000010000010010000000001010000110000011000110001000110001110000000000110010000001001001001000000000000000000100000100010000000000000100001011001011000001000000000000000
1100010000000000000000000010110000000011010000000000001000000001001010000010000000000010000000000000001011000001110000110000000000000000000100010010000000000101100110100101000000100110000000000000000101000000001000000000001000000001001000000001000000
0100000000000100010000100001000001000000000110000000000000000100010000100100000000000000000000000100000000000101000000000000110100001001000000000010111101000000010000000010001000001000000000001001000010100000100000000000000110110000000010000000000000
0000010000001000100000000100000000000000000100000101010000000010000000000000011010100000100001000100000000000000000000001100000101100100001010001010100001000100001000000000000001000000000000000000001000001000001010000100010011001000000010000000001010
1000011000000000000000100000010000101001000000000100000000100000000101000000001010000000000010000010000100001100001000010010000010001001000000000100001000000001000001010010100100000000010011000000000000100000000000000000000110001001000000000001000001
0000000000010000100000000000000000000001010000000101010110001011010000000000000110100101000000000000000000010111010010000001010000000000000000000000000100000000000001000000000010000000100000010100000001000000100001101010000000000001001000010001100001
0000001000000000010000100000000001010001100000000000100100000001100000000001100100000000000000000000000000100000101011100000001100000000000000010000100000010001000001011000000000100000000000010001100000000100001010010010100100000000000001000010001000
0001000010000000000000001000000001010010000000010000000000000000000000000010000110000001000000000100000000001000000000010100000000000000000000001000000000010000100000000000000101010100000000000100000000100000000000101000010101000000000000000101000000
1010100000100100110000000100000000000000100000000001000000001001000000000000000000000000001101000001000010000000000000010000000011010001000010000000000000000000001000000000000010000000000001000000010000000110001100010000001000011000000001010101010010
0000000010100000000000000100100000001100010000000100100000000000101000000000001101000000000000000100000010000000001000000000001001001000000010100000100000010100000101100000011000000001001000000001110000000100100000001000010000000001000000001000000000
1010010000010001000001000000000100010000100100100000000100100100010000000000001000000000000000000000000010000000000000000100100000001000000001010000010000000000000100001000000100000001000000000000110000001000100000011000100100101001010000010000000011
1000000000010000000000001000000010000000001000000010000000000000000010000011010011000001010000000101000000000000101100000001110000100001000000000000000000000000000000001000100000000010000100000000000101000001000000010000001010000000000010011000000000
1000000011000010011000000001000000000011000000000000100111001000001110000010000010000001010100000000000000000010000000000000001000000000000000000010000010100000000000100110000110000000001001010100001000000100001000010000000100000000000010101000100100
0000001000100010010100000001000011000000000100100000000001001011000010000001100001000000010010000010000000000010000000000001100010000000000000000011000110000110000010100000111000000100100000000000101000100100000010100010000000000000000000000000010100
1000000001000000000000100010000001010000000100100001000000100000100000001010000001001000000000000000000000000000000010001000011100001100000001000000001001001000000000110011001000100010010001000010000000000000100001100000001000000000000010100000000010
0100010011000000000000000010000100000000110000100010000001000001000000110000100000100100100000000100001100000100000001000000000000010100000001100001000000011000010000010000010010010000010000000010010000000110000010001000000000000000011010000010000011
0001000000001000010001100001010001000000010000000000010000000000000001001001000100001000000000010000000000001000100010100110000000010001000000000000000000000001000000000100001001000010110110000000011001100010100001100001001000000001100000010111000000
0010011000000000000000000001000000000000000101000001000010000010001100000010010010000100000001000100000000010000000100001010001100110100001000010000000100000000010000100100000000100010000001100110000100000001000010010000000011010000000000000000110010
1100000011000000000000000000000000100100000000000000000000000100100000000110010100000000010000000000010000000000100000000000000000010000010010000000000000001000100010000000000010000000101000100000001000001000110001000000100100000000001000100000000000
0000001001100000000000000100100010000001001000000000000110010000001000000001000010000000100010000011010000000100000010000000000000001010010000000000100000000101010000100000000001000000000000100000000000000000000000100000001000000000000100000000000010
0000000010000000000000001000010000001100010000000100010100000000000100000100000000010100000001100000000000000001000000100100001100010000000000000110000001000000010000000011100000001001100100000000011000100000000000000100101000000000000000100100000001
0000010010000000101010100011001000101010000100001000001000000100010000110001100010000000010001011000100000000000000000000000010001100000010001000111100010010000000000000000001000000000011000010000010010010001001010001100000001001001000001010000000100
0010000000000000000001000001010000000000000000000000001001000000001100100000001010000001000001000000101100000000110000000001110000010001000000000100000000000110000000000000001011001100001010000000000000100000000000010100001010001000000010010000000000
1000001000100000000001000000000000000100000000000000000101000000001010010000010000011010000010000000000000000100010010000000001000100000010000110000001000100000000100010001000000100000000100000000010001000110000001000000010000010000000100000100000010
0001011001000000001000000000000010000100000000000100000000010000000000000000010000000001001000100000001100000000010000001010000011000001000000100010000000101000000000000000000010000000000000100000000000001000100000001000100110000000001000000001000000
1000011000000000000000000000100000001000000000001000000000000000000000001000000100000000001001000000011000010010111000000010000000100000001000001000000010001010000000000000000100000000000000100001100001000100000000001000001000010001000100000100000100
0010000000000000000000000000000000000100001000000000000100000100000101000000000000000100000000000010001000000000001000100011100100000000001100100000000001010001000000000000100001000000010010101100000000000000000100000000100000000010000100100110000001
0100010000001001000100011100100100000000000110000100100000000100100001100010000000101000000000101000001001000000000010000000001000000000000010000010000000000000000100000000100001000010001000000000010101000010001000000000010001010000000000000000000000
0011000000100110010000100000000000000100000011001000100000000000000000000000000001001000100000100000000011000000000000110011000000000001000000000000010000000000010000000000000000100000000010000100000010010001000000010101101000000101001100000001000001
0000000000100000100000100010000000100000000000010000000000100000000000000001000000101000010001000110000000000000000001000000000000000000001000000000010001000000000010100000001001000000000000000000010000000010000001110001000000000000001001001010000000
0100000010000000001000000010000101100010000000101000100001000000000000000000001010010010100000000001000000000000100000100000000000000110001001000001000100000000001000000001000000110000010001000000000000001000100001000000001000000101100000010000001101
0001000000110010000000000100100000001000000000000010100001000010000000000110000000000001010001010000001000110000011000110000000011000001000001100010000100001000011000000000000000000000001100100000100000000100010000000010000000001000001000000111000000
0010000000000111001000000010000100010000000101100000001000000000000000000000001000100010000000110100000000000000000000010000101001000000000000100000000000010000000000000100000000011001001000100000000011000100000000000000000000000000000000000000110011
0100000000000100000010000010000000001001010111000010001000000100000000010000100000000110101001000000100000010000000000101000000100000100001000000001101000000000001000100000010001000000000000000111010000000000000100100110001000100100000000000000000100
1000000000000000100010100000000000000110000000000000000000000100001100001000000000001101000000010000000000000011110000000000100000000000000010000010000100000000000001110010000000011010000100000110100000000100000010000000010110100100000000000000100000
0101100000000010000001000000111011110010100100010101000100000001100000010001001100100000000001000000001000001000000000100000001000100000000000000000000100000001100010010000000000000000100000000000000100000000000001000011000000000100100000000000100000
1000000000001000001000000001000000011010001000010010000100000001001010000001010000010100001000000010001000000000000000000010000001010001001110001100000000000000100000000100000010000100000000000001001010001000000011000000100100000000000010010000000000
0000000001000010000010100010000010010001100100000010001000001100000001001001110110101100100001110001000000000000101010000000000001011000000000000000001000000110010010100001000101000100010000000001000010000000000001001000000000000110001011000100000000
0000000000000100100000000000000100000000001000100100010000010000100000100010010010000000000001000110000100000001000000000000010000110000000001000001000100000100000000100000000001000000000000000000001000000100010001001000001000000000010101000010001100
0100000001000100010001010100001000010000000100000001010011011000000001000000100000000000001000000001000110001000000000000000000000001001001000000000000001000000001001000100000000000000000000000100000000001000000000010000010101000000000001110000000010
0000000011000000000001101100000000000010010000001000000000010000000000100010111000000100001000000001000000000000100010001000000000000010000000100100000000000000100110011000010011000000011100001000000000100001001011000000110001000000010000000000000100
0000000010000001000010000000000000000000001010100100100000100000000000001000000000010000010000111000010010000000000101000000100000010000000000010000001000010000001010000100000000000000000001100110001000100000000000000010001000000010000000000110000010
0110000000000000101000000000010010001010000000000000011000000010000100000000000010000010000000000000010000010101000000000100000001000110010010000001000000000010001001010000000010010010000000001000000000000001010101000000000111100010000100010001100100
0010010000001010011100001000001010000000000100001001001101100010000000011010001100010000000000000000000000010000000000000000010000000100011000011000000010000100110101000000000000000000000000000000000000001001000000000000000000000100001000010000000100
0001000010001010001000001000000100000011100100010000010100100100001000000001000010000010001000000101100000000100000000000000001000010000000100000000010000000011000010000010000000100000001110000000010000100110001000000101001001000110001000010010000100
1000000000000000100110000100000110000000000010000000000001100010010010000000000000001000000101100000000000001000001000000000000000000000000101000000000000000000100000000010000000000100000100001001010100000000110000000001100000000010000000000110101000
0001100010100010000000000001000000010000100000010100000100000000001000010100010000000000100000000100010100010000110011010000000100000001001000101000000001000000010000010000110010110000000011000100000000000000000000000000100000010000000000011001001100
0100011001000101000100000010000100000000000100000000000000100110100000000000010000000000001000010010010100000000000000000010000010000100000010000000001101000100000000000000000010010010010110000000000000101000110100000010000000000000011000000100000000
0000100000000000101000001010000000000000010000000000110001000000100000011001000010000010000001000010101001000000000000010101000000000001011010000000100010000000001000000000001000000000000001000010000100000000000000000010100000000000001000000000000100
0000000100000001000000000000000000000001001100100000000000000001000010000000100000000000100000000010110000000100000100010100000000000010000010000010010010000000000000100000001000110000000001000110100000110000000010010000001010100110000000000000000000
1001000000001000100000001100000100000010000000001000000100000000100000000010100100010000000000001001000000000000000000001000000000000000001000000000011000000000001000000000000000000000000100011000100010100001000010000100000100000010011000000100000000
0000000101010010000000001000000001000010000000000100010000010000100000100000100100000100110000000000010000000011000000000000001000001000100000000001000000010010000000001000000010001000100000000000000001000100000000000010000000100000100010100000000000
0000000010010000100000100000010000000100000000000001111001101010000000010010010010000000001000000100010010001000010100000010000000000001000010010000100100000000000000010000000010000001010000000010000110000010000000010010010000001101000100100000010100
1000010000001000000100000000000000000001100000000000000000100000110010010010000000000011100000001000100000000000000000000000001000000101000001000011000000010000001000100001000000000011000000000000101101000000100100000000000000000101000100000000000000
0100000110000110010000001011010000100000100000000000000100000000000000000001001000000001000000101110100000011001000110000000001000000000000000000100001001000000010011010000000001000000101000000000000100000101010000000100000000001000100010000001100000
1000101000010001001010000000101011000000001011001101000100001000000000000000000101000000000000001000001010000010100101000000000010000000000010000001000000100000001000000010000000000000100000001011001000001000000000000000000001000000000001100000001000
0001101000000000000000000010000100000100100000100100000000000101000000000000000000000000000000000000000001010000010001000000001010001000100010000000110000001000000000000100000000000000101000111000001001000000100100010000000010010000100000000000110000
0000101100100000100000000000100000000001000000100000010000000000001000000010000000010000000001000000010000001100100000000000101000001000000000011000010010010000100100000110000000100000000000100001010100010001000000001000000010010000000000100000100001
0000100000000000000000010000000100000110001100100000000001000000100000000000000000100100000100000010000010010000010100000000000000010000000010101000000011010010000001000000000000001110000101011000000001000000001000000000000001001000111000000001000000
0001010000000000000000000000001000011001000010011000010000100000000000100011000001000000000101110100001000010001001100010100011000000000000100000000100000000010000000000000100000000000100100100000100000010000000000001100000001001000010100011000000000
1000100000000010010000010000100000101000001001010001000000000000010001000001000001100000010010000100000110000000011000010100000000000000001000000000100000000000000000001100000000000100010100100000000100000000000000100010100001000000010001010000000100
0000010000000000000010100000000000001000010000000000000001000000000000100000000001100001000000100000010101000000000000000101100000001001100001000001010001100000001001000000001100001000000010000001000001000101010010000000000000000010100110000001000000
0000001010010010100001011010000011000000000001010101000000000000001110000001000000010000100010000000000001000001000000011011000000000010100010010001000110010000000110000000001000010000000001001100000000000010000000010000100001000000010000010001000000
1100010010010010000000000100011000000000000010000010000000000000011001000000001000000000000000001000001001000010000000100000100000001110000011001000000111000010000000000000100100000010000001000010001000000001100000100000010000101000000000100000000000
0001010001000101000000000000000000000100000100001000000000001001100000000100000000001001011101000000000000000001000000000001000000110000010010000000000010000100001100000110100000001000010000000010000000011000010010000000000000000000100011000000000001
0100001000010001000000100101001000001100000100001001000000000001000101000110010001001000000000000000000010100010000100100000000000000010001001010101100110000001000001000010000001000000000000000010001000100000001000010000010000100001000100000000000000
0100010100000100101010000010100001000000000001000000000100000000000000001000000000000001001000100000000100001000001100001000000000000111001000010000000001100000000010000000000100011000000101010000100010000000000000100000000010010010000100000000000000
0001101000010000001000001100000000001000000101000000100000000100000000000000000100011000001000000101010000100100010000000001010000000000010001000100010000000000000001000000000100000010000000000000000001000000101000110000000100101000000001011000000001
1000010100000010110000010010110000000110000000000100000001010001000000000000000010000000000100000000000000000000010100000101000000110000110000100000000000011000011000100000000000000010000010100000000100000100100010111000000000000101000000000011000101
0010000110010100001010110000000000000000000000000000000010000001000001000000000000000010000000000000001001001110000000000100000101000000001000010000001010000000000101010001000000100000010000000100000000000100000010001101000000000000000000000101000100
0010000010101000000100000110101100000000001100000000000000000000011100010000000000000000001000000101000001110001000110010001000001010100000000000000001010100000000000000000100000000000000100000100010000000000000000000000000000010000000000000000000000
0000011100000000110100000000000100100000000000000000000000000001100000101010000000001000010001100000011001000000000000000011010000000000000100000110111000100000010000100000010000000001010000001000000000001010000001000000010001110001000010000001000000
0000011000000000001101000110010100000010001000000001000001000000010001010000100010010000000000100000000000001000001000000000000100000000000000000000000011000000000000001000000000100101110000000000011000110000000011000000100000000010000000110100000010
0000000000000101010000100100000000100000000010001010100000000000001000100000100000000001000000010100000100000100000010100100001000100000000000000000000000000011000000000010000000011100000100001000000101000010000011100000000000001100000010101000000000
0010000000100001100000110000100000110000000000000001000100000000000110000100000000011000010100000000000000001100001000101110000000000000000100000000011000000000000010001100100000100001100000110010101000101001110100000000000010000000011010001000000001
1000001001010010000000000100110010000010000100000000000001001000000100000010010000000000000010000000010001000001000100000000000000011000000000000000001000010000000010001000000000100101000010011101001000000000010101000000000000010000000000100000110001
0000000100000000000001000100000000000001000000000001100000000000000000100001110000000000000000000000000000000101000110000000000000000000000001000010000010001000001000000000000010010011100000000001001000000010010000000000000000000001000100000000100000
0100000001000000000000100000010000000000001000000000001000000000000010000000000101001000000000000000010100010001001001010000000100100000000100001000010000000000001010000000010111000000100000010000000010010000000000000000000000100100110000001000000001
0000000000010110000000010000100000000000100001100001000000000001000000101100000100000000100110000010000000110010000100010000010000000000100000101000000011000000000001010000000010000000100000000010000010000000000000010010000000000000100000000000000000
1010101000010101100000000111101000100100100000000000110000000010000000001000010010010001101000000000000010100000100010000000000101000001100000000000000101010000000001000000000000010100000000000000100011000000000000000101000000000000100000000000000101
0000000011000000001100000000000100100000101000001100000000000000010001011000000000011000010001010000010000010000000011000010000000000001100100000001000001001010010000010000000010000000000010000011100101001000000000000000100100010010001101001010001001
1000010000001100100100000000010011010100100011000000010100001000100100000000000001010000100000101001001000100000000010000000000000001000010001000000010010001000000000001000000011000000000000010100000000100000000000000101000000100000000000000000000001
0011000100000010100000001101000000000101000001000100000000010000000000000000000100001001000000000010000110000011100010001000000000000010000010000000000000101010000100000100000001001000010000000000010010101000100010000001000010100000110000000010000001
0100000000000000000000010000001001000000000000000001100000000000000000000000000001000001010010000000000010010110000000000000000000000000000000001010000010001001010000000000000000000000000000000000001010010000011000001000010000010001010110001100000000
0000000000000100000100100110000000001000001100000000001000101000100000000000110000000000000000010100000000001110010110000000000100000001000000000001101010000000101000010001000000000100000000000100011000000100000000000010011001000100000001001000010001
0100000000000100000000000000001001000000000000110000000000010000000100000000101001000000000001000000000100000000000100110000000000010001001001000010000000000000000000110000000000100100010000000100001000000000001000000000000101100010010000101000000000
0000100000000000000000001010000000000000000000000000000100010000000000000101000101000000000000100000000000011001000000000010000000000000000000010100000010100000010001000100000000010100000000000001010000000100000000001000000000001000010001001000100010
0000000110000000000010010000010000000100010000000010000000000000000000000010010000000100001001100000000100000000001101000000000000010000100000000000000100000000001000001010010000000000000000010000000001000000000000000000000001100000000000000100000000
0000000010000100000000000000000100000000000000000000001000011000000000110000000000000000110011001000000000000000000000001001000001000010000011010000000000000101000100000001011000000000000010010011000100000000000100000000000001000000000000000011100000
0010010000000000100010000000010000000111000001000001000000100010010000001000001000001100001011001000001000001000010000000000000000000100001000010100000000000101010000000000000010100000000011000100000000000001100000101000100010000000000001000100000000
0010000001000000000100000000000000100001001001001001000011000000001110100000010000000110000010000100000001000100000001000000011000010000000000000000001000110000000000010010101000000000000001000000010110000001000001000100000100000000000010000000001000
0011100101001000000010100100000000000000000000000000001010000000000100001000000000000011100000000000010000000000010001001100000101001000010000000000001000000100111000000010010010000000000000010000001000000100000100100000101100000000000000000000101000
0000010010001010000000000010000000000100000100000000000000011001010010000000011000011011001000000000000000000000000001000000100001000100000010100001001010010100010100000100000100000000000000000000000000001010000000000000000010010010010100100000000000
0000000000010001110101010001001010100000000101000000101001000000000000000000000000000010000000000000010001100000000000000000010000100000000000010000000100000000000000000001000010010000000000001001000000000000000000000101100000000000000000010001100100
0000001000100000000000000000010000001000110000101001000000110100000000000000100100000000000000000000010000011000000000100000000101101100000001000000100000000000001010000000000000000000000000000000010001000001000000000100011000011101000110000000001000
1010010000001000000000000000000010010000100001000010100000000000000001100000010000001100000000000000000000010000010000001000001000010000010100000000000011100110110100000010000110010001000000001001000000100000000000110000001000100010000110000110001100
1010000000001000000000000000001101000100000010001000100101000000011000001000000010000001000000000010000000000100000010000000000010001010000000101001000101100000001001000001000011000001010000000010000000100100110000000000000100000001010100010100000000
0000100001011000100000000000001011001000000000000000000000000000000000000000001001001010000101100001000000001000000000010101001110010000011000000000000001001010000100001100000010000000110000100010000000000000100010000001000000001000000000000000000100
0010000001000001000000100000000010100110101100100000000000010001001000110000000100000000001000000000010000001010000000001001011000000001010100000000000001011000000100000100110100001010100000000001000000001000000100001000100011100001000000100000000000
0010000000001010000000010010100000000000000000100100000000000000000000000010010000001001000010001000100000001000101000000000100001000000010000100001100100000000000000000010000100001000100000000000011100100001010000000011001000000100011000001000000000
0001000010101101010000000100000101000000000000000000000100010000010001000001100000000010001100000000000001010000000000000000000000001001100000001010000000010000000000000000010001001100010000000010100000001000000101100001000000000000101001000000001000
0100000000000010100000100000000000001100010110000101000100010000000010000000000000000000000000000001110000100000000010100001010000010000000000000001001001000000100100000001000000000101000010000000000001010000100100000000000000010000000100000000000100
0000000000010100000000010100011000000100001100000000010010001110010001000000000000000000000000000110100000000000100000000000000000000101000000000000000011001101000101000000100010010000001100101100000000000000000000000100000011010000000000000000000000
0000000000100000000100100100000010100001000000000000000000001010001000000010000000010000100000101000000001100000001111000000000000000000010000000000000010000000001000000001000001000000000001000000000010000000000010010001000000001000000000010010010000
0100000000001101010000000000000000000100010000000001010000110000001010000000000000001001010000001000000000010000010100000010000100101000000000100000000010000000010011001010000000000011000000010000000000000000000000000000000001000000101100100000010000
0000000000100100010001011101011100100010100000000000010000000000001000000010000000000000000101000000110000000001000001011000000000000000000100000010000000000000001000101000000000000000000110000010000000010000000000100110000100000000100000000010001000
0100000000100010001000100000000100000100000000000000001100000010001000010000000000000000000001001010001100010000100100000000000000000000000010000000000000000110000000000000000001000000001001000000010001000000000010010000100010000010010000010000000000
0001100010101100000000000100000000000000100000000100000000101000100000000110000001100000000010110010000000000000000110001010000000100000000000000000000000000000000000000010000001000000000010000000000010100011000000010010000100000000000000100000100010
0101010101000000000010010111001000010000000000000000000000010000000001000001000000010000100110000001010000011000000000101010001000001001010000000000010100000000000000110100001000000100010100000000000000000000001010010010100110100000000010000000001000
0001010010000111011001000000001000000100000010000000000000100100000000000000000000000000000010001000000001000000000000000000000000000100000000000000000100000011001000000100010011000000000010000000000001000010001010100000001000000000000100011000000001
1011000000000000010100010000000001101000001001100001000010000000000110000001110010001000000000001000000000000000100000010100100101000100000001000000000100000001000000001010001010000010000100000001000000000001010000000000000010000001010001000010100000
0100001000000101000001010001000000001010100000000001000100000100000010100000000001000100000100000000101000001000000000010000000000010100000011010011000000000001100000100001000000000110000001001100000100000000100000000101000000000001001000000000000100
0100000000001000000100010000001000000110001000000010000001100010000000000000000000000100000111000010000000000000000000001000100100000000001000000000000000010000000100100000000000000100000000000100000010100000000100010000001100000000001010010110001000
0100100110001000100000000000000000001000000100101100000000000000000000000000000000000000000100011100010010000000010100001000001101001000000010001000000100000000100000010000000000000010000000000000000000000000010010000001101000000100000000000001001000
0000000000000011100000000000000000000000000100100000110100000100000000100000100101000000000000000000001010000000010100100010001100000000000010100010100000000000000000110000000000000010100100000000000000100000000010000000101000100000000000100010000001
0000100000110100000001000010000000100000100110000000000100010010000000010000000000100000000000000001001000001011101110000001011000000100001001000000001000000000000000010000000000000000101000000000010010000000001000000110000001100001000010100000000000
0100000000000000000010000000100010000000010000010000000001000000000110000000000000100000000110000010000110100000000000000000101000000100001000000000001000000100100010000010010010010000100011001001000110100000000000001000001000000000000000000000000000
0000000000010000000010100000000100100000000000000000100000000100100010000000000000000100010000000000001000000001100010000100000100000001000100010000100101000000100000000001100000000000011100000001000000000000000010001100000001111000000000000001001000
0000100000000000010000000101001000100000010010001010000000000010000001110000001001000100100000000000010000000000000000000000000000000010000001010000000000000001100000001000100000100000001000110001000010000110000001000000100000001000000000100000000000
0000000000110001001100100100010000110101001000001110100000000010000010000000100010000001100000100101001010000001001100000100000000001000000000000000000000101000000000100100000000010000001000001100000000010000000001010010001000100100010000000000010000
0000001010000100000000000000000000000011001000000000001001000010000001100100000100100000001001000000100010000000000001110000000000100000100000000000000000000010001000000000100100100000000000000000000000010000100010000001000000000100110000000000001000
0000000000100110000010000010100000000001000100000010000000000001011010010000001000010100000100000000000000000001010000001000000000000011000010010000101000100010000001000000000000100000000000000001001000000000000000010100000010000010000010010000100000
0100000000010000000000000010000100000100100000000000000000011000110001000000100000000010000000000010000010100000000010000001000000000110000001000000000010000110000000010001000000100010000110000101010000000000000000000000100000000100010000001100010000
0000100010010000000001000000000001001010000000000001001000000000000100100000000010000001000000000010100000000000100100000000010010000000000000000000000010000010010010000000110000000000001000010000000000001000000010000000000000000000001000000000000001
0010000010000000100000000000000010100100100010000100011000010000000010000000110001010000100000001000010101000000001010000100110000000100000000000000000010000000100000101010000000100010000000001100100011100000000000100000001000110100010100000000001000
0000000010011001000001011010100010000001000000100000100000010001001010100000000000100010000011000010001000000010100000000001001000000001010101000000000000100000000000000000010000000000001100110000000101000000010000000010000000100000000000000000001101
0011000001010101000100010000000110000000000101010000000000110100000000000000010000000100001001001000001010000010000000000001111010100010110000000000010010000000010000000000100000000100000000010000010000001000010100010000000000000000011000000100100001
1100100000000100000000000000000000001000000000000000010001100110000001000000010100100101000000000000000000000000000000000001000100000000000000000000000000000000000111010000000000000010001000000001111100000010000000000100100001000000010000000000010101
0101100000000100010000000001001000000000100001000000000000100000101000000111000100000000000010000111010000000001000101100000100000010000100101000000000000000001000000001010000000110001000010110000110000000000000000010000000000000000000000001110000010
0011100011000000101100000100000010001001010000001001000000000011001000011000000011001100100000101100000000001000100000000010001000000011000100000000000000001000000000000100000000000000100000010001000000000000001000000000100000001001000000100000000000
0100000000101000000000000000000000000000000000000000000010001000000000011010010000100000101000000001001100100001000010011000001000000000000000000000010011101001000000000111000010010000000000000110000000001000010000000000010010000010100000000110000000
1000000101000000000000000000100010000001000100011000000000001000000101000000100000100000000000000000000000010010010000000000001100000000000010000010100010000000000000000000000100100000000110000001010000101000000000000000110000000011000000000000011000
0000000000001100001010010001000000000000101000000000000000000000000001000010000000000010000000001000000100010001001100000010000000000000101000000000000000000011011011101000000001001000000000000000011000000000101000010100100000010000000010000001101100
0000011000100000000010010001000000000000000000000110000001010001000000100000000011010011000100000000000000000010001000000100001000000000100001110000000101000100000000001100000100000010010000000000000000010000100011101000000000000100000001010000001000
0000000000000001000000010000001000000000000000000000000100010001001000010000001000110000001000011000000010000010000000000000001110110000000000000000001000010000010000001001000100000000000000010001000001000000000000100001000000100010001000000000000000
0000000001101000000001000100001000100000001000000000001000000001000000000010000000100011010100001000000000001000000001110000000010010100000000000000000000000001010100001010010000000100001000000000000100000100000000000000000000000000101000000000000010
1000100011000000001000000011000101100000001000001100101010010001010010011010000000000010000000000000000000000000010000000001001100000001001000110011000000000000000000000010011100110010000000000100100100000100010100000100000001100000000100000010000000
0000000000000100100001100000000000000000000000110001011000000000000000100010000001000100110000000001100000001000000100010001000001000001100010000000000011000010000010000110000000000000000000000001000010000000000010001000010000000000010001000010000000
0000000110000000100010100000000000000000100000010000011100000000000100010001000010000000010000100000000000000001111010000000101000000000000000000100001000000001001000010000100000000100110000000100100000101000001010000000000100000010100000000100000000
0101010000000000000000000000000001000000000111000000101000000000000000000000001010000000000000000000011100000000001000101100000001100000011000000000001000000001100100000100100000000000000010000000010111000000000000000100000000000100001100000000000100
0000000000000100001001000000000001000001000000000000000001100000100000000001111000001000000000000000000000000100000010000100000000000000100000100000001110000000000100011000110000000101000000000100000000100000011001100000000010000000000100000100001100
0010000001000000001000001010001010000000000000010000010000000100000100001010000000000010100000000100000000000100100010000000001001000000010000000110000010000000000000100000101010000101000100010000000000000110000000001000100000101100000000100100000000
0100000100000000000000110000000001010010000000100011000000000101010000100001010000100000000001000001000000000000000000000000001000000010000010100000110000001000000000000000100000000011000001000001000010000001001000000000101001001000100000010000010000
0000000100001000010000100000001000000000000000101000001100001000000000100000000000010000000000011000000101001000000001000000000100000110100100110000000100010000000000000000000000000011011100000010010000000000100100000000000000001000001010000100010000
0100000010000010000100000010100100000001001000100000100000000000000000100000010000001000000000100010000000010000000101000000000000000110110010001000000010000010100001100000000100000000100010000001010000000100000000000100010100000000100000000001000101
0000000100100001000000100010000000000000000000000110000001100100010010100010011000110000000000111000001000000000100101000000000010000000000001001100101000100000001000101011110100000001001010000000100000001000010010010010100100111000000100010100100100
0000100100100100000010000110000010010001001000001000000000000001000001000000101000000000010001010010100100000001000001001000000100011000000011000000000100000000010011000100100100000000000011000000000000100100000001000000000001000000100001000000000000
0001010100010111001000000000000010100000000000000000010011001000000000000010000000000000000101100011100100100000000000000100000010000000000000001000010000000110010001000000000000001000000010000000000100000101001110001010000000000000000101000000000000
0000001000101100000001100000000010110100000000000000000000000001101100000000000100000011000010010001000010101000000000010010000001000000000000000011001000010000000001000100010000000100000000000000000010010000110000000001000010100000001100010100001010
0000101001000000000000000000000000000010000110011100000000001110000110001000010000110000000000000000010000000000110000100000000001100010010000000000000010000001010010000001000000000000000100010001000000000100000010100100000010000010101010000000000000
0001101000000100000110000010000010001110000000000010000000110011000100000100010010001000000010001000001001110010000000100001101000010010001000000000110010000000010000011011001000000000001001010110000000000000000100000010001001010000001000000001000000
0000101000000100111101001001100010000000000000100000001001010100011001000000000000000100000100000000011100001001000000000000000000000000000000000000000000000010000000010000000000101100000000001000101000001000000000110010001000010000110011000000000000
0111000010000101000010010000000000001000000101000010000000000000000000010001000000001100000000000000001000000000010000000000000100000001000010110000010100001000000001000000000000000000000000101000101001001000000000000100000000000010000000000000000000
0000000100000000000010000000000000000000100100010100100000100000000100000000000000000001010000000100000001010010010011000000100000000001000000000000000000000000100000001000000100000001000010000000000000000100001000001000010100110000000000000011100000
1000001000000000010010101001001100111100000100000100001001000000000101000000010000000000110000000001010000000011100000000001010000101000000100000010001010000001001000000000000000000000000000100010100100000000000000001011000011000100100000000000001000
0000100010010000000010000000000000001010000001010000001000000000110100010000000000000000000000000100100000000000000001000001001010000000000001000100000000000000000000000100000000000100000100010000001011011001000000000100000000000010000001000000000000
233 69
54 124
