250 250
0100001000001100010100010001000000000100000011100000000000000001000000001100000001000000100000001000100000000001000000000000001000000000000000100000100100010100010000010000010110010001101010010000000110000000000100011000000000100101010100000000000100
1000000010000010010000000101101000100000101001100000100010000101100000000000000000000000100000010000100000010000000010000000100000001000000000011000000100100000100000110001001100000000000000000100100001000000000100000000001000010000000000000100001100
0000000010000000000100000000001001000000010010010100001010001000000100011110000000010000101000001000000000000000000010000001010000000000000000000001011000000011000000100000000100010000010010000000000100000000100000001000001010000000000000000110100001
0000000000001000000000000000001111000100000000000010101000100000000000100000000000000000000101000100000000000000100010100000000001000010000100000000000110100011000000000000000000110011000001000000000000000010000110000000000011011000010010110000100000
0100000000011001000000000100000000000001000000110000011100100000001000000100000001000000100000000000100010000001100000010000000000000010100000000001000010000000010001000000001000000100001000000001001000000000000000000010000001000000001010000101100000
0000000010100000010000110000100000000000000100000000000001010010000010000000000100010000100100001001000010001100110000001000000000000000000100010011000000100000000101000000100000010000000000000000100000000001111001011010000100000011000000100000000000
1010011000000000011010000000000000001000000000000010010000000000000010000000010100000110000110000000000001001000000000001100000000000000000000111001000010000000010000010110001100011000000000000000000100000000000000111000001100000000000010000000000000
0100000000000001000000000000000100010001000000100000000000001000010100101000000000000000100000000000000000000010100000100010000000010000000000000000000000001000000000000000001000001010001001111010000000000000000000000001000010001010000000000110100000
1000000000001000000100001001000010100000001001010000000100000000001111000000110000100000000101000000110000000010000000101001000001000000000100101000001000101100000000010000010000000010000010100100000000010100001010010010100000000000001100000100010001
0000100100000000000000000100000000010000000000000000000000001000000000000000000000001000000001000000000000000001000000000001000011010000000111001100001000001100000000000001000000000100001000000100000000010100000100110001001101000000010000100010001000
0000000000000010100001000000000000000000100001001000000000001010000100000000000000000011111100001000000000000000000101101000000000000000001011001000100000000000000000000100000000100000000001000101000100000000100000000001010000000011000000000000000101
0000111000000001000000001000000100100000000000000000010000100001000001100000000000001000100010100000000100000000000000100010000000000011000100000000000000100000111000000000001000000101010000000100000001000000000000000000000100000001000000000000110000
0001000000000000100101000000000001000000000100000000000000000000100000001100100100100001000000100000000001001100001010010001010000000001010000000001001000101000000000000000100010000000010010100100100010100000000000001001000100001000001100101000000110
0000010000100000100000000001100000100100000000000000110000000000000000100111000010000001000001000010100100000001000000000010000001000000000000000000110000010000000000000000000000100000001100101010010100100000000000010001000000000010000000000001001000
1000000100000000000001000001000100000000000100000000010010000000010100001000000001000100010110101000000000010010010000111000000000000000000000000000000000011000100000000000010001000000001000010000010000000010001000000000001100000010000000010000001000
0000000000000010000110000100001000000010010000000000010100001000000000000000001001000010100010111010000000011000000000100000011000000000000010100000000000010001000000000001000000100000000000000001000000000000000101000000001000000000000000000000010001
0000110000000000000100000011110000000010000100000000100000001011010010000000000101000100000000100000000100000010000001010001000010000000000000000000000010000000100010000000000000000000000000100000001100000001001000010000000000000000000100100000000000
0000010011000000000000000000011000000000100001010100101000000101010011000000010100011000100000000010110000100000010100010001001000110000000000000000001010000100000100010001000000000000000000000100001000000000110000010000001010001010001000010001000000
0000000001000010100100000000000000011010100010000000000001001010000000000000000000010000000001000010011000010110001000010000000110000000100000000100100000001000101000000000000000010000000000100000000000011010010100000000000000110110000000010000000100
1000001010110010001001000000000100000001000100000100000000000000100000001101000001100000000000100000011000000000001100000000000001111010000001010000101100001000000010110011000000001000010000000000010010000000000001000001000100000000000000000100000000
0000001001000010001100010000000000000011000000000100001000110000010100000000000000100000110101000000000000100010100000100000001001100000100000010011001000010000000010000000010000000010000000000000010000000000000000000010100100100000000010001100001100
0000010010001000000010001001000000001001010011000000000010101001000001000011100000000000000000000000000000000010000100000000000010000000000000000000000000000101000000000001000001101100001000000000000000000000000000001000001001100000000100110001000000
1000000000000000010000100000000110000000010000000000001000000010101010000010000010000000000000000010000000001000011000000010000000000000000000100000000100010001000011001000010000001100000000000000000001000000000000000001000000100000001100000001000000
0000000100100000000000000000001000000000000011100010000000000100000001001000010000100000110100000000001100001000100000000000001000000000000000000000100000100000000001000010000001001000110100000000000000000000000000000000011000100000000000000110000000
1000100000100100001000000010100001000000000000000000000001000000000000000000000000000100100001000000100001000000010000000000100000001000010001000000000000001010000100100000000000101100001100000001010000000000101101001001000000000000000000010100100000
0000100000100000000000100000000110100000100000101000000000001010101001000000010001000010000000100000100110000000010001001010000000110011000000001001000010100010000010101000000010000000010001100000000011001000000011000000100000001001000000100100001000
0101000000000000000001010001010010000100100000001100000000000011000010100000100000000000000100110000000000000001000000000010001000001000100000000000001000001001000100000000000101000000100100100100000000100000001000000000000000010000000001001000101000
0001000001000001100000110000000000010001000000100000000010010000000000000010000000000000100000000001000000011010000000000000000000100000000001000010000000000000000000100001000100000000000001000000000000000000010000011000010000000000010001001010000000
0100010000001101000000000100010000000000000111000000000000000000100001100000000010001100010001000000000001100011010000000000000010100010000000000000010000000010000000000000010000000000000000010001000100000000000000000000000010001000000000000000000000
0000001010100000000100000000011001001100010000000000000000001000000000001101000000000000000000100000000011010000000000000011100000000000110000000000001000000000100000000100000010000000011101000000010000010000000000000100000000000010000001000000000010
0010000001000000010000000000000000000001101110100010000001001000100000000000000001010000000100010001000000010000010001000001001100000011001000001000000001000000001000101100000001000000000000000000100000000000001000011100100001010000000000000001000100
0100010000100010000000000001000000000001001010100000000100000000100100000010100000100000010010100000000001001000001001011000100100010000000010000000000000100000000100000000010000001100000000011001001010010010001000000000000010001000000000101100000000
0000100000101010101000001000000010110010000000000000010000010010000011101000000000010101010000000000110100100000001000000000000000000100000000001010010000100000011000010000000001001000000000000000000000000000010000100100000000000000000110010000011001
0100000000000000100001000000010000100000010010000100000100001000000000001000000000000000100001001000001010001010100000001000000001001110000000000010000110000000010000000010000000000000000000010100000100110000000001011000000000000100000010010000000000
0001110000000000110000100000000100001000001010000000000100000110000100000000000010010000000100001000001100001000000100001000110000000010100000100010000000000001100000000000000100010000010010001000001000000101010000010010000100000000001000100000100010
0000010000000000000000000001100010100100100000000000000000000010000000000000000001110000011000010000101000000110000010101000100000001100000000000001000000000000100100000100000100000000000000100000010000000010000000001000000000100011101000000001000000
0000000000000000100010000000000000100000000010000000000111100001001000100010000000000100000000010000100000010010000101000000000010010011000001000000001001100000100000000100100010101000000000001000000000000100000100100010000010011000100001010000000000
0100001000010000001000000000100000000000000000100010000000001000100001100000100000010100000010011000000101000100001010000100000000100000100000010000000011000010001010010110000000000000100011000000000000010000000000000000001000000000000001000011000010
0000101000000000100000000000000000000001000101000000000000000000001010000000000000000001001000000100000110001000000000001001000000000110000010001100100001000000000000010010000101010000000001000001000000000000010001000000000000001000101000000001000000
0100100000010000100000000110010000000000010000001000000001000101010100000000000000000001011010100111000000101100010000010000000100000010000000001000000000000100001000010000000000000000000000100010100010010000000000001001000000000000000010000101000000
1000010000100000100011001100010101000010000010100000000000010100000000000010011000001000010100000010010100000010000000010000001000000000100101000000000000011000001000000000100000000010001000000010010000001001000100000100010001100100100000000010000000
0011001000000000100000000000010000000001000000001100011101010010000100000001001011000110000010010000000100000001100010000000000000000100010000010000000010000100000000000010010000010000110101001000000000101001010010000011001000101010000000000010000000
0110001000000000001000001000001101000000000000001000010110010010000001000110100110010100010000010000100100100101100000110000100000010100000000000000010000000000000100000000000001000010001000000110001000000000000000100100000001000000000010000000000010
0001100000111000000101100001100000001000000000000000000000000001001000000010100000000000011010000000000000100001000000100001000000000010000010000000000000000000000001100000000001000000100000000000000100010000000001100011000000000100010000110011010000
0000010000001001000000000010100000000000000000000010000010100000000100010011001001100000000100000010000001000001000100100010100100000000000011000000010000000100000000000000000000000000000010010000001000000000000100010000000000000100000000001000000100
0100001000000101000010001000001000110110000010000001000000010011000100000001000000000010000110000000100000000000000000011001000000001000000001001001000000100000001000000000000000010010010010100001000000001000100000010000000000000010000100000000000000
1000000100000100000000000100000000000010010100000010100010001100001100000000001100000001010000000100010000000000000000000000000000001001000000000000101010000011010000000000000000000000000000000001010000001000000100000101000000000000000001101001000000
0000100001000000000001000000000000000101101000100000000000010000010000000001110001000000000000100000010000000000000100011000000001010000000000001000000000000001000000000011100011000000001010000000000001000010000001000010000001001000110000010001000110
0000000010000000011000111001000000000001001000000000000001001000000000001001110001000000000010000100000001000000101111001000000010000000100100000100010001000101011010010000110000000000000110000011100010000010001000000000010100000001010000101110000000
0000010000000101000000000000000000000000001000010000010100000000110000000000000100100001001001000000001101100000100000001000000000100000000000000000000000000010000110100000000100000101000000000001010001011010000100100000000000001000000000000100000100
0010000000010000000000100000010000001000011000000000110010000000000000000000000001000001010100100000000000000010001000000000000000000000001110001000000000000100010000100000000000000000100000000000100100000000100000000010000000000010100000000000000101
0111100000000011010000000000000010011100000100000000000001000100100010000010000100000000000011101000110100000001000100010100001000000000000000100110001010001000000100000001010000000100000000000001000000000101000011000000000000001000000000010000100101
0000110110000000100000011000000000000000000000000100000000100000000000001100010000011010110011000000000000000111000000000110000010000000001001001000000000000000000000001000000100000011000010100000001110000000000110000100100000100000000001010000000000
0000101000000000001000000001101100000000000000001010000001001000100110100000000000000000010001010000000010001000000000000000000000000000001000101100000000000000010001000000000000000000100010000000000000001000000100000100000000000010000000000010000000
0100000001110000100001000001000000000000000100010000010000010000100000000001001100000000100000000000000000000000010000000000010000000010000000000001000000000000110100010000000000000000100000000000110001000100000000001000000100010110000000000001000000
0100000010010001000000101000000000000010000000000011000011000011000000000000000000000000010000100000010000010001000100000010000001001000000001000001000001000000010000000000001000000110100100000000000000000010000110010000101000000010000000000000000010
0000000000000000011010110101000000000000000001001000000100000010000010100000001110001000011101010000000010000000010000100000001000000100010000000000010000010000000001000000000100010000000000001010001000100100000000000110000000000011000000000001000000
0000000000000000001010000000000010100001001000000001010000000000001000011000000001000100000000000011001001011000010010000000000010000000000010001001000110000000010000000000100000000000000010100001100000000000000101000000101001000100010000000000000000
0000001100110000000000000000010000000000000000000100110000100000000101000000100000001110000000000000000000000000001010000100000100000010100000000000000000010010000000001000010000000000000001000000010100110000100000000000000000100001001000010000000110
0110000010001010100010000000000000010000000001000100000000000100000000000000000001000000000000000000001110000001100010000000100000000000010000000010000010000000000000000000000100000101100000000100010000000010000000000000110010000000100001000000000010
0001000010001001100000010010000010100000000100001010010000001000010000000000101001000000000000000100100000010000000000000000000110101100000010000000001100000101001110001000000100000000110000001000001001000000001010000000000000000000001000100010001100
0010110010001011000100000010000100000010001001000000000000010000000000010000000000000010100000000100000001000000100000000010010000010000010011000101000000000100000000000000000000000100000000100010010000101010100100000000100000000000101000000010100000
0000110011000111000000000000000000100000100000010001100010000000000000000000010010000100100001011000001000010000000000010100111001100000000001000000000110000000000011100001000101000010000100000100000000000100000010000001000000000000000000000001000000
0100000110000000001001000100001000000000001001000001000010101000000010000010010000000000000010000000000011000000100000100000000001100000000110000000000000000000000000100000000000000000000000001000100000000001001000100000011000000000000000000000000000
0010001010000000000100001000000001000000100000000000000000111000001000100100000000001010000000001010000000000000000001000000001000010001000000001000000000000010000000100000000001100000000000000010000000010101000000001000010000010000100001000001001000
0100001000000000011001000100000001100001000001000001000001000010001100000000001000110110000000010100010011000000010110000001101100000000011000100000000010000001001100011000000101100000100000000000000000100010000001000010000000000000011000000000000000
0000010100111000001000000001000010000000001000000110100000000100000001000101000000000001100100000000100000001001001000000000100010000000000000000001000110000010000000011000000100100000001100000001010000010000000000000010100101011000000000000000001000
0000000000100011001000001100000110000010000100000000000000010000001010000110010001001011000111010000000000010101000100000000000000010000000011101100000000000000001000000000100000000101001100000001000000000000000000001001000000000000001000100010000000
0100000000010010101101000100000000000000000100000000001000000000000000000000000100000000100000010000101110000000101110101000000000100000000010000000000100000010000000011001001010010100000000000000000000010000110000000010000001000000000000000000000000
0000000000000000000101000000101000000000001000000000000010010000010000010000000000010001001100000000000000010011100001000000000001000000000100001000000010100000010000001000001000000001000100000100000000010010000110000010010000000000000000000000000001
0000010000110001000000000000000000010100000001000001000000000100101000000000011001010000100000010010000010100010100000100000000000000000000000000000000100010101001010000001000100001000100000000110000000100000010000010001000001001001000000100100010000
0010000000000000000000000000001000000000000000001000000000000000100000000001001000000000100000000100000000010001000001010000000000000001011000101010000000100001010000000000001100000000000101000010100010000100000000110001000000000100010001000000000100
0100000100000000000000001000000010000000010100000000100100100000000100000000001010000010000000000000001001000101110000010000000000011000000001000000000000000001010000000010001000000001000001000010000000000000001011000000000110000001000000000010000000
0000000100010000000010000000000001100001000000010000000001100000000000011000000000000100010000011000000000000001101000100000000001000100100000000000001000000000000000110000000001000000000000000100100001000010001001010011000000000110000010000000000000
0010100000000100111000000101100000100000010000000001000100001001001000000100001000000010010111000000000001001100000100001111000001100001000000001000001000000001000000011000000000000000000000000001000000000000000001000000000000000010000100000000000000
0010000000000000000000000100000000000000100100000000010000100000000000010100010000000000001000010001000010000000010000000000010001001000001000000001010001001000001100000000010010000000000000000000010001010000000000010000010000000001000100001100000100
0000010111010000000100000100100000001110010000000010010010000000100100000010010000001000010000000000000110001000000000101101000000010000000010000000010010010000001100000000010000100100000000001000000010000001011100101000101000000000000000010000001000
0001101000100000000001001000010010001000100000000000001010000010100000000000000000000001000001000000000010000000000000000000000000000100010100000000000000000000000000001000000010000000001011000000000000000000010000000000100000000010100010001000001000
0010100000001000100000000010010001000000000100000000000000110000000000100001000000000000010000100000100000010000001000000100001000000100001100100110000010000000000000000100000000000100101000010000000100000000010010001000000010000001010000010000000001
0000000010000110000000000100001000001000000000000000100000000010000100000000000001001110000110000000000010000101100000101001000100100001000100100000001001000000001010000101000000001101000010010000000000001100100100100010100000000001101010000000000001
0001011010001000000000100001001100000000010001000101001000000001010100010000000000100000000100000001001001001000001010000000100000000000000000000010011010010000000100110000000001010000000000001010100011000001000101001010010010010110000001000100000000
0000000001000010010010000100001000000000000010000000000000000000000000000000100000010000010000000100000100100110000000100001100100000000000000100000001000000100000100010000001000000000001000000010100001000100011000010000001100000000011000000001010010
0000010100001000001000000010001001000000000000000000001001010000001101000000000001000010010100100011000001000100000000000100000100100101010110110100000000000011000100000100010000000110100000000000000000000000000000000000101011010000000001010010001000
0000001000000001000100000100110100001100101000000010001000010100000001010000001001000100000000000000000000000100000000001000000001000010001000001001100100000000001000000000101000000001001000000000000000001000000001010000000000000000000100000000000000
0110001000011100000010000000010001000000001000000000000001100100100000101000000000000100010010100100100100010100000000000101000000000000000000000010000010000101000000010000100000011100000101010001101000000000000000100000000000000000000001010000000100
0110100000000000000010000100100100001010000000001000100000000010000000010001000100000000000000101001011001101000100000100100000000100010000000010000110000000010000000000000100010000100000010100000101110010010000000000101000000000000000001000000000000
0011000100000000100100100000100000000000100000010000001001000000000000010110000000100100001010000000010010000001110100000000010011010010000000000000010001110010000000100000010000000100000010000000001000000001000000100000000000000000001001000000000101
0000100110000000000000001000000010000100100000000000001000000001001001000000000010001000000000000000000001000001000000010000100000000100000000000010000100100000010000100000000100010010000000011000000000010011100000000000000100100000100001000100000000
0000010000000000001000000000000000000010000000110000000001010100100000000001000000010000001001000101000010000001001011011000010010100000011000001000000010000100000000100000001010000000000100100100000000000100000000101010000010000110100000000000100000
0000000000100000010101000100010000001000001000110000000001000000000000000000000000100100001000000000000010000000000010000000000000000010010000000000000001000010000000000000001100000010001000100000000010000000000000000000000000000000110010000000000000
0010011000000000000010000000010100111000000000000000001010000000000001000001000000000000000000000000000000100000100001000000000010000010000101000000001000101000000011010000000100000010110000010001000000001000000000100000000000000100000110000000010100
0000000000000000010010100010000000101000000000101100000100000000001000010000001000000101011100000000010100000100000000100000100011000000011000000000000100100011000001000000000001010010001000000000100000000000000100000000000000000000001000000000010100
0000000101000000010000100000000100101000000001010100001000100010001000000101000000000010000000000000000001000000011000000010000111011001000011000000100000000010000100100000000000000111000011011000000000010000001000000000000000000000000111010000000100
0000100110000010000000000000000000100000000000000001000001000000000001010100000000000000110000000000010001010000000100000000000111000000010000000000100010000010010000100000000000000000001010100100000000000000000100000001000010000000011000000011000001
0011000010000010100000001000000111010001000011001010111010100100000001000000000000000101000000000000000000000000000000100010000100100000010000010000000010000000100010100001010101101000000000010000000010000000000000000001010110000101000100001000010001
0000000000100000000001011000001000000001000000010100000001000001010010000100000000000000010110000000000001010000110111001001000000010010110000000010001000001000000100000000100000010000000011001100001000000000000100010100100000110000100000000010100100
0000010100010001010000100010000000000000000000000000000000000000011100001011000000000010000000000000100000010000100000010001000000100000100100010101100000010000000000000100000001101100000000000000000000001001000100000001000001000001001001000001001100
0100000000100000000000000010110010000000110000000000000011101000000000111000000000010000000101000000000011000100101001000000100001000000000001000000000000100000000000000000000000001000000000001000000110010010000000010000000100010000000100010000000010
0010000010001000000001000000000000001000000000000000000100101000001001000010000000011001000001000000000000000000010000010100110001001000100000000000000000011010000100000000000000000000001000000000000000000010110000010000000000000000010000000000010000
0011000000000010100101010000010010000100101000000100010000001000000000010000010000000000000010000000001000010000000000000010100100000000000000111000110000000000000010100010000000000001110010000010000100001000000100000001101000100001000000110110000000
0000110000000000001000000000000101000000000100000011000000001000000000000000000000010000010001010000000101000000000000100000010000000010000000000000010000000100100000010110010000010000011000000000000110000010101000000000010001000000000000000000000000
0000110000000001000001000000101000010010000000000000001000001001000000000001010001110001010000010010000000000000100000000010010000001001000100000000110010010100100000000010000100000000000000000000001000000000000001100000010010000000000000000000000000
0101000000000000000001100000000000000000000000101000000000100010010111011000000000000000001001101010001000000000000000000001000000000000000000110000000000000001000000000100001000000000000000001000000000000011000010000000000000001000010000000000001000
0000000000011100000100000100000000101000100000000101000000000001100000110100000000010010001000000000000000000110000100000000000000010000000000000000000000000110000000000010001001000000000001000000000100000101010100000000001000000010000001000000000110
0000000011000001011000000000000000000000000000000010101000000101000000010000010000000000000000000000000000001000000000001000101000001000000000000000000100000000000000000000001000010000000100000001010000010000010000010000000000000000000001001000000001
0000000000000000000100000000101000100110000010000000000000000010000000000000010000000000001000010000000001010101000010000000100000000000001000001000001000000000000101000001000000110000000100000000000010000000010000000100000000000000000001000000000100
0010000010000001000000100000000000000010000000100000000000101000010000001000000000000000000010010000100000011000010010000010001000001000000110000000000000000010000000000100000000100110000111000010000010000000000000000001000011010000000011100000001100
1100000010100000000000000010001000001000000000000000000010000010000100101100110000101000001100000000000000011000000000000000000001000000001000000100000000010001000000000000000010000001010000000000000100000000010100001000100000100000101000010000110100
0000000000000010000010001000000000010000000000010010000000000000000000000000100000000000000010000010000100011001000000000000000101000001000000000010001000000000100010000010000000001001000100000110000000000000010100000000000100001100000000010010100000
0001011000001010000001000100000000000100000000000000000000110010001000000000000100000010000100000000000000001000000100110010000000000000000000101000000000001000000000000000000000000000000100000000000100100010100011000000000000001010000000100000100000
0000101000010000001100100000111010000001000000000000000000000000010001000010000001000000000001100000100010001000000010100000000000000010000000000000000000000110100000010000000000100000000000000000001000000010000000000001000000011000000001010011000000
0010110000000000100000001010000000000000000000010110010010000000000000010000100100001010000000100110001000000100000100001010000000000000000000000100001100000000000001100010100000000000000000010000001100000011100000100110000000000000000000001010000101
0000000000111000000000010000001100000000101000000000001000000100000100010000010010000000001000000000000000000000000000000100000000000010000000101000000001000101001101100000101000000000100010100000100100000010000000000000000011110000000010000010000000
0010100000010000000000010011000000000010000001000011010000100000001000000000100001000100000000000000000001000000000000000101111000000001100000000101000010000001000000010000000000100000001100000000000000010011000000010010000000000000000000110000000000
0000001110000001010011000000100000011000011000001000000100000000000001010000101000000100000100000001110000000000000000000000000000000000000000000010000100001100000000010000000000000000010000000000000000101001000000000010000000000000000100000000010010
0000100000001100001000000101000000001000010000011000001100100001000101001110000000010001000001001000000001000000010000000000100000010010000001001000000010110010100000010010000010000000001000000000000000000001001101110100100001000010100000000010000000
0000100011100000000010000100010011000010000110000000100000000000000000000000000000000000000000000000001000000000100110100000000000100000001000110000000000000000000000001100000000001000000000000100100000000000000101000000000100000000000010010000001000
0101101000000001000010000001000100001000001000000000110000000100000100100000000110000000100000000000000000010000011110001011100100000000000000101000000010100001000001000000000000000000000000000000010000000100011100000000000000000000000000010010011000
0000000000000110000010000100001000010000101101001011000101000000001000100011000000100000000100000100000110000000000000010010011001001000000000000010010000010000010000001000000010000010000011000010000010000100000110000010110000000001001000000010011000
0000000001000110000000000000010000110000000000101010000000000001100100010000000000000000001010000000000101000100000001001000000000000000100001000000000000100000010000000010101000000010000010000000001001001100000100000000000000000000110000010010110000
1001000000000100000100000101100100100000010000000010001100000000100000001000000011010000000000000000000000000000101000001000000010010000000000000000001000000000000000000000000000000000000000000000000000000001000000000000010000000001000100001000000001
1010000100001001000000000000000000100000101001001010000000000000100000000000000000001000000100010000000000000000000100000100001001001000000000000000000000000000000010110000010000100000000000010100000010010001000100010010000010000001000000100000000010
0000000000001000000111000000100000100000011000100000000000110000000000000000000100001100010000101000000100000100000000000001000000000010000000000000000000000000000001000000000000001001000010000001000000001000000001100100010011001001100000100110101001
0000001000011000000101001000010000000000100010000000100011000010000001000000000000000000100000100000010010010000001000000001000000010000000010001000001000000110111000000000000000000000000000010000110000010001000100010001000000001010000000000010001000
0000000000000000000000000000000000000000101001100000011011001001011000000010000100010000000001110000000100000100000000011000001100000000000000001000100100000100000000000000010010000100000100000000000000000000000001000000000101001000000000000000000001
0000010001000000010010011000000010000000000100001000000000000000000000000000001000000000011100100010000000000100000000101000001001000000000010001010100000000000000111000000000000100000000001000000100001000000000010000000001000000000010000000000000100
0010000100010100001010000000000000001101100000000000010000000000001010010000010010000010110000000010001000010000000000000001000000000000000000001101100010100001000001000000100000000000001000000010010000000000100010000010001000001000000000000010000100
1001000001000010001000001000001100000100000001000101000000000001000100010000000000010000000001001001101101000000010000000000100000000000000000100001000110100000000000000011100000000101000100000000000000010000011000010000000000101000000100010000010000
0010000101100010100000000100010001000000011000100100000100000000110010110000010010000100000000001100000000000100000011000000000000000110000000000000100000000000000001010000001000110000010000001000001000000000101000000000000000100000000001101000001000
1101010001011000000101011000000000000000000000010010000100100100000010001000101000001000010010000000000010100000100100011000001010000000000000000001000000000000000000000000101001000000000011100000001010100110000011100011110000000000000000100000010101
0000001000000000000001000000011000001100001100000010000010001000000010000000100000000100010000000100110000010010000100010101101001000000000000010001000000110000000010000100000000000001010000000000000000001010001000000000000110110000000100000000000000
0000000000000000000101110000000001000010010000000000100000001000100100010000000100000001000010000000000000000000000001001000000101000000000000010000011100001100000000000000000000000000100000000000000000100000110010000110000001000001000001001010000001
0010000100001001010000100100000001000000000000000010001000000000000010101100000001101000000000000000000111000000000000100000000000000000000001000000001000000000000100000000000010000100010000100000000010000000000000010000010000000000000010000000001000
0001000000001001000000001000110000000000000001000100100000000010001000001000000001000110000001001001000000000001110000000000000110000000100100001000010001010010000000000010000010000000010100010000000000000100100000001011000001000010110000001100000100
0000100000100001000100000000000000000001000100000100100100000100100000000000000010000000000000001000010011000000010000001000001000000000000011000001011100100000000111000000101010000000001000000001110000010000000000010001000000000000100010000000111000
0000000100000100000010100010000000101100010100000100111000110010001001000000100000000000110000010000100000011010001000001000000010000100011000010000100010000001000011000100000000100000001000000000010000000000000000000000010100100000110111000010010000
0000101011000010000110001000000000000000000001010010000000000010101001000100100000000100011000001001000000000000100000000010100000000000000001000000000001000000110000110011000001100000000000010000010000000000001000000100001000000000000001110100000000
1000001000000110010000000000000000111000001000000000101000100101100110000000000001110100000000100010000000010000000000010000010100000010001000000011000000000001010000010011000100000100011100000000000000000000000010100101000000000100000000000000001000
0000000000000000000000000000001010000000000010100010000100001000100000000000000100000000000000000000001000000000100111100000000010010110001000000000010000000100000000100110000000100000000000100001000010000001110000000000000100000011000010101000100000
0001010000100100000000000101110000001000000001000000000000000100000010011000000000100000000010001100000000001000000001000000000000000000101001000000000000000000000000000000000000000000100101000000001000000100010000000000000010000000000000010001000000
0000000000000000001000000010000100010000000000000001000000001000010100100000000011000000000010000001100000000110001001110001100000101100000000000000000100000100000000000000001100000001000000000000000000000000010000000000010000100000001000001000001100
0000000000001101000000101000001000001001100000001110000000100000100000110000001010001000000000001001000000000000000011000000000000000000001000000011000000000000000100100100000000000010000001010000010010000000100000000000010000000000000000000000001100
0000000000000000010000000000110011000001100001000001001000001000000101000000000101000001000000000000100100000000000100000101000000000000000001000000001001000000000010000000000100000000000111000100010000010101000001000000000000100000000101100000000101
0001000010000000010000100000000100000000000000010000011010001010100000000001000010000100000111000010000000000000001001000000000000000000010001001000000010011001001001100010000001000100001010001000001000001000011001001000000000010000001000000010000101
0100110000010000000011000000010110000000010000000000000000000000000000000000011100000011001000000000000000010000000010000000001000011100001000000000010010011001000000001100100000000100110010010010010000000001000000000000100100000000000011000000100000
0000001000100000010000001001000010000010100001000010100000010101000000010000000000010010101000000100000000010000000010100000010000100000010000000000000000010100101001000100000110000011000000000110100010001000010000100000000000000010110010000000100000
0101001010100000000000001000000001000000100000100000000000010000001000000000000001000010000000000000000010010000000000000010100100000000000000000100000001100000000000110000000000000000101000001000000000000000010000000000010000000000100000000000000100
1000000010000000000001000010000000010110000000100001000000000000100000000010000010000100000100100100001100110000000000000000010000000001000000101000011000000000000000011001000000000000100000000001000000000010000111000001000110001000000000001100000000
0000110000000001000000001101010000000000000000000010100100000100100000000100110100000100000010001001011000001011001010010010000011000100100000000000010110001000000000000000000000110010100010010000010100000000100000000000010010100000100000100000000010
0000100000000000000000001000011000010100000000011010001100100001001110000000010100000110100001100000100100000000001000000101010000000000000000000000000000000000010001010000000000000000001100110100010010100000100000000000000010000100000000000000100000
0110000000110000100001100000000000000000000000000000010100100001000000001001001000000000000000000000010100000010000000000000111100000000101110101000110000100000000100011000010010000011000110100100000000000100000010000000010001000000000010001000000000
0010000000000000000000001000000001000000000011000001000000111000001000010001000000000000000000000000000000100111001010001000000000000000000110110000000000000000101000000010000000001000000100100010000010001000100110000110010000000010000000000100000010
0000001000011010000000100000000010011010000110000000011001000000000000001000000000000101100000000000000100000000010000100000000000000101000000000000000000000001010100111010000000110000000000110100000000010101000001000001100000000010001100000000010001
0000010001100000000000000000000110001100100000000000010000101000100001010000000000100000000000000000000100010100111000001000001000000101110000001000010000100100010000010010000001000100000000000100000010100000000000110100000000000000000010000010000000
0000000000010000100000001000001001000000000000010000010000010000000000001000010000000100000000010000000001000000000010100000100000000110000001000100000100000000100101100000000000010100000100010000000000111010000000010000010000000001000011000000000000
0000000010000000000000000001000000010000001001001000010000000000000011010100010000000000100000000100000011000010000000000100000001000000000000000000011000101000001000001000000000000000000100101000000000000000000100010000011011000000000000000001000001
0001000000000000000010000000000101000010110000000000000000000000000000100000000000001000000100011000011000100001000000000010010000001000001000100001000000000000101000000100001000000000000000010000000000111100010000000000100001000101000000000000010000
0000000010000000000000001000000000011001000010010000000010010001000000100110000000000000001000100100000000001000001000000001000000000000000000000000001000011010011010000000011001000000100000000000010010000000000001010000000000000001100100000001000001
0000000000001000000000000000110000010000000110000000000000001010000010000000000010001100001110000000000000000001000000001000000010100110000001010010000000000000100000000000000001000001100000000001001010000010010000100001010000000000100100000010010101
1000000000001001000001000100000000000000001010010010000000000001000000010000000000100000100000000100001100001000010001010000000000100000000000011000001000101010100100000000010000010010010000100000011000010000000100000100000000000000000000000000010000
0000000000000000000010000100000010100010101000010001010000000010001000100000010000010000100100000000100000100110100000010000000000100000100000000000000000000000000000000001000000001000010100000010000000110100000000000000000000100001001101000001000000
1000001010010000000000001100100100010000000000000101010000000000000100000100000000101000010100001000000000000000011010000010010000100010000000000100011001000010001000010010010000000000000000000001010000001001000000000010000100000100000000000100010000
0000000010000000000001001001001000001000000100000000000000000000111011000000010000000000010000000000000001010000100000000000100000010000100000100001000000100000000000100010000000010000000000100001001000000010000010001000000010010001000001000011000010
0001000000001000010000100001000001000100110100010100000001000010011000000001000000010000100000001000010000000100001010000000000100000000000001000000000000100000000000100110000100000000000001000000000100000000010000010001000000000100000000110000001000
0000000000000000010000000000000000000000000000000010000100000010000000000000010000010110010000010000000001000001011100000100000110110000000000000000010000000000010000010000100100001000000000000000101000100010000000000000100000001010000000000000000100
0001000100000000000100000010010000000000000000001000001010100000000000000000000001100001001000100000000000000000000000000000000000000110000000010100000000001000000001000000000100010010101001000100010000010100010101001000000001001100000000011000000000
0000100000000000000000000000010000000100000100000100000001000001000010001000001100100010000011000000000000000000100100001100011000000000000000001001001000001001000000000100000000000100001000000101001000100001001001000100000010010000000100000100000001
0001000000000001000000000000000000110001001000010001100000010000000100000000010100100001100100000000000100000100000001110000000001000000000100011100100000010000010000001001010000001000011000000010000000000010000000100100001100001000000010000000001101
0000000000000100000000100000010000000100000001010001001001000000001001010000000000000000101100000000010010001000000000000000100000001100001000010010000000000000100000000100000100001000100000001100000000000000000101000000100000000000111000000000000000
0000000010000000000001100000000000000000010000000100010100010000000000010000000100000000010001000000001000100000000000000010000011010000000010000100000100000000001000000000001000000000010001001101000000010000000000001010000001100000000101001000000000
0000100000000100000000101000000100010000000000001100000000010000010001000001010000000000100000000000000000010000001001000100000010000000000101000000000100100001011001000000100000000000000000000010000000000000000000000100000000000000010010010001010000
0000000010000001001000000000001001000010010000010000000000000000011001000000101000100001100000000000000000010000000000000000000000000000000101000110010000110011001000100010000001001000000010100110000000000000000000001000000000000010000010100000000000
0100010000100000110000001000100001100000000100000000100000100000001000000000000010000010000000000000000000000000010010110011000001000010100001011000010000011000010000000000001100100010000000001100000100000000010000000000011011000000000000000000100000
0000000000000000000010010000010100010000000100000000000000001000000001101101001000000000000000000100000000000000100000001000000000011100110010010000000010000001100000000000000010110011010000000000100000010111000001000001000001100100000000000000110001
0000000000111100000000001000000100000000110001000000100000100010100000000000000000000010000001100000010000000000010000000000000000000000101000010000000010000000001000011000000000000100000010000100100000000001110010010011011000101101000000010001000100
0000101000001010000000000000001000100101000000010100000000101000000000110000001001000000010000100100100000000000111000000010100000000100000000001100010010000110000000000010100000000110101001000000000100000000000000000000000000010110001001000000000000
0000000000010000000000010000100100000000000000000010000010100000010000010000000000000100000000000000000000000010101000000000001010000001010010000001110000100000011001000000000010000001000000000000000000001000000000000000000000000001101000000000000000
0100000000010000000000100000000100000010010010010000000000000000000010000000000000100000101001000000000000000000000100000000001100100001000000000001100001010000000001100000000000000000010011000000000100100000100010000000100000000000100001100000000100
1000010000000000001000110000000000010001001000000000001100001001100000000000000000000000100010001000100000000100001000100010000000000010001000000010000001001011000100000000000000110000000100010000000000000001000000001000010010000010000000000100000010
0100000001000000000100010000000010000100100110000000100001001011001000010100000100010010011000010000001000000100010000011100010000000010001001111000000001000001011000100000000001001100010000000000000000000000110000001001000001000100001000000000000000
0100000100100000001001000000000000000000000001101010011000100000100010000000001000000000011011100000001010001000000000101101000010000110000000100000000100000010000000000100010000000100000001000010000010000001000000000001001000100010000010000000101010
0000000000000001010000001000100100000100000101001000001000000000001000001101100110100001010000001000001000000011010010000000100001000000000001000000001100000100000010010001000001000000000100010000001100110000000000000000000000001100000000000001000000
0100000000001000000000000010000000000101000010000010000000000000000100000100000101000000000001000100000000100010000000000000010000001010000000101000001000010110010000000000001100000000000001001000000010000000010101000000000000000000010000000000001000
0000000000000100100000010000000101000000001000000000000100011100010000100010100100010000000000101000000000000001001011000000000000000000000000000110000000000000110000101010000010000100001001011000010100000011000001000000110000101100000000001000000100
0000001000000000001010000000000110000000000000000010100100000011000010001000000010000000110000000000001000001000000010000000010000101011000000001000100000000000000000111001100100100000000000000010001000100000010000000000000001000000000000010100000010
0100000100000100000100100000010100000000000000100000000011000111000000010000000000000000000001100000001000010000000001000000100000010000000000000000000000000001010010100001000010000000010000100000000010100000100001000000000000000000000100100000000000
0000010000000000000010000100000000100100000000100100001010000000000000100000010000100010000000100010000000110000000000000000000010000001000000001010000010001000010000000000010100100000000010000010010100000000010100100000000001000000010000010001000100
0000010100001110100000010000000001000110001010000011000000000100000000100001100100000000000100110010000000000000000110000000010011010100010001000010000000110010011000000100000000011010000011000000000100000011000001001000010001100001000001000000000000
0000000000001000001001100100000000000100000000000000011101001110001100000000001000000000000001010000010000000100000001100000000000000001000000000000000101000000000000000000000001001010000000000001010110001010001001000000000000100000001000000011000000
0000001000101010000000000000001000000000010001000000101010000000001000001101000000000000010000001100000000100100001000100110000000011000000011001010000100000011000010001000000000010000100010000000000000000000000010101110010000000000000000010000000001
0100110011000000010100101011000000000100000001100000000000100010010101000001000000001000000000000000100000100000111000000000001111010000100000000000010000010001000000100000100010001101100000000000001000000000100000101100000100001110001000010000100001
0000000110000010010000000000010000011000100000001010001101000100000110000000100000101010010000001000100011000000100010000000000000000100001000011010010000010100000000000010000011000010000001000110000000010010000000100000000000000001000000000000000010
0010000000000100000000010001000000000000100000010010000000000000010001000000001000000000100100001100000010000001100000000000000010100100000000000000001000000001000101000001000100000100100000000100000000000000000000000000010000000000001000000000010000
0010000100110000001000100100001000010010000000000000000100010100000000100010010000100000000000010101000000000000000000110000000010000000000100000100000001010000000001000000101000000000000000000000000000100001000000000100000000000010000000100001001000
1000000000010000000100000010000000001010000001000000000000001000000110000000000101010110001001001010010100000001000000000100000010000100000001000000000000000000000000100000001010000000001100000011100010000000100000000000000000000010010100000111000000
0000000001000011010000001011100001000000000100001010000000001000000000100000010000001000000000000000010100001000100010000010000000001010000010000000000001000000000000000000000000100000000010010000000100000000011100000000100100010010000000110110000001
1100000000000000110000000000000011000010010000000100100010100000001000000001100000000010000100000001000000000011110000000101000000000000000100100000000000001100001100000000100000000000000100000100011000000000000010001000000100100000010001000000100000
0000000001101001001000000001000000000000000000000000100010000000100000100000000000000000100000000000100010010010000000010000000010010101100000000010100100000000000000001001000000000000000110110110000000000001000100000001000000010010001011100000100000
0010000000000000100000000000000000010000000110010001000100010000100000110010000000010100100001100000000000000010000000110011001010000001000000000000000000000100000001101000000000000000000000000000000000001000010000000011000010001101000100000000100001
0100000000001000010000000000110000000100000001001010000000001000000000000010000000101000001010100000001000000001000000100100000101010000000000100000000000001000000001000001011000000000000010000001001100000000000100000000011000000001000000000001000000
0000000000000000000000010000000000000001000000000000000000001000001010000000101000000001000000010110000000000000001001101010000000000100000010100000101000000011000000001000001001100000000100000000000000000000000000110001000001000100000110110001000001
0000110000000000000100000000001000000100101100000010010001000000000010000000000000000000001110000000000000000001000100000110000000000000001000100110000000000100000000001000010001000000010000000000000000001100001001000000000000100100010100000000000000
0000000001000100110000000100000000101000011000100000000000000000000000000001010001010000010000010001000010000100000000010010001000001000000000000000000010010000000000000000000001000000010000010000000000010000001001000000001000100000001000010000001000
0000001000100000111001000111011000001101001000010001000000000000001001000000100010000100101010000010000000101000000000100000000000010010100000010000000010001100110000000000010000000000000010100001000000000000000010000000001000000000100110001000010000
1000000001001110001001000001100000000000000010010000000000011000000001010000000100100011101010010001100000000001000100010000000100010000000000001000010000000000010010000000010100000100010011000000000000001000000100000000000000000100010000100000000000
0000000000010000000011001010100000000000000001001010001010000010000000000000100010010000000000101000000000010010000000100000100010000100001010010010000100000110000101010000001000001000000000001000000000000110000011111011000001010000000000010001000010
0001000000010010100010000110010100000010101000000010000000010001000001010010000000000000101110000000000000100000000101000000000110000000000000000100100001010000000000000011100000000000010001000000000100000000000000000000000000000000000010001000000000
0100010110000010000010010000100000000000000000101010100011001000000000010001011000000000000000000101000000000100000011000000000000000010000010100100010000100001100100100100000010000010001010000001000000000000000000000000000000000000000000000100000001
0000000000100000000100110010110000000000000000000000100000000000000001000000010000011100011000000000000010000000000000000000000000000000000001000100100000000000100100000110100000000000010011110000000010000010100000001000010000100000110100001001000100
0000000100100000000100110001000001010100000000000000000000001100000000001100000010000000000010000010000110000010001000100100100100000000011000000010000100010001000001110001001110100000000001100010000000000000001000000000000001100000000000100000011100
0100000000000010001000000001000001000001000100000011000100100000000010000000001001001000001000001000001000100000001000000010100000000000000001000000000110000001000000000000001000000000000010000001000100000000100000010000010000000110100001010000000001
0000000000000010010000111000000000001000000001100000110010010000100010100100001010000101000100010000000000000000000100000000100000001010000000000000100000000000010010000000000010000000111000100000000000010011001100100010001010001000101000110000000101
0100010000000000000000001110000000000001100010000100000000001000010010000000000100000000001000100100000000100100000011001001000100000000000001000000001000000000000100000000010000000001000100001000101000000000100100000110000000100000000000110110000000
0000000011010000010000000000000000010110000100000100010000000100011001010000010000000000000101000000000100010000000000000010000000100000100000100001000100010010000000000000000000100100000010001000000000100000011000010000000000100000010100010000010000
0000011001000001000100000000000000000000000010001100000001000010000010100000101100100000100000010000000000000001001001000100100000000000000011000010010000001010000100010010110000000000011000000100000100000000000000110100001000000001000000001000000001
0001000101010000000000000000010110001100000100000101010000101010000000000000000010010110000011000001000010000000110010000000000100000000010000001000010000010000000010000000000000101000010000000011000000000000010010001110000000000100000001010000100001
0100011010000000000001000000001000000010010000010100100100000000000001000001000011000001000000000000000000010000000000000000000000100000000000010100000000000000000100000000000000000100010000100000000100001000000000000000000000000000010000010001010010
0100000100000000010100000000000000100000000000000000110000001000000000000011000001000010000110000001001000000000000000000100011000000010000000001000100010000000000010000000100000000000000000000000110000100000100001000001001000000010010001001001000000
0000000101000100001000000000000010000000000100010001000001000100000010110010011010000001000000001000000000010000000000000100000100000000000000000001000010101101001000001100000010000001000000000000110001100000110100011000000100000100010000000000001100
0100001010010001001000010001010000000110100000000100010000010001000000000000100000000001000010000000001000000010100100110010000010001000000000010000010000000010100100000000001011000000010101001001001000010000100010100000000100000000000110110000000001
0000000001000000001001000100000010000001010001000110000110010000000000000000000000100101111000001000000001010000100000000000000000000111000001011000000010010010000000000010011000000000010000000000000000100000000000000000010110000000001001000010001001
0001000001000000100000000000000010000001000000100100100001000100100000000010101000000000010000000001000110000000000000000001000000000000100000010000000000000000010100010110000000010010001000000010000001000001001000001010001000000010000001001011000000
0001000100010000000000101000001000000000100000000000011000000010000010000010000000100000100010000000001000100000010000000000100100010000000000010100000000000000000110000000010100101010100000000110000000010000000110010000100010011000000001010000000001
0000000101000000000010000000000110000000000010000000001110100000010001100100001000001000000000000001100100000001100000000001010110000000000010010100001000000001100000000000000000101000000001000010000001000100000000000100000000001000101000000000001011
0010000000000000011100001000000011000100100000001111001010001000000000000010100000000000001000111000000100000001001000000010011100001000011000000000011001000000010000011000010100000010000001000000000001000011000010000010001000000000001000000000000001
1001000000011000010000100000000000000000000000000000000100000000001100100001001000100001000010000010000101000000000010100000000000000010101000010000110000011001000001000000000100000001000001000000011000000000010000000000000000000001000100000110100000
0010010000100000001000000000001010000001001000000000100000000000000000101001000000000000010000001000000000001000000001010001110000100000000000000000001000100010000000000001000000100010101001100001000001000100011001000100000000010010100000000110101011
0000000001000100000000000010000000000000100000000000000000000000010010001110000100000001010000000000011010000000000000000000000100000001100000000000010000000000000000100001100010100000010000000001000010000010000000100101000000000101100000011010000000
0000000000000000000000001010000000010000000000000100000001000000010001010000000001000000101000000100000010000000100000000000000000101000000010001100100000100000000001000000010000000000000000100000001000000100000010000000000100000000001010000000000100
0100000000000000100000000000000100100000100001001000000010100101000000000001100000100001000000000000000001000000000010000101010010001000110000100010000100100011000101000000000000100000100000000000000000000000001000010000000000000000000000000000000000
1000000000001100000000000100000010000100000001000000100000100000000000011001000000000110000000001000000101101000001000100000000001000000000100000000000010000101000000100000000110000000000000110001000100001000001000000000000000001000000000000001001000
1000000000001000000000100100000000100000000001110100010000000000000000000100001000000000100000010000001000000100010000010000010001000000001000000001000000010001000000100011110000000000000000000000000001001000000000010000000000010010010100010001100100
1000100000001001010000000100000001000000000000000010000000000000100010010010100001000100001000001000000100011000000000000000011000110000010010100001000000000010000000000000000000000000000000001000000000001001000000010000100100100000000000100101100000
0001000000000000000000000000000000001100101000000000101000000001000000011000000101000100000000000001010000000000001000001000000000010000001000000000000000001000010010000001000000100010000000000000110000001000100000000000110001000000000000000000001001
0000001010100000000000000001010000000000000100000100000000000000000000010000000000000000100110000010000000110001000100000110000001000001000000000000000100001000100011001001011000000100000000101001110000000000010000100001010010001000100000000000000000
0000000100010000000000000010011000000000000000000000000000100000000100000000010100011010000001000000000000000000001000011001000000000010100000111000000000110000000000000000100010000000000000000010110010001000000000001000000100000000000000010000000000
0001000001000000000000000000000000000000000011010000000000000100000000000000000000100100000000011000000001000000100000001100100010010000100000001100010000001010100000001000000100100100010110010000000000100000100000100000100000100011000000010000000000
0110000100000010100101000000010010000000000000000000010100000001010000010000010000100000001100010001000000000001000100000001110001000001100100000000000101000000000100000110001000000001000000011000000101010000100100000000000000000000000000000000000000
0000000010001100000011010100000000000100100000001000000100000000001000001011100100000000110101010100000010001110111000001000000000000100100000000010001000000010010001000000010010001110000110001001000000000100000110000000100000000010110000000010000011
0010010000110001000100001000100000000000000000100000000010010000100000011000000000000100000101000000000001000000001000000100000001000000001000001000101100011000000000000000000000000100100101000000000010000110100000000111100000000000000000000000100001
0000100010000100001001000000011100000100000000010000000010011000010000100000100000000000000100000000000001001001000100100000000000100000000000010000000000000100001000000001011000001000001000100000000001000001000000000001100001010000000000000001010001
0000000000010000010010010000000000000000110000010010010000000000000001000000000000000000000000000000100000000001110010000100000100000001000000000001010000010000001000000010000101101000000100000000010000000000000001101001001000100000000000001000000010
0000000000000000000110000100000100000000010000000000000000000100000000000001000000000000010100100011000000100001001000001000000000000111000000000000000001010000000100000000000000000100001001010010000100101000100011100011000000100101000000000000000000
0011001010000110011010100000010000100000000000001100000000100000000010100000000000010000000100000000000101001000100000000010101010000000000000000000000010000000110000100010000001001000000000000000000010101001000011000000001100100000000000101000000100
0000010100000100100000100000000000000001000001001110001000000000000000001010000100010000100100000000000000100111100100000000010000001001000100000100000000000000000000001100000010100000000110010100000001000101100010001011001000010000000000001000000010
0000001000001110000000000000000010010000010101000000001010010100000000000110000000110000100001000001011011010110100001100000000000000100000000101000100000000000001000000000100100100010000000001000000000100010000000000000000000000000001010000000001010
0001001100100110010100000010000000110000000100000010010000000000001001100000100000100001000011100000000100110000000010100000000001001000000001100000110110010000100001000000000000010000110000000000010000000110000000101000000000000000001000000000000000
0000011000000010000100000001110000000001001000000001000001000000000000000000010001011000001100010000011000010000100000000001100000100000001010100000001000000000100000000000000000000111100001000100100000000000000000001000010000010100101010001000000000
0010000001100010100000000000000001000000000010000100101000111000000000000000000000000100000010100110100000000010000000000101000000000001001000001000001000000110000000001000000100001000000000000000011000000010010000000000000010000001010001000000000000
0101010100001000000000010000100101000000000000011110000101000000011000100100000000001000000100101000001110000000000000000000011000000000000011000100110000000010000010000001100101000100100101010000010000000000000001110001101000000000010010000000000000
91 93
56 105
