250 250
0100000000010100000000100001001001000010001000000000100010000000011000000000100101001001110000000000000000000000011000100000000000010010000000000000000000000000000010000000000000000000000001000000101101000000001100000000001000001000000000000000000000
0000001000000000000100100010000001000000001001011000000001000000001100000000001000000010010010001101000000000000000000000001000000000000000010000000000000000000101100000000000000000010000101100000000001000110000000000000000010000000110000101001101000
0000011100000001000010000000110100000100000000100000000000010100000000000000000001100000001001100000000000000000000001000000000000000000000000000000001000000000001000000000000100001000000000000000000011010100000000001111011000000010100000001000000000
0100000000000001000010001000001000001000100011100001000000000000001000000000001000000000000000000000000000010000100001100000001010000000011110000000100110010001000010000000000000001000001000001000111100001101000111100000000001000000000100001000000001
0000000110100001000000101001000001000000000000011000001000100000000000000000001000000000000100010000000100010010100000000001001000101001000011000000000000000000011001000010001000001000010000000000010100000000000010000000010100000000000000010000000101
0000000010110010100101000001000001000101100000000000110100100101011000110000000000000100001000010000000000101010000000101000000000000000000010000001000011000000000000000000001000100000000000000000010000000010000000011100000000000000011000000000010000
0000000000000001000000000010000000000000010100010100000000101100000000000001110000000100000000000000000000000000010001100101000000011000000001000000011000000000111000001100000001010110100000000010000000000000100000010100110010000001001110000100000000
0100010000000000000000010000110000000000000001000000000010000100010100000000100001000110000000100000000001000001001000010000000011000001000000010000100000101000000000010000000001000010000001000000000010100000000001000001000010001001001000000000100001
0000100101000001000100000000000000010110000000110000100000000001010000000010000000000000000000000101000000000000000000001000000010100001010010010000101000000000000000000000000000000000100000000011000000000000010001000011000000100000100100100100100000
1000100000000000110001000000000000100000000001011000000010010000010000010000000000000010000000000011001001001010000000000000000000100010000110000000000100100000001000000000000000010000101000001010100000101000000100000000000001100000010101000000001000
0000010000000000001000000000110010000000001010010100000000000000011000000000000000010000100000000000100001100000000000010000001100000101100010001001000001010000000001000010000000100000100000000000101000000000100000000100000100000000001000001000001001
0000000011010100010000000011000001000010000010001100100100010000000000100000000001100000000000000000010000001000010110000000000000000000001100100000000101000000000000000000000000001000000100100101100001100010001010000011000000000100000001000000010000
0010000000010001001100000000011000000000010000010000100000000000000010010000000000000000010100000000110000100000011000000000000000010000001010001010001000001110010010000000001011010000000000010010100111000000000000100001110000000000101000010001000000
1000000011000000111000000000000000110100000000000110010011000010001000001000000100000000100001000000000100010000111000010000001001010000000000000000000000001010100100000000000000000100110000000000110000000000000001011100000000100100100000000000001000
1000000010000000110100010110000001000000100100000000101000000000010000100000000000010101000000000000100010001010000000000100000100101000010000000000010000001000000000010000010010001101000001000000000001000000001000001010000000001001000000010100000000
0000011000000011100100010000010010000000000000100000000000101010000001000100000000100001000000000010000000000010100000011001000001001000000001000010000000100010000000011000000100001010000000010000001000111010100000001100000001000000010010000000100100
0000000000100000000101010000100000000000000000001010000000110000000000010000100010000001100000000000000000100100001010011100100100001010000000000000100000000000100001100000000100100000110000000001011001100000000000101000010000000100010001010001000010
0000000000001010000010000000000000000000000001010001001000000010010001000100010101001000100000000000001000100000010001000000000000000000010000000000100000000000100000001000000000000000010000000010110010100000000000100011000000001001001001100100000000
0000100001000000100000000000010001010000000000000000101000000100100011000010011000010000001000100000000000000110010100000001100000000000000000011000000000001000000000010100000000000010001010110000100010000001100100101110101000000100000000000000000001
0010000010000000000000100010100001101100000000000000001100000000000010001000100000000101000010000000100010100100000010000100000000010010000000010000000000100000010000110110000110000000000111010100111000000000000001000001000000000001010100000010000000
0011010110000001000000010001010000010011000110000001000000011000111000010000000000100000001010000000000000000000001100000000000001011100001000101010000010001000000100000000000000000000000000000000000000000001001000000000000000000000001000001001000101
0000000000000000000000001000010100000011000000001001010011010100010110011000000000000000000000000000001000000000001000110010001000000010000000010000000000100000010001000010100010010000001000100000000000000000001000000000000001100000000001010000000000
0000000110000010100000000101111000100000000000000000000010100010000000010001000001000000101100000000101010000100001001000000010000000000101001000000010100000101100000000000000000001000100000000000000000000100000000000010000001010000000000001000110000
0100000000001000100000001100000000010000000000000000000000001000000100000000000100010100000101000001000100000000000110000000000100000100100000000000110001001000001010000000000000100000000000000100010000100000000000000000000000001100000011000000001000
1110001010101100000000000000000000011010001010000000010001101000000000000000011010010100000000100000000010000010010000000000000000010100100000000000010000000000000010001000100000000001000000000000001011000000100110000000000000010000000110101001100000
0000001000000100000001101010000110000000001000000000100110001001000010000100000010000000000010000000000000100000000000100000100000010000010001000000100000000010000100011100010000000000100000000000010000010000000010001000000100100100000000000001000100
0000000100000000100010000010001010000000000000000000000010100100100000000000000100000000000000000000000010000000110000000101000100000001000000000001000001000000100000000000011110010000010100011000000011000010000000000000001101000010110000010010000100
0000001110000000000001100000000000000000001000100000000000001010000000000001100010100000000000000000000011000100000000100100000000010000110000010100101100000000110000000000010010000010000011010110000000010000100000010000100000001000000001001000000000
0001010010100000001000001000001100000000011001000001000000000100000001001000000000000010000010010101110000100000010000100000000000000001001100000001001010100001000001010000000000000000000010000001000000001000000001000000001000000000110100010000010001
0000001000000101000001000010010000011000101000000000100110000000000000010000000000000000000100000000000000100100000100000000000001000000100000010011000000000100010100000000010001000000100000000000000010000000000100000010000000000001000011100000000000
0001000010110001000100100110000100100001010100000000010000100000000000000010000000100010000001010000000000000000100000010100000000010100000010000000000100101001000010000000000110000000001001010000100100011000001000000000000000101000000000010000000101
1100100000100000000000001000000000000000000000000000001100000010001000000000000100000010000010000000000010000010000000000010001001000001000000000000000000000001011000100000100000000010000001100001000000101001010000110000000010100100000000100000010000
0000000101000000000000100000001000000000000000000000000000001100100100101000000011000010010000000001000100001011000000000110001000000010010000000010010000000000000000010001000000010000001000000010000101101000000000000000000001000010000000000000100000
0100010000010100000000000001000100000011010010000000000000010010100010001000000000000000010000010000000100000000000100000000010000000000000010100011000001000101000000000000000101000000000000010000000000010000101001000000000100010000000010000011000001
0000100100100000000000100000000001000000000100000000000000000000000010000001000000000000010000010000000001010001010000000110010000000000111000000000000000000110010011000001111001000010000000000000000000001000001000001101000000000000001000100000001000
0011000000000100000000000000001000011100000000100100010001001000001001100000010000000000100001010110001000000001000101000000010001000000011100100000000000000000000100000010100010000001010100000000000000000100000000000000000010000100001000000010000001
1000000101010000010000101000000000100000000000000000000000001000000000000011100001100010000000000000000010000000001000010110000101001000000100000000000000000000000010000000100000000000000100000000100110001000001010110010000000110000010000000000000010
0100000010000000000010010100000010000000000000000100001010000100000000100000100000000000100000000001000000100000000000000000000010010100101100001010000000000000100010100000101000000000001000000000000000100010000000000000010100100000100000100010010010
0000000100001000000010000001100010100000010000000000000000000001100010001001000100010000001010001010000100010000000010000000000000010000001000010011000000010000001000000010111000000000001011000000000000000001000000000000000000000000010000000110000010
0000100000000000000000000100000001000100000000000000000000000000000100010001011000000000001000000100000000000000000000100000001000000100100000001000000000000000000000000000000000000100010000010000000000010000000000100100000000001000001100010100000100
0000000000000000000000100100000000000000100100000001000000000100010000001000000010110000000010001100010001000010000010000001000000000010000010000000001100000000101000000000100000000110000010000010000000000100001001100100000001000100110000000000010000
1010001000000010000000000000000000010001000010010000000000010110000000000000000000110101010101000000000001010011000000000000000011001100000000010000010100010001000001000000000000000000100000001000010100000001010000001000010000010000000100000000000100
0000000000000000100010000000000000000000000000000000001010010000100100000000000000011000110001010010000000100100010000000000000000100000000000100000010100000001000100000000000010000000010001000100000000110000000100010000000000000111101000000010001100
1010000000000000000001000000000000011000010000110000101010000100001010100000001000011011000000000010010001010000000001000011000000110010000000000010000000100100000001000000000011000000000000000100000000000100010000010001000000000000010000000001100000
0000010100000000001000000100000010000000010000001000000010010000100000000000010000000000000010100000000000000000000000101000100010000000100000000001000000000000000000001001001000000011000000000001100000010010001000000000000001000100000000010000100100
0000100010011000000000000001000001110000000000101010000000000000100001000000000100010000000010000001000101010000010001010100011000001001000010101000000000000000000001010100000000100000001000000010000000000000010001001110000100000011000000000100000000
0000010000100000100000001000010100000100000000010001010010000001100000001010000000000000000000010100100000010011010000000000000010000000000010000000000010000010000001000000000001010000010000110000000000010010000100010100000000001010000001000010000000
1000000110000111000000000000100101100010000100100000010000001000001111011101100000000100000100000000100001000101000000000000100000000100000000100000110101100000000010001000001100000000110000100000000001000001000000000000010001000000000001100000000000
0000000000000000000010000000000100011110000100000000000000010000000000100100000000001000000010001000000010000000000000001000000000000110000010010000000101100000000010011000000010000000010010010000100000000000000001010100110000000101000000010010000000
0000001000000010011000100000000000000000001000001100010000000001010001000000001000100010001000010011001000000011000001100000010000100001100000100000000010011011000000001000000000100001100010000001001000010000000001000010000000000100000001000000001000
0000000000000100000000000000000100001000000100000000001111000000000000000000010000000000000000000001001010000000001010110000000001000000000000000000000000111000001101000001000000000000000000000001000000000000001100010100000000000110010000000000001000
0000000000101000100000000000000000100100100000000000010110000000000000000010000001000010000000100000000100010000000000001000100000001000010010000000100100000100010000010000000000010000010100101110110000000000000011000000010101000000000000000000000000
1000000000000000010000000010000100000001000000000000000000011000000000000000001000010000100000000000010001000101000010011000000000011101000001000000000011000000000000100000000000000010100000000000000010001000000000000010010000000111001000001000000000
0000010100001000000000001000000000000000100100000000010010001000001010001000000001001000000000000001010000000000100000000000010100100100010010000001000001000000000000000100001100100000000000000010111000000011000100000001000001001000010000010001001000
0000000110001000010010000000000000111100000010000100001000001000000001011000000100001000000010001000001110000100000101100000001000000000000000000000000100010010000001000001001000010000010000000000000000000000100000000000000010000001000000000000001000
0100000000100000000000000000000000000000100010000001000000000000000001000000000010011000000001001000100100101000000000000000000010010000000000010000000010001001000100011110000000000000000000100000000000000000001000000000000000000000010000000100001000
0000000001000011001000010001000000100100000110011000000001000001010001010000000010001000000010000011110000000000001000010000000000000000000010000000000010001100100000100000000000010000000000001001100000010000000001100001001000000000001000000000000001
0000000000000011000000000000101000000000010010111000000001000000100110000000111000000000000000000000010010000000000100010000100000000100011001000100000000001000000000100100000000010000001000100101000000000000001110000100001000000000000000000000000010
1000000001000000000000000111100010000100110000001000000010101001000000000001000000110010101000000000010100000000000000000001100101000000000110010100000000010110100000000000000011100000000000000000000000000110000000001000000000000000000000000101110000
1111001000010000000000001000010000000000001000100000010100000000010100001000001000100010000000100100000000000010101000000001000000000000100000000000000001010000000000001001000010000000101000010000100001001000000000001000100000000010000000100000000000
0000110000100000101000000001010001000010100000000000100001011000000000000000100000000010000100000010000010001010000100010000100000100000000000000010000010000000010000010000100000001000000000000000010010111000000000000000010000010000001001000101000001
0000000100000001000000000000000000101000000001000000100100000000000000000010010000000000000001010000000000101001000000000001000000000000000000010100000100111000100000010000000010001110000000000000000010000000000100010001000001000000000000000000000000
0001000010000000010000000100001001010000001000000000101000100000100010000000000000000100110000000001001000110000100011100000000010010001000000000100000001000010000000000000000000000100010000110000000000101001000001000000100000000000000010100000000010
0000001000000100000000001110010000010001001001000100000000000000000000001000100010000000000011000000000000001001010000100010100000101000000000100000100000000100000000000000000000001100000000100000000001000000000000000000010000000000110100000000100000
1000001101000010010000001000010010000000001001000000000000011110101000000000000000000000010000001011000000000001000110000000000000000000100001000010100000000110101010000000000000000001010000000000001000011000000100001010000100101100100000000000000110
0000000000100000000000110000001000000000000100000000000000011011000101011110101000011000000001000000000001001010010001010000001000000010110000000000000000000101000000000100000110101000001001000000010010100100000000000010100001010000001000001010000000
0000000011000000010000010011000000100000011000010000000000011000000000010000111001000000000000000000000100000000001101000000000000010001000011000000100000001000000000000000000000000000000000000000001000010010000000000000100000000000100001010000000010
0000000000000000100100100001000100001100000000011100000010000000001000100110100000010000010110100000000000000100001100000000000000001000000000000010001000000000001001000000001010001000000000010001010010000000000000001000000010000000100000000000000100
0000011010010010000110000000000000000000000010000000001000000000000000000010000011000100000000010000000010000000001000101010001000000000001011101001001000011100100000000001100000010100000100000010100100000100000000010000000000000000010000000000000000
1001000000100100000000000000000000100000000001000010000000000000000000000000000000000000000000000000010001000011000010010000010000001001000000101001000000110010000000000010000100000000010000010010000000000010000101001000010000100001001110010000000000
1000000000000101000000000001000101000000000010000100000000000000100001000100001001000000011000001010001100000000000100001000001001000010010000000000000000000000100001101000000000000000000010000100000010000000010010000000000000101000010000000100010000
0001000000000100000000010000000010000000000010000010001000010100000010000000000000011000000100000100000001010000010001000001000001010000001010000001100000000000000000010000000001101000000011000011001010000010000000000000001000000000000000001000000000
0100001000000000000100000000000001100000000000000100000000000001000000100000010011000100000010000100100001000000010001000100010000000100001000000100000000010000001000000000001000100000000000001000000101100000000100000010000110000001000000100000000000
0010111000010010000001000000000000010000000000000000000000000010000010010101001000001000001000010000001000010000010101000000000000011000000011000001000000001000000000100010000000000010000100000100000000100000000010000010000100000000000000000000100000
0100010000100000000000100101001101100000000000001000000000000000000000000101001011000000000000000000100010000000011000000000000000000000000000000000000000000100000000000000000011010101000010100010000100000001000000001001000000000000000001011000001010
0000001000000001100000000000000000111000001000000001010000000110000000010010000000111000000000100100100100001010010000010000000000010110000001000011000000000010001000010000010000010000000001000000100100100000000110001010101000000000000001100000100000
0000000000100100000000000100000000001000100000010110010001010000001100000000000000001000001010000011000000110001000010100000000100100000010000000100110001000000000000000100000000110000000001000000010100001110000000001101001000000000000001010000101000
0000001000001000101001000010000000010000000010000000000000001000000010000000100000000000110000000100000010000000000000001000000000101010100010000010000011000000010100001101000000000001000000001010000010011001000000010000100000001000010000000001000000
0110000010000001000010000100000000001000001000010000001001001000000000000100000000000011000000000100000101000001000000100000010000100011001000000000000000001000000000000110000000000010000010111100000000000010000000001000101000100000000000000101000000
0010100010000110000010000010000000000000000100100000001000000000001010000001000000100001000000000000000000000001000000000000000010010101000010011010010000000000000000001100000100000000100011100010000000010011000010000000011000000100000000001000000000
0100101100100000101010000000000001010000000000000101101100100000000010010000001100000000000000010100001100000100000000000001000000100000000001000000000000000000000000000010100000000101000001000100100000100000000010000000010000000000101110000110000010
0001000000100100000000000000000000101011000000000100000000000000100000000000001110000000001000010000000000000000101010000001000000001000000000000000001000000010000000011001010000000000000000000001000001110110000000100000000010000000000000001010010000
0000000000000100000001010000000000010110000000000001001000000000001000000000101001100000000100011000000001000000000001000010000001001100000000010111000000000011000000000001001000000000100001001000000110000000001000000001000000000000000111010000000000
0000000000000000000100000110100000000000000000000001000000001000010000001100000000000100000000100000000100000000000000001000000011100100010000001000000000000110100000000000000000000010000000000100000001000000000100000000000010010000000010001001001001
0000000000000001000001100001100000000001000000000101101010000001000001001010010000000000100000001000000000010000000000000000010000100000000001000000000010000000000001000010000001010000000010010000010000000000000011000010000001000011010100001010001000
0000010001100000000000001000000000000100000100010000000000000000000000100000100001000001010100000100001000000000000000110010000011000000101000100000000000001001100000000001001000101000001010010000001001000010100000000000000000010001000000011001000001
0011001001000100010010000000010000010000000000000000000010000001001100000000000000000000000001000101010000001000010000100000100100001000000001010000000000001000000000100010000100010100000000000110010000000000000010000000001000000010001010010000110100
1100001000010100000010000101100000000001010001100010000100100000000000000000000000001000000000000000110001000000000000100000000100010010000100000010111000000100001000000000010000000000010000000000100000111100010000000001000000000001100000001001000000
0011000001000000000000010000000000100000000010001010000100000000000000000000001000000000000000000000001100000100000000010000010010011000010000011000001010000001100000001000000000001100000000100010100100000001100000000110000010000000000000000001000010
0000000000100000000001011000000000000001010000010000010000000000000011000100000000010010000000000000110000000000001000001010000100000000100010110000100011000000000100000000000000000000010000000000000000001011000000010000000010000000001000001000000110
0000001000000100000000000001000010000000100000001000000001001000001000000000011000000000110001001000000000100000000100000010000101000000000000001010100000000000100000000100000001010000000110010000100000000001010000000000001000000000000100000011000000
0000100001000010001100011000010001100000100000000000000000000000101000000000000000001000100000000000000010000000010100010000010000000001000001000000100000000100000000000100000000001001000000000101001101000000000000010010010000010010000010100000000000
0000000000101000011100000000000000000011001100000001110000000000100000100000000000100000101010000000000010010000001010000000100000000000010010000010000101000000000000001000010010000010010001010000000000000010001010000010000001000000110000000100000000
1001000001000000000100000000000000000000010010000000000101100001000000000010010011000001010000000010000000000010000000100000001000000000100101000001000000101000001010011000001010000010100000000110001000000001010000000011001000000000000000001000100000
0000110010010000000000010010000000000010001001000000000000000001000001000000000100010101001101000000001000010000000000000010000000000100100000000100000100010000000000001010001000010010000000000001000000000011100110000000000001001100000010010000100000
0000100100110000000010000010000000100000010011000100001000001000100100010100000000100000000100000001000100000001000000101100100000000000010000000001000000100101000100000010000001001000000000010000001000000000000000000000000010000000000000000100000000
0001000000000000010100000100100010110100010000000000000001000000000000100000000010000010100000000001000001000000000000010000001000000011001000000101010000000000000010000000001000001000000000100000100010100000011001101100001110000000010001000110000000
0110000000000010000000001010100000000000000100010000000000001100001000100000010010010001000000000010100000001001000000000100000100000001010000000000000001101000000001010010000010000000100000000011000001010010000010010001000110010000011000010011010000
1000000000010001001001000011000001000000000000100000000000000100010010010000000000000100000000100000000010000111100000010100000000000100000010000000000000001000000000000010000001000000000101010010000001000000000000010000000000000000000000000000100010
0000001001000100000001000000100100000000000100000000000000001000000000010000000100000010000000000001000100100000100000000000000000000000000100100010000010101000001000000000110000010001000000000000100000000100000110010000000000000100010001000001110000
1000000010000001000000100000000001000001000000000000110100001100000100000000000000000000000000000100000000000000000001000000001100000000111110000001100000000000000010000100000000010010000000010000000000100000000100000000000001000000000000100000001000
1000000010000001000101101000000010000000000000001001000000000000000000001001100100001010000000011000010001000000000000000010001100010000000000001110000010100100010000000000000010000001010100010010001010000000001000100000000000000000000010000000010000
0000001000100000101110000000010011001000000000000000000110100000000100100001000100001000000000000011010100000000100001000010000000100100000000000000000001000010000100000011010001000100000000000000000000001010000010001001011001110000000100000000000010
0000010001000001100000000000000000000000101000000000000000010010101000110001100101010000000000000000000000000000001110000100001100000001000100000000000000010101000010000000000000110000000000000000000000100000000000000000000101101001000000111010000000
0000001000000101000110000011101000000100000010000000000001100100010000100100000010000000000101000000000100001000000100100001000000010000100001000000010010000011001001000000000000010000000000010000000000000000000000000010000000001000000010010000000100
1000000000110010000000000100000000000110010001110001000001000000000100000110000000000110001000110000000000100000100000001000101001010000000000000100100000000110001000000010001000000000001011000000010000000000000000000110100101000000010000000000000010
1100000010000010000000100100000100000000000100001010000011010000000000000001100000000001011100001100000101000001001000111010000000000000000000010001000100000001001010000100000000100000010000000000010000000010100100000000100000100010000000000000000000
0010000100000001000100000000010001000000000001000100000100101000000000000000000100100010100000000000000000000000000000000010001001000000000000000100001000010001000000000001000000000010110000000000100110011000000000010000000000000011000001010010001000
0001100000000001000010000000000000000000000100000000100000000000010000000000000001000000000001010000001110000000001010011000000000000000000000000000000000000000000010100000000000000100000000000010000000000001010101000100000100010000000000100000000010
0000101001011000000000100000100000010000000110001100000000000001000000000000000000000100000010000001000000001000001000100000011000001001000000000000001000000010000000000000000000000000000000000000000000000001000000010100000000000000010000001000010000
0010010000100000000100000000000100000001000000000000010001000111011000000100000001010010000010000010000010100000100000000000000000010011100001000100000000000000000100010000100010000010000001000001001100000001100000000000100100001100000001100100010011
0000000100110000010010000010101000000100000010000010000110101000000000000000000000111010010010000011101100001000000000100000111000000110100101010000000100000000010001000000100000000000101100001000000000000000100010000100110000001100010000000000000000
0000101011011001000100110000000011100000000000011000100000000000000110110000000100000110000010001000000000000000000100000000001000000100100000000000000000000000000000000000000010000000000000000000000100001010000000001010001010000100001001000000000010
0000000000000000100111000000000010000000000000000001000010000000000000001000000010001010100000000000000001000000000000101001000000000100001000000000000000101000000100000000010000100000000000000000000001000010000010010100000100100101000000010100000000
0100000000000100000000001100000000010000010000101010010010000000010000000000100001100000000000001000001000000000000110000110010010000001001011100000100000001000001000000001000000000000000001000011000010000010000100000000100000001000000000001100000000
0000000000100000010000000000000000000000001000000000001001010101000001010000000000000000000001000000000000000000000000000001010000001000000001101000000000000001000000000000000001001000001001000001110000011100010000000001100010011101100001101000000010
0010000000000000001000010000000000000100000000100000001000000110000001000001011000000000000000000000010000000000000001000000110100000000000010000000000000010010000001000000000100000010000001000001001000000010000000000000100000000000000010100010000000
0000001101000000001000000000101000001010000000000010000010000000000000000000000000010001000001001000000110100000000000010110000000000100000010000000100000000100000001001000000101000000000000000101100000000000010000000000000110000000000001000100001000
1000001000000000000000000000101000101001000000000000000010100000001000000001000010001100100010000000000100100000000000101000000000000010010001010000001001010000001000000010000000110110001000000001000000000000000011000000000101000000000011000000000001
1000000000001000001000100000000000000010010000100010000000010001000000000000100000001000100000000000000100001000000100000000000000001000000100000001001001010000000000001000000010000000000100000000000010010000000000000000101001001000000000000010001100
0000001000101100101010001001001000000100000100000111000000001000000010000000001010010000000000000000000000000001111110000000000000010000001000000000000000100000000001000000000000010100000000000000000000000010000000010110000100100010001100000000100000
0011100100000010000000000001000000000011010000100000000000010000010000100100000010000000000001000000000010000000000010100000000010100100001000100011000000000101000000000000000000000000000100000010000010000001010000010101000000000000010010010100000000
0001101000010110000001001010100000100000010010000001000000000101100000000001000000001000000000000000000000000010010010000000000010000010000001000000000000000110000000000001000000000011010000000100101100001100011000100000000000010000000010000000000011
0000000010010000000000000000000110000000000000000000000000010100000010001001000000100001101000001000011000010010010100000100001000110001011000010000100000000000100000010000000000010010001000000000000010000010101001000000010010001100000000000101000010
0110000000000000000001000000000000010000110000000001000000010100000000000000100000100001000000001000000001000000000000000000110100000100000000000100100000010000100001001000000000100011100101110000000000010000000100000000001000100000010000110100000000
0010000010001100000010000000011011000000000100010010001000000000000000010111000000000000000000000000000000000000010000010010000001000000000000000010010000001010000000010000000000000000100000000000000001000000000010000001101000000010001100000010000000
0001010010010000001000000100100100000001010000110100100000100100000000000010000000100000000010000000001000000000000000100000000000000010000010000000100100000000000011000000000000100001100100001000100000001100000001000100000001000000000010100000001000
0000000000000000010000100101001001000000000101000000100001010000000001100010000000100100000000100000001010010000000100000100001100010000001000000000000000000010000100110100000010000000000000011000000000000000001000110000010000000000000000010000010010
0010011000010001000000101000000001010000000100000000000000010000100001000000000000010000001110000000000000000000000000000010000001000000000010000100100101000000000000000010000010100000001000000110100010010010100000000000000101001000000000000100000000
0001000010000010001000001110000001010000100000000000000000000000000100000100100000110001010001000001100000000000000000100100001010000010000001000000000100010000010100100000000000010000000000000100000010000010100000000000001010100100000000000000101100
0010000000111001010100000000001000010000001000000000000000110001000100000010000000000000100000000110000000010010000001000000100000000001000000000010100000010000010001100001000110100000000000000000001000000000000010000000000000000010000000000100110000
1000000000011000001001000100000000001000000000000010101000000000000000000100000000001000000000000001001000000100100000011010000001000000000000010010000100000001000000000000011001100000000010000000000001000000001000000100000000000000010000000010000010
0001000000101010000100010010100001000001000000010100000000000000001000000100000010000000000110100000000010000100000001000001000000000100000000000000010000000111010000110000000110001000011010001100000001000000000000001010100010000010001000000000000000
0000100000000110001000100000000000101110000000000100110100000000100000000001001000000000000000001000010000100010000000000000001110010000000000001000010001010000000000000000000010000001000011000000001000000000010000000000000100000000010100000000010000
0001000000000100011000001000001100001000010000000000000000000100010001000000001000000000000000000000000001010010000000001010001000010000000000000000000011000010000100010000000001000000000000001000000101000000010000001000000000000010010000000101001010
1000001000010010100000010000000100000000000101000000000000100001010010000101000001000010000000000000001000100100000000010100001010100010000000000000000001000000100000001000000010000000001100100000000001010000010000000100000000010000000101000000000000
0010000010000100000000000010000000001101000000000100000000000000000000000000000000000000101000000000000001000000010101000010001100001010010000000010000001000100000000000000000010000100000000010000000000010001000000000000101010000000000000001001000000
1000000000000000000010000100000000000010010000010000000010010001000000001110000000001001000011000000000000100010011000000000100010010001100000000110001101001000001000100000000000000000010100010001000001010000010000000000100000010000001000001100000000
0100000000000000000001000010010000010010000000000110001000011000000000001000000010000000001010000000110000101110000100000100100100000000000000000000000010001001000000000000000001100100000010000000000000001000000000000000000000000000000001000001000000
0000000000100111100100010001000000011000000100000000100000000100000000100010000000000000000010010000000000110100000000000001100000000000000000100000000000000010000010000000010100000000000000000000010000100000010000000001000000010010100100110000101100
0000000011101001000000000010000000100000000000000000000110000010000100000000000000010000000000000000010001100000000000000000000000001001000001000001000000000100000100001000100000000000110000000100000000100000010100000000100000000011001000000000000000
0000000000010000000100000010000001000000110000000000010000000000000000110000000000100100011011000000010000001000000000001000000000101110000100100000000100000000000000000000000110000000001001000100101000000000001000000000000001111000010010000000000000
1001001000000011001100000000100011010000010000010001010000100010000000000011011000000000000000100000010010000001000000010111001001010000010000000010000010000100101000010000000000010000100000000000000001000000100000000000000000100001100001110000000001
0010101000000000010000100000000100000010000000000000010000010000001000000001000100000000000000000110001001000000000000000000001011010000000000000000010000000000000100100001000001000000001001000100000000000000010000000100000000000000000001000000000010
0000001001000001000010000000000000010000000110100100001100000000010000000010100000011000100010001000010000000000000000000000000000100100000011100101000010010000000001000000100000000001010000000000101001000010010110011100000001100010010001000001000001
0000010000000111000010001000100000000000001100000000001000000000000000000000010001000001010100000100001000001000000100001010000100001000000100000010100000000000000000000001000010010011000001000000001000000100001000001010000000000000000001000000010110
0000000100000001000000100000010000100000000000000001000000000000100000000000000000010000000010010000101000000000001000000000010000000000000000000000100000000000010000001000010100010010001000000000000000000010011000001001000000001101000010000100010000
0001001000001001000000000000000000000000100010000000010000110100000011000000000100001010001100001000000010000000000000100000000000000100100000000100000010010000110100000000001100001000000010000000000000100000000000000000000100001000100001100000000100
0000000000000100000001000000000101100000001000010000000000000011010001000000000000000100101000000100000000110000000000000000000000000000000000000101011000000000001000000000010110100001000000000010000010101000010000000000000000000000000000000100000010
0000000100000110010111101000000001100001100001000001000000000000010000000000000010000000000000000000000000000000100001000000100000011000000000000000000100100100000000000000001000000000000000000000000001010000000011000010010001000000000001000000101000
1001000000010000000000000000100000000000000100000001000000000000000001011000000010000000000110000000000000101000001010010011010001001010000100000100000110001011000000000000000000010000001000000001001000000010000000000100000000100001001000000000000000
0010100010000000000100000101100000010000010000000010000100000000010000100000000000000000000000000000001000000000000000001101000000000000000010100000001101000001000010000000011000110010000100010000000000000000010000000000001000000000001001100000100000
1000000110011010000000000100000110000000010001000010000100000000110000010000000000000000000100001000000000000101101000000010000100000000000000000000000100000000000000001000001000000000000000101000000000000010000010000000100000100000000010001000010000
0000001000000000000000000010000000000010001000000000000000000000010011000000000010100000100000001010100010100000010000001000000010001000000000010001100000000000000000000000000000000101001000000000000010100001100001100101000100010000101000000000000000
0000000010010000001000000000100000010000011101000000100001000000000000000000000000000010000000000000000010000000010001000001010010000000010011001000101010110100000000100100000000000000000010000001000000000110011001000000000110000001100000010001000000
0001000010000100100001000100000000001000000010000110001001000000100000001000000000000000101000000000010100000000000000000000010010000000010000010001000100001100100000000000000110100000000010000000100010100000000001000000000100001000001000010100110000
0001000000000000000000100110000000000100010001001101000100000001101011000101000000010000000000000000100100000000000010000000001100100001001100100001010000000000000011100111010000010000000010000001001000000010000000000000000000000001100000000000010000
0000101100000000000100000000000000010100100000000000000000010000001010000001111000000000010101000010010011000000100000000001000001001100000010000000000000000100000010001010001000000001000100100000000110000000010000000110100000000101001000001000010000
0000000000000000110100000000000000000000000001000000010100001101000000010110000000000000110000110100000000000000000001000101000000000000000000000010001000000000101000010011001100000000000000001000000000100000000010010010100000001000001000000000000000
0000010000000000000011000000000000000000000000001010001000101000000000100001000100010000000000110000001110000001000100000010000000001100010100000000100010000000000001011000000100000000000000000000000000000000000000000010001000010010000010100000000000
1001000000100000100000001001001000000100110000000000000000000100000010100000011011000110000000000010000000000100000000001000000110010000000100000010000011100000000000000010000100101000001000000010100010000010010010100100000000000000010000000000000000
0000100000000101001000001000000000000001000000000000000000001000000000000000000010010001010000101010000000000000001000000000000010010000010000011010010111100100000000100000100000110100001001001101000000000100000100001001100011011100000010010000000001
1000010000001100000000000010100000100001000011000000010000001001000010100011000000000001001000000000000000001000110000100000001001000000000001101100001010000100100000001000010010000000000101000000000001000000001000100001000000000100000000010000001000
0000001000000000100100100000000010000000000000000011010100000100000000001000100010100000000000000000100000000001001010110000100001000001000000001000010000000010000000001000000100000110101000000010010010010010000000000000000010100100000100001000000100
0010101000010000100000000010100000001010000000000011000000000100000000000001010000000000000000001000000000100100100001110100100000010000011000000000000000011000000000000000010000000000000000010000000000000000010000000000000000000001000110010000100000
0010010000100000000000001100101000010010010000000000100101001001000000000001000000010000000100000000010000000001000100100001000000100000010000010010000000010000001101010000000000000110010001010000000100100000100000101100100010001100000000100100010100
1010001000111000001000001000010000000000000001100010000000000000100100100000010000110000010001000000000010011000000000000000100100000000000010000001100000000000000000001101010000000111001000000000100100010100010110000000000000000100000000010001001000
0000010101001000011100010000000001000000000000011101100010000000001101000001010010000100001000010100110010000000000001000000000000100000000110010000010000010010000000000100100000000000010000000000001001000000000001000000000001000000010100000010000000
0000000011000000011000000000000010110000000010100010000000100000000010000001001100000100100000010010101000010000000010100010010000010000010000100011000000001010000100000001110000000010000000000000010000000000001000000000001000010010000000000000000000
0010100000000001000100000000000000000001010000010100100000000000001011010000000000000000000111010000000000001000001000100000000000000000001000000000010000000000000000000001010010000000000000000000010100000101000000001000110000000011000000000000000001
0000010000000100101010100001000100100010100000000100011100000010001100010000000000100010000000000000000000000000010000000100000101001000000000000000100000000001100110010000000010000000010001010100001000000100000000000001010000110100001100000000000000
0000000010000000010000000001010000000000001000000000010001000000000000000000000010010000001000000100000100000100000001000000000000000000101100000000101000010010010100000100000000001000100000000111000000000011000000100000100000000011010000000100000011
0010010010011000001100000000001001010000010000000000000001000000010000000000001000000000000100011000101000000100001100000000110000000110000000000000000000000001000000001000000010000000000000000000000000000000000100000110010001011101100101100001000100
0000000100000000001010000000000001100000010000000001011000000000010000001010001000001000010010000000001001100011011001000000011000000001000000000100000000000100010000100000010000001100000000101000000001000011001000000001000000000000000000100001001000
0000000000000000000000001000000000000000100001000110000000000000100000011000000000000000000001000000000011000000001000010000010000100000001000000000000100011000000000011100011000011110010000000010000000001001000000000010110100000000000001010001001000
0001000010010000000000000000001000000000001000001000100100000000000100000100000000101000010000000000000000010000000000010000010001000010000000000000000000000010000000000000100001000001010010011100011001000001000011010000011000111100110001001000000001
1001000001010000100000000000011000000001000000110000001011100000000000010001100000000000001000000000011000000000000000000010001110000100000010000000010000001000100001000010011100001100010000000010100000000000000000000010000110010010000000101100100000
0100001010001100000101000010010010010000000110000010010000000000011000100000000000000001100000010000000000000100110000000000010000101000001000010000000000000010000000010100010000000000000000010000000010000000100000000000000010001010001100000000000000
0000110000010000000000001000000001000110000000001000001000011000010000100000000000011000000000000010000100000000001000110000001000000101000000000100001000000000000000000000000001001000000000000100100011010000001000011001000000110010000000000001101000
0100000000001010000000000100000110001000110001000000000000000010000000000000000000000000000001000010001000000000001100110000000001000000000000101000000000100000010000001010101110010000011000011000001001000000000011000000010010000000000010000000000000
1001000000000001100101000000011000000000010000000000000000000000001000001000000000100000001001000001000000010000010000010001000001000000010100000000000000000000000000000000000000100000000000000010000000000100001001000001000000010000000000100000000001
0010001000000000000110000001000000000010000000100100001011000000100010000101000001100000000011110000100110001000000000000000000000010001010010001000100000010100000101000000010000100010000000000000000000000000010100100010000000100000010000000100000010
0110000100000010100000100111000000100000000000000000100000000100000010000011000000000000010010000101010000001000000000000101100101000000001000000000000000001000100000000110101000000000000100000000000010100100000000000000000000000000010100110000100001
0000000000010100001010010000010000001110001100001100000000001000000010000001110000000000000000000010010000000000010100000001000100010001001000011000000100000100010000000000100010000000001000000000000000000110000010001100000100100001100000000000000000
0000110001100110000000010000000000100100000000000000000010000001100000000000001010100010000100001000100000000000000110000000100000010101100010000001000011001000000001000011000000010000000010000000010100000000100000000000000000000010000000000000000001
0000001001000000000000000000000000000001000000111010000001000100000000000000000100000100100001110000000000000000000100000011010000000010000000001001000001010000000010010000000100000000000000000000011001000001010000000000000100000000000000001101000100
0010000000000000101100000000000100000010000001001000000010110010000000000000000000110010000000000010000000000000000100000000000000000010000000000011000111100000010100000000001100010001010000100101010100000000000000001010100100100000000000000010101000
0000000000000000000010000000000000000010000000000111000000101001001001100010101000000000000000000000000111010000010011000000100010000000110010000000000000000001001000000000010000010000000000100000000000000000001100000001110000000000000000000100000100
0000000001110000000000000000001000001010100001001001010000100001000000010000000100010010100010000010110001000000010010000000100000000011000001010001110000000000010000000010000011110010100000010001000000000000000000000100000010000000000100001000000000
0000010000000000110000000100000100001010100001100010000000000000010000100101001000011000010000000000010000000010000000000000000000000100000000001000010000010100000100000000001000100000000000100000010000000000000100001000010000000111100000000011001000
0100100000000000000000000100000000001000000000000110100000000000000001100100010100000000000001000100001101101110000100000001000100000000000000000000000000000011010001000000000000100000010100010001001000100100000000010000010010100000000010000000000000
0000000000000000000100000000101110010000000010000000000000000000000000000001000000010000000000010101001010000000000100100000100000010000000000000000010000010000000000010101000000100000000001110000101000100100000010000000000000000000000000000000101000
0000000000000000000000010000010000000100000010000000000000000000010000000101100011000011000000010001000000000000000000111000000010000100000100000000001000000000000101000000000000000100000000001000000010000000011000010000000001000100000100000000010001
0100000101000000100000010000100010000000001001000000000110100000000101000000000010000000010000000000010100100100010010101000001001000011000000000100000000001000010011000100000000001000010100000000100001100011100000000100010001000011000001000010001000
1010101000000010000000010001000000000000000000100110100100000001010000001000000000000000000000000010100000000010000100010010010001000000000011010000000000100000000000000000110000000000000001000100001000000000000000000000000000000010010001010001000000
0010010010100101100000000010000100000000000000000000100001100100000000100000101000000000000000000000000100101000000110000000000010100000000011000000000010001011000000000010000011010000000000000101000000000000100010010000000000010100000000100100001001
0100000010000001000100000010000000000001000100000000010001000010000000010000000000010000100000100100101000001010001000000000010000000000000000001000000100000000010001100000100000000000110000000000000000001000010010000000010000010000011000000000001000
0100000110100110100001010000000000000100110000001011000000000100100000000000100011100010000010101000000000001000000000101001100000000000000100100010000100001000010000000000100000000000000100010000010010000001000011000100000000000101100000000010000000
0001000000000010000000000001100000000000000000000001010001011100101000100100000000000000000000001000000000001000000000001001010010000000010000000100000001000000000011100101000100011000000001001011010000000001000000000100101000000000000010000000000000
1000000000000000000000000000000000001101000001010000010000000100000100100010000000000000001110000000110100000000010000100000010001000001000000000000000001000001000010000000010001000000100000000000000010100000000000000000010001000001100000011010000000
0000000000000001001101000000000000010100100000000001101110000000000000100000000000001000010010000000000001010000011000000000000100000000000000000000000000010000000000000000000011000000001100000010100000000000000000100010000000000000010100000101000010
0100000000000001000001101100000100000001010000000010010000000000000000000000000000001010010011000000010010000000000101000100000010010000001000000000000011011100100000100000001000100000001000000000001100000101000001000000100000000010000000000101000000
0000000000000000000000000000010100000000110000010000000000000000110010000010100010001100000000001001010000000000000000011000000010001000000000000000001000000100000000100011010000000000101010010000010000000000011010000000100001000000001000100000000000
0000010010000000001000001000000001001000000001000000100000000001010000000100000001110000001000000000000000010000000000000000001000000001000000000000100000000000100100000000100000000000100000100010010000001011001000000100000001000000000000000000010000
0000000100000000000011010000000000000010001101001010000000000001000000000000000010000000000010000000000000000000000010001001001000011000001001100000000101000000000010000100000000100000010000000000100100000001000010100100000001010000000001000010010001
0000000000000000011000100010000011010101000010010000001001100010000000110000000100000100001001000000010000001001000011000000000000000000000000010000011000000000000100000000000010000100000100000001100010000000000000001000000000000001001000100000100000
0010000000000010000000100000100000000000000010000000000000000000001000000000000000001100000000000000010000000000000000010001000100100000000000001000000110100000000001000100100000010000111100000101000001100011000000000001100000000000001100100000110100
0110000000000000000011000000000000100000000110000100101000000000100000001001000110001000000000000000101100000110000001100000000001000000001000000000000100000000000001000001000000000000001000000000001000010000001000000000010011000000010000000000100000
0000010000011010000001100000000000000000110000000000110101010101000000010000001100000001000000010000001000110000000000000010000000100100001001000001000000011100000000010000000000000000000010001010000000100000000000010000010001000000010000000001000000
0100000000000000100000100100010000000001001011000000100000000000000000010001000000010011000100110000000010100001000000000000000100101000000000110101000010000000000000000000111010000000000000000100000100000000000000101101000000000010000100000001000001
0000000010000000100100000000001100100000000011100010010000000000000101000000001001000000100100010000000001000010100100000000000000010010000010010000001100000011010000000000011000000001011000010000001000001000100000001000010001000010000000000000000000
1000000010000000000000000001001000001001000100000100100110000010000001000000001001000000000000001000000100010100010000000001010011000000000000000000100000000000001101000001000000000001000000101000010010010010000000001100000000000000000000101010100000
1000010001000001101000000000000110010000010000100101100110001001000000010010000000000101010000001000000000000000001000100000000111000001000100100000000000000000100000000100000101000110100000010101001010000100000010000000000100000000000001010000010000
0011000000000000000100001000000000000000000000101000000000101000000000000000100001000010101000000000000001110000101000000000100000000001000000000000000001000000000000000100000100010000000000000000100000100000001000000000000100010100001010000000000000
0000000000100001000011000001010000000010000000000000100000000000000110011001000000000000000100000000001100011100000010000011000101000000000000001100010100100000001101000000000100000101000100000100000000000001000000101000000100000100100000001000000000
1010100000100110100000010010000010010010010000000000010001000001000100001000001000000000000000100000000000000000000010000000000000000000000000000001010010000000010000001010000000000011100001000001000001000001000000100000100100100000001001100000011001
0000000000101000000100010000000000100100100000000000010010110000000001100100000000000000001000000000000001000001001000010100000000000010010000001001000000000000100001000010001001100011001100100000000000000010000000100010010000000000001001010000000010
0000010101000010000001000000010010000000101000000101000001110100000010001101000010000000001000000000000000000010000010000000000000100000010000000000001001001100000000101000000000100000000000000000000001001000000110000100000000000010000000000000010010
0000000000000000000101010110000000000100000101000001000011000010000001001000001010000100001101110000000100000000000000000001000000100010000000000000000010100000000000100000001000000000000000010001000100000000000000000011100000010000000000100010000000
1110100010001000110001001000000000000100000100100000001000101100100000000100000000000100000000000000000010000000001000001000000000001101010101011001000000011000001100000100001000000000000010100011000000000000001000000011000000000000000100100100010000
1000000000010100000000000000000011001000101000000001000000000100010001000010000001000000000000000010000001000000100000000000010000000100001000000000001011010100100000000000001111000000010010000000000001010000000001000100000000100001100011000100011000
1001000000000000100001000000000011010000011000000000000000010000001000001011000000000001000001000001010100000000100000010000011100100000000010100010000001000000000010101100010000000000000000000010000000001000001000000000000000000100100001000000000010
1101100110000100000010110100000100000000000000001000010100110000000000001100000000000000000000000110000000010000010000000000000000001000000000000000100010100000001000000000000000100000000000010100000100111100000100000000100100000011000000000000000000
1000000000010110101000000000000010010100010010000000110000000001100010100001000101000000000100000010000000000011100010010101000000000100000100000000000000000010000000000010000000100000000000000000000000000000000000001000000100000000000000000000000001
1000000100100000100000000000010001001001000001000001000000000000001010001011010100000000010000010100000000000001001000010000000000100000000000000010000001001000000000110000000000001000000001000000000000100011000000001110100001110001010101000000000001
0000000000000000000000000100100000000000010000000000000011101000001000000000010011001100000000001000100100011000000000000110000110001010000010001100000011000000000000001000100000100000000101000000000010100000000001000010001000000001000000010100000000
0010000000000001000100000000000011000100001000000001000100001000000001000000010000000101000000001000101000000000000000000000000010000100000101000010001001000000010000000110000101000000001100000001000000001010100000000010001010000001000100000100000000
0000000011000100001000000000000000000101110010000010100100000000000000010000001000100100010000001000000100000000000010000000101010001001000000010000000100000000110000000010000000000000101000100001000100010000000000110000000010000000000000000000000100
0000000110000110100101100000000011000000100000000000000011001000000000100100110100000010100000000001000000000010000000001000100000000100010001000000010000000000010001001100001000001000000000000000000000000000000000000000000000001010000000000001001001
1100000001000000000000000010010010000010000001010000011100000000000010000100000001001001001100000100000000000000000000000100000000100000000000001000000100000000000000010000000100000000100000100100100010010001010100101000000000010011000000000000000000
0000000000001001000000010001000000001100000001001010000010000010010010000000000000000000000000000010001000001000100000000000000000000000100100000001000001000000010101010000010000100000001001000000000000110000000001000100100000000000000000000000000100
0000000000000000000010000000000000000001001100100000000000000000010000100000000100000001010000100000000100010011000000000001000000100001100000000000000100011010000000000110000000100001000100100000000000000111000000000101000100000011100000000010000011
0000000000001000000000100000100000000000011010001000000000000101001000000001000000010010000000000000001100000000000000000000000001000000100000110001011000010000101000000000000000000000011101001000000000000000000000101001000000000101101000000000101000
1001001000000000010000000001000010000010000001001000001001000000000100000001000000000101000000001000000000000000000000000000000001000000000000000001010101000100100001100000000000000000000000000100010000010010010010000000000010011000011000000101000001
0001000001010110001000100000100100100010000010000000001000001001101001010000000000000001000001001000010000001001000000000010000000010001000000000000000000010000110000100000010000000000010000010000100000001000001100000000000000000000010010001001000010
0000010000000000000100100010100100010000000000101000000000100000000011000100010000000001001010010110001000000110000010000001000110000000010100000110000000110000100000000100000000010001000101000000100010000000000100010000000000000010010000000010100110
0000000000000010000100000000000011010000010100000000000111001100001000000001000000000011011000001000000000000000010010100000010000000010100000000001000001000000010001001100010000100100000001100010000100000000110000000100000011000000000000011001100000
0000001000000000000000001001000000100000101000000000000000000010000000010000011000001001000010000100001000010110000001010000010001000000100110000001011000000001100010000000000000000000100001000000000000000000000000000001010000000000010001100000111100
0111010000000000110000100000000010100000100000000000010000010000001000000100001000000011110001000100100000000000001100000100000001100000010100000001000000000000110000000010000110010000010000000000000011001000000000100000010001000000000010000000000000
1000000000000000000010000000001000010010001010001100000010000000000000000101000000100000000010100000000000000000011000000110100000000000000000010000000000000000001000000000000000000000001001000100000001010000000000000010000000000000001000000100000011
0000000000001000000000000000000000010000000000001000000000000000010000000000000001000000000100000100010000100000010001000000000000110011110000000000000001000000000100000001100000000010110010001010000000000001000001000001000001000000001001001000000000
0000101001000100000000000000100010000000000100000001000100000000000001010010000110011000000000100000000000000000001000000000000000000010000010000110001001010000000010100000110100000001100010000001000000001100000000010010001000000001100100000000110000
0000000000000100001000000000100000001000000000101010000001011000010000101010000000011000001000110000100100000000000000000000000101010000000000000010100000000000000000110101010010100100000000000011000010100000001000000001000000010010000000000011100000
0000010001100010010000000000000000100000000000001000000100000010001010000000011011000000001100000000000001000000000000000010000000000100000000010000000010000010000000000000010100010010000100000000010000001001011000001010000000000001000100010001001100
1100010011000000100000000010001000101101011100000001001000101000000011100001000000000001000000010001000001000010010000000010001000100000010000001000010010000000000000000000000001000000000000100000000000000000100000010000000000000000000000000000010000
0000000010000000010000001000001110000010000101100000000011001000101000100000010000000000000000001010000100000001001101000000000000000010000001110000000100000010100000100100010000000000001010000000000110100000000001010000101000000000000000001100011010
0001011010000000000000101000000000100110000000000100010000101100000001000000000100000000000000000000000000000011010001000110110000000000000000010110000000010001000000100000001000100000000000000000000110111000000001011000000000111000000000001010000100
0000000001000000000000010000010000000010000001101000100000000000001010010000000010000000000010001000011000000100100100100000110000000000000000000000000100000100000100000000000001000000110100101000000110000000000010100000000000000000110101100101000000
0000000001001000000000010110000000000001100000100000001000000001000000000000010000000100000000100001010000000000010000000000001000010001110000011000000001000000000000010000011010000000000000101000000000000011100000000000000100000100010011000010010000
0100000000100000000000000100001011010011100000000000010010000000000000100001000100100010010010001000100000001000000010000000011000010001001000000011000010001000000000000001000010100001001110000101000000010100000000001000000001100000000010000000000001
113 97
217 198
