250 250
0000101011001000000000100110000100100000100000000001000000000000000010100000000000000100000000000010000000010000000001001001000000000100010000001000000000010001000000001000000000111000100100000000010000000000000001000101000010000010000010011000000000
0000000000000010000000100010000000100111011000100100100011000000000010000010010010000000001000100000000000000000000001000000010000100000010000000011000000001000010100000000000000000100000101000100000000000000000000000100000000000000100000100000000000
0001000000000000000101000001000011000010100000001000000101001000100000000000000000000010100011000000000100100000000001000100010001101000001001000000100000000111000000000000000000001000010000100000110000000100000000000000001000000000000000000000000100
0000000000000000010000001000000100001100000000100000000000000000011000100100000010000100000010000100000000100100000000000010100000100010100000001010010101000000010000001110000011000000001000000100000000000000001010000100101000000000000000000000010000
0100100010000000010000100000000110000101000000100000000000000000101000000000000000110110000000000000000000000000000000001000000001101100100000100010000000000010100100100000010001000011100100000000100000000010000001100101001110001100100000000000001100
0000000000000000000100000001000000000000100001000001000100000000101000000000001000100000000000000000000000001000101000011000001100000010000111000110000000010000000001010100000000000000010011000000100100010000000010000100000000100100100000100110100000
0000010000101111100010100000000000000000000000000010100000000011000000111000000001000000000010000000010000000011000000000011000010000000000010000010100000100001000001001000000000000000000000000001001000010110000000000000100000001110000010100000000000
0000000000000001000000000001001000010000000001000010000010000010000000000000000000100010000000000010001100000000100000001101000000000000000000010000000001100000000000000000000001010001000000001000000000000011010000100000001100000111011000100000010100
0000000000001000000100011100000000000000000001000000000001000100100000000000000010000010010010000010101000000100001000000000000000000000000100000000000000011000000000000000000000000100011000010000000000100000000001000001000110000000000000001000000100
0010010000000000000011000001000110001000000000010000000100000000000000000001001000000001101001010000000000010010001000000000100000000000000000100001100100000000101001010010000100001010010010000000000001100000000000100000100000000000010010001101100000
0100000010101010000000111000000010000001100000000100000000010100100000001010100000001110011010110000000010000010101000000001000000101000000000001010001010001000100010000000000000000010000100010000000001000100000000000010001110000000001000000000000100
0000001100100010000000000000000000000100001000100100000110000011010011000000000001100000010000000000000000010001000000001000000110001000000000000001011000010000100110001100000010000000000000000000000010100000010000100000001000110000000000000100000000
0000000001000000000000000011000011000000000000000100000000000000001100001010011011000000000000100100011000000100000001100101000000100000000000001000011000000000000010000010000000101000000001000000000101000000000010000001000000100000001000000000000000
0011000100000100010000000001000000000100000000000000100000001001000000010000000001000000000000010100000000000000101001011000000000000000001000000000000000000001000000000110000011000010010000010000001011000000000000000000001100010010101001000100000001
0000100000000000000000100010010100100000110000000010000000100000000000000010001010100001010001001000000000111000000010000000000001000000010010000001000000000000000000000000000000000010000000100000001000100100000000000000000100000000000000000000110000
1000000100001000000000001000001001110000000000000000000100000000000000000110000000001100000000000100110000000000000000111100000000000100100010000101000000000000001011001000010000000100000000000000011000001000010000000000000100000010000000000000000010
0011000010110100010001000000101011001000000000000000000000001000100010000000000000000000000100000001100000000000000000100000001000000010001000000000000000000001000010010010000000000000000001000011001000000100000000000010000000000000010000001000001001
0000001000001000000001010001000001000000000000000000000000000000001000000000000000100000000100001000000000000000010010100100000000100000000000011000000000010000001000011100000100000000010110000100001100000000000000000000000000100010100100100001000110
0010010000110001000110000001000000010000000000001100000000000010001100000101001000110000001000001000100100011000010101000000000011001000110100001000100001001010000000001000100000001000010100100000010000000000000000000000000100000010010000000000000110
0000000000000100100001000000010000001000110000000000100010000000000000000000000000000000000000000100000001010000100010000000000000000000000100000000001000000000101010000000010011001001001000010101000101001011100000010000001001000001000001100001010000
1000101001001000001100010000000000000010000110000110000000100100000000010000000000100100001001100100100100001000000010000100000101000000011010100100000010000110000001101011001001000010000000001000111000000001000000000001000100011000010000000000000000
0100000101000000000000110011000000100100000000000000010100001010001000000000000001000001000000000000000000000000011000000000010000010000001000001001100000000000000000000000000001000001000000100000000000000000000011000000001100000001100000000010000001
0000001011001000000000100000000011110011010000101000001000000000000000000000001011000000010100000000100001000100001000010100101000000000111000110001000000010010101000000000000000000010010000001001000001100000000000000100000000101001000010011000000000
0000000100010000000000100000000100010000001000000011000000000100100100000010000101000000000000000000000000110100000001000000000010000000010001000000010000000000000001101000000100000000010000100000000000000000010001000000000001000010000010000101000000
1000000000000100000100100001010010100000000001000100001000000000000000101000000000001001010000000000100010011000100010010101000001000000110000101100100000000101011000000000010000000000100000000000000000000000010000000100000100001000110010010000000000
0001000001001100000001000000000000000000000000000000000100000000000000100010000000010100110000000100001100000010110100000000000001000100000000000000000001000100000000000000010000000000000000001000100100000100000000100000000010100000000010000110000000
1001000000000000010001000000000000000001000000100001010100001000000110000000100000001000000001000010001001010000100000001000000000100000010000000000000000001101010000001001001000010000010000000001110000101001100000000000000010001000100010000000010000
0000000001001001000000000000000000100010000000000000000000001000100110000000000000000010010000000000101000000000100100000001010010011000000010000010000000001100000000000000000000000010000000000000110000110000010000100100100001000000000100000001010000
0100010000000000000000000101100001000000000000000000000001001000000000100010010100000100000001000100100010000100000000000000001001110010000001111000101001000001000010100000000000100000000000010001000000000000001000000010000100000100000000000000000100
0000000000000000001000001000010000000000100000000000001000000001101000100110100010100010010000000000000000010000001000110000000000100000000001000010100000000000001101011000100000000000000001000000000100000010000000000001000001000100010000000001000000
1000101000000001000000000010000000001010000110010000100001000010100000000100100000000000000000000010011101000001000000001100000010000001000000101000000000000100100000000101000000000010110000000000101000100001000010000000000000010000000000000100000000
0110000000010100000000000000010000010001000000010000000000011000000001000000000010000101101010000000100101010100000000010010001000000100010100000100110000000000000000000000000000101000100010000000000010000000000000100000000010000100000001000000000000
0000000000001000010111000000000100011000000000001110000000100000011000000000100000010100010000010001000000001000010010000010000100000000000000000000000000000000000000001000000000000000000000000000000000000010000000000000001000000001000001100000000000
1000010000001000000000000100000101100010000010001000000010000000000000101000000000000000001010011010000000001000000000000000000100100000000000000000100000100010000010010000001100000000000000000100100000011101000000000000000000001001000000000000000000
0000000000000110011100000100000000000010000010001001110000000100000010000000001000100001000000000000110101001000010010000000010001001010000000000000000000010110110000000100110010001001100000010000000010000010001000000001000100000010001000000100000000
0001000001011100000000000000000000011000010000000000101000000010100010100100010000010100000000000000100000010000000100000010101011000000000000001001000000000100110001000000010000000000001001000000000010000000010100000000110101110011000101000000100001
0000010011000000000010000100100001000000001000100000010100001000001000100000100000000000010000010010000000000010000001000000000000110000000001100000000001000000010000000110000001010000000000000001110010000000000000000000000000000000010100100000001000
0000000000001000001100000010000000000010001110010000000010000000000010010100000000000000000001000100100000000000010100000010000000100000010000000001010000000011100000100000000000110000010000010000000000000101000001000000000010001000010010101000100000
0000000011100000000000000010000100000000000000000000100000010010010100000001000000001000000000000100011000000000000000000000000001000011000000010100100100010000000110100010100010001010000000000000000001000010100000000000001001110000000000010010000100
0000001000000000000000000000011000010001100000010001000100000000010100100000001010000000000010010000010000000100000000000110000010100000010000010100000010010000000100101001100000000000001000000000010000000000000000000000010011000000010000000100010100
0000000001000000010000001000100000001001010000000000001000000010000000000010000010100100000000011000010100000000100100000100000010000001000000000000001101000100000010000011001000000000000100000000000010000000000000001100000010001000000001001000001010
0000010000000000100000010000000010100100000010000000000000000000000000001001011100000110010100000100001001110000000000000010000011000000000100000100100100000000110000000000000100100001001010001001000101000000010100000011000000000000100101000010000000
1000100000001001000010000011000000010010010010101010001001000000000100100001000000000001010000000101000000110000000000000001000000000000000001000000001000001110000000001000001000001000000000000000100000000001000000000000000000001100000001000011010000
0000010001000001000010001000001000000010100000101000000000000001100001100000000010110001000100110000000000010000000000100000000001000001000000000000000101000110100000000000000000100000100010000000001000000010001000100000000000000100000001001000000001
1100000000000000000100000000000000000000001000000000000000001010010000100100110000101010000000000100000000110001000000100001000000000001011000000010000000000000000000010000111000010000010000000000010000000010000000000000000000100010001010000001001000
0000000110010010100000000010000000000100000000000000000000000000010000000000000010000000000000010001100000000001000000001100000000011100101000000000001000000000000000001001101000101001010000000001010000000000000000000100000010010000010100000000100001
0000000000000001110100100000001000100100000000001001000000010000000010000010000000000000000001000111100000000000000000100000000000010000101010000000000000010000000000100000000000111100000100010000000100010000000000000010001000101001000000000100000001
0010001100000000000110000000010100000000010000010000000000000000000000100100000100000001000000000000110001000011100000000000001000100010110010001000000000000000000001000001000000100110011000000000000000000101010000100000010000000000001000100001100000
0100000000101000000001010000001010100001010010000000000000000000000000001010000000001000000000000000000000100001000001000000100000000000000000001001000010000000000000000000000000110000101000011000000001100000001100100000000010010000000010000000000001
0001000000000100000000010000100000001100000000000000000100100101011000000100000000100000100010000000000000000000100010110100000000001000000000001010000000001000000010000000000010000000000000000000001010001000000100100100000100000000000010101010100110
0100000100010000000011000000000000000000000001000000000000000001000000000000000000000000000000000001000100000000101000101000000000100010000000001000000000000010000000110100100001000001001000000010000001000001010000000110001010100010001000100101000111
0001001000010100000000100000110100100000000000000000000000110000101000000000010000010000000000110000000001000000010000010000101010000000000100001000010000001010000000000010000000000010000000010000000001001000000100001000000000000000000000000000000000
0000000000000001000011001000000000000001000000000010000000100000010000000000000000000000001000000001000000010100000000001100001000000000000000010001000000000100000000000000000000000000000000000001001000010000000000000110000000000001001100000000001010
0100101011000000010000000001100000010000010000000001010000100000000000000000000100000000100000100000011100000001001100100000011000100011100010100000000101000000001000100001001000100010000000000000000100001000110000011000001000000000000110100000011100
0000001001100000010001000000000000100010000010001100101100000110000110000001000101000000000000010100010100000010001100000000000100001101000000000000000000010100000100000000000000101000000010000000000000010000010000000001010100000000001101000000000000
0000000000010000010010000001010010000001000000000100000000101110000000100100000000000000000000000000000000000000010100110000011001110001010000000010000011000000000000100000011000101100000000100001000100000000000001000001000000000001000000010100000010
0100001001000101000110101000000000000010000000001000100000001101000001001011000000000000000000000001000100000010011000001000000000000000000001101000000000100000010000000000010000000100001000000000000000000100000000000010000010001101010000100000000000
0010000000000000010000000001000100101001000000000101000100101000000001000010000000000000000000000000110000000101000010010001000011000000001000000000000000000100000000000000000000000100010010100000010011100000010001000100010000000000111000101000000011
0010100000000000001001000000000000011000000000100100000000010000101000000000000000000000001000000000110001000001000101000001000000010010000001010000010000000000000000011000000000000000000000000001101100110000101000000001000000000000010000000100110110
0110000001000000001000110001000000000000000000000000100101000000100100000000010001100010010000100001101000000000100000100000010101011000010100110001101010000000000000000000000101000000000000100000100000011010000011010000010010101010100001010000000010
0000101010100010011010000000000000010010010000000001010000000011000000001010000000100000000000000010000110101100001000000000011100000000010100101001000000000001001010100001000000010000000000000000000000000001000100010010000000001000000000000100000011
1001000001000000010000000000100000100000000000000000000000000100000110000010000000010100000001000010000000010000000000000010000011000000000000001000010101000000000010000000000010000010000100100001001001000000000000000000000000000000000110001000000001
1011000000010000000000100000000000001000011100000001010000000100110100000000000000001100010000100000010100000001010010001000110000000000000000000000000000001000000000001001010000010000010000000010000000000100000000000000000000001000000010000000001000
0000000000000001000000010000100000000000100001000010000010100000001011000000100100001000000000000000001110110000010001010001110000000000000000000001000000001100000101001010001000000000100100010000000010001000000010001000000000001000100001000000000000
0000000100010000000001011000000000000000000000010010000001000001000000000000000000000000111001000000110000100000000000000000001100110000000000000000001000000000101000001000010000000000000001000000000000100000011100000000000100110000000000000001100000
1010110000011000000000000001000000000000010001000000001000000000001000010001010000000001000000100100111001000000000100000010110001000000010001001000000000000100000000100001000001010000000000010000010010000001100000010010000001000010000011110000000000
0100010000000000000000010110000100001000000000100101010000000000000000100010100100010001000000001000000000010000010001001000000000000010000000010000100011000001000000000100000000000000000000000000000000001000001010000101000100000001000000100000000000
0010100010110100011000000000001000000000000010000001000000001001000000000000010000001000000000000000000000000000000000000000000000000000000000000000000000100010101000000000000000000000000100000000000010010100000100100000000100000010000010000001000010
0000010000110010001000000000000101000000001101000000000000100100000000000011001000000000000100000101100100001000010010010001000000000000000000000000000101010100000100000100000000000000000000000100010101000001001000000000101000101000000000101100001010
1000000000000000100000000000000001000110010000100000000000000000001100000100100000100000000010000000000000000001000001001011011100100010000000010000000000000000100000000001000000000000001000110000000010000000000000001000000000001000000000000010010000
0001001000001010000000000100000000000101000000000000100100001001000110000100000101100001011000100000001000000001000000000000100000000000000001010000010001000001100000000000001001000000010100100000000000001000001010001010100010000000010000000000000000
1000000100101000100110100000000100000001000110000010000011000100100100000000000101000001010100000011100000010000000000000000000000010010000000000000000000000000100100000010101000000000000010000000000001000001000110001000000000100101001010000000011000
1100100000000000000000000000010000100000000010000000000000000000000000000000100000010000000010000010101000001000000100000000100000101000001001010101001100000000000100000000000100010000110000000000000000001000000000001000010000011100000001110000000010
0011100001000100000010000000101000100000000000000001000000000000000000010100000010000000000000001001000000100010001000000001011000100000010000000001000000000100000101010000000100000001000000000001001000101000000000000000000001000000000000000000100000
0000000001000000001100100001000000010010100010000000000000000010100010000000000011001000000000001000000000000001001000010001000100001000010100000100000000001110000011001000010000100010100001010000000000000000000000000100100001000001011000000000000100
0000000000000000000000000000100000100100001000101010000000000001000010101001000001000001000000001010000010000000000010000000010000000010001010000000000000000100010000001010000100000000000010010100100000010000000000000001110001010000000000000001000000
0010000000000010101000000000000000000000000000010000000001100000001000000100001000000001000101010010000000010000000000000000000000000000000110010010010010001000000000000000010000101100000000000000001010000000000000100000000000111100001010010000010000
0000000000000100000010000000000001000000000000000000000000001010000001010000010001000000000000000000010000011100000001100000000000000010000000000000000011000000000000001000000000010010100011000011000000000000000001000000001101011001010000000000100000
0000000000000000000001000010000000001000000000101000010100100000001010000000000000000100001000000010100100011100010001000000100000000000000100011010000000000010000011010001010000000100000000000000001000000000000001100010101000000001000010010001000000
0000000000100000001000000000000000100000000010000000010001000000000100000100000100000001000000001010110010000001100010101000000100000000000010010101000000000100000000000000000010001000100000001000000010000000010000000001010000000010010000010000001010
0000010001000000100010000101011100000000000010000000000000010000100000000100000000000000000000100000010011101001100010000000000000100001000010010011000000000000000000110001001000000000000000000001001010000010010000001101000010001101100001001010011000
0000100101000000000110001101000000000000000000000000100000001010001010000000000010001110010000000000000010010000100100001001001000000001000000010000000100000000000000000000001100000000101010000000000100100100001100100010010000000000000000000000010000
1001000000000000010100001010000000000000000000001101000010000000000000001000001011000000000000000000000100000001000101011001100000000000110000000000100000000000100000001000000000000001010000000000010000000011000000000000000001010001101100010000000000
0000000001000000000000000001000110001000000001000000110000100000011000000000101000010000000000000101100000000000100000000000000110000000000010001000001100000001000000000001000000000000100100000000000010010010101000000000000000000000010000000100100000
0000001000001000000000100010000100000000100000000000000010000010000000000101010000000000000000110000000000000010100001000000010100000100000110110100000010000000010100100100000000100000011000000000000000000000000000100010000101000011100000010011000000
0010000000000000000000000010000000000000101011010000000000001001001001000000000010000010001000010000011100001000000000000001000000000000000000001000111100001000000100000000000001100000101000000000001000000000000000000000000000000000110000000010000010
0100100101010001001001000001000000100000000000001000000110000010001000000000000100000000011000000001100000000001001010100010000000001001000000100000000000001000000000000010100000100000001000001000000001000100000000010000000010001100000000100100000000
1100110110001000000000100100000101001001000011000100000000010000000010000010000000000100000000001011000101000000000001000000000000000000000001010101000100000100000000001001101000000010000000010000000100111010110000000110000001000000000000000000010000
0000100000001000000000000100000100010001001100010000000000000001100000000000000011100000000010000000001000000010000000000001000001000100000000000000000100000000000100000000000000010000000000010010000001001000000001000001100100000100100010110000001000
0000000000000000000000000001001000001000000000100000000010101000000100000000000001000010000000101000000000000000000000000000000000000000000000000000000001000000101010100100100100000010000001000000010100001000000000001100000010000000000000000000001110
0000000000101000000000000000000100100000001010000010101000000000000100000101000001000001000000000100010000000000000000001001110000000001000000000010000000100000000010010101000001000010011100000000100000010000100100001000001000011010000010000100000000
1000000000011001000011000100100101000001011011101001000000010000001100000000001100000000100000000110000010000000001100001100010000100100100000010100000000000000000000010001000000000000000000000000011000000001000000001001110000101000000001000010001000
0000001000010000000001000001010001000000100000100000000100000000001000100000000100000000000000100000010000000100000010100000010001000000001010000000000000000000110100010000000000000000010000100000000000000001101000000010001001000000000000100011000000
0100001000000000000001000000100000000000000000000000010010010000010000001000000000000000000000000100100000000000000000011000000000000010100101000011000100000000001000001000000011000010000000100010000000000100001000000000001000000000000000000000000101
0000101010000000100110011000000000000000110000000010000000000000001001000010000100000001100000000000000000000000000000100001000000000100001000110001011000010000000000000001000000010100001001101000000010000001100000000100000000010000010100001000000100
0000101011000000000000100000000010000000010100010000000000001000000000010000110001001010000000000000001000010000000000000101000000100000010011010100000000100000010001000000010000000000000000000000001000000000111000001010011100100000000000010000000000
0010010000010000000000000101000000000000010100010000000000000000000010000000000100010110000000101000000001010000000100000000001000000111000000101010000100100000000000001000010001000110001010001101110010001100000000000001000000000000001000000000000000
0000001000000010001000000000000010001000100000000010000000010000000000000100000010000000000000100000000000101000000100000000010001011000000001000000100000000000000000000000000010010000000000010000001101000000000000100000000000000001000101110000000000
1000000001001000000001011110100000000010000011010001000000010000010000000000000010010101101010000000100001000000010001100000000000010000100100000000000001001000000000010000100000111000000000000010110000100010000000000000000000000000000001000101001100
1000000000000000001101000000010100000000010000000000000000000000000100010100110100000000000000000000000001010000000000000001110100001100000010000110000000000000000000001000001000101000100110000000001000000100000000000010010000000000100010000010000010
0101110000000000000100000010001000100001000000100000110000100000000000000000000010000000000010000011000000011100110000000000000000010000100101000000000000001000000100010000000000000100100000000000000100110100000000000010000010000000000110000000000000
0000001000010000000000000000000010000000000000000100010000010000100000110100000000100000000000000000000000000001000100000000001100000000000100000100001001010000000000000000001000011000000000000010000010000000110100000000100000001110000000100000000000
0010000000001010110000000000001000000000000100010010001100000000000100000100100000010100000000110001010011000000100000001001000000000000100110001000000011000100000000000001000100010100010011000000110001000000000100000100000101010100000001000111000000
0010000000000010000000000001011000001000101101100001000000000100000000010000100000000000000101000000000000000000001000010000000100110110000000001000010000101000000000000000000000000000100000000000000000100000000000000011000110000000000000000011000000
0000000000000000000100111000000000000000000010010000000111010000000000000000000010110000010000010010000000000000011000000000000010000000100100000000001000000000000100000010100000001000000001000100100000000000000000000100100000000000000000100000000000
1000000000011000100001000000000000000000000000000000110001101000010100010000000001000001001000000000000100110111100000000000101000010001000100000000010000000000000010100001000000000100000000000100000000010000000000000001000000000001000010100000000100
0010000001000000000000001000000000100000100001000000100100010101100010000000010010001000000001000000000000000000100001000000000001000100000000000000000001000000001000001000000110000000010000000000010000001000110000100001010010010001010001100000100000
0000000000001010100001100000010100000000000001000000000000000000000001100000000010000100001001001000010000000000000000100000010000000000000000100101000000101110000010010000000000000000000000000001000001000011100011000000000000000000010000011000000100
0000000000000000100000010010000001100011100001000000000010100000000010000111000000100100010010001100000000000100000000001000101100100000000000000100001000000000000000000010000000000011010001000000011010001001000000000001000100000000000000010000000010
0000000001100000100010100000110000010000001000000000000100010000010001000001010100100100000010000000100000000000100000010000000001000000000100000011000000000000010000001000000001000011000000000000000000001000100000000001000000000000001010000001000011
1000000000000001000011110101010000000010110001000001010011000000000000100001000000000100000000000000010000000001000001000100000000000001000000100010001010000000001000001100100001000010001001000011100000001000000000100000001000010000000000000000100100
0001001100000000111000000000000000000001010100000010000000000000000001000000000000000001000011001010000000000000000010101000000000101101000000100000000011000011010001000000000010000000100010000001000100000001010100100000110000010100000000000001010000
0100000011000000000000100000000000000000000000000101100110000000000000000000000001000000010010000010001001000000000100000100000000001000000000110000000000010001000000010100100000000001000011001000000010010010000000000000000010000000100000001001000000
0000000000100101000000000001000000010000010001001001000100000011111000100000111000100000110000000011100000000000000000000100101011000001000100100010000000001000000000000100001000000000010001000001000000000000000101000000100001100000000000100000100000
0000000000000000000000010010000001010010000011011010000001001000000010000010010100010100000001000000000100000000000000000000000000000000100000000000100000001010000000010100000000000000000010000000000000010000000100000000000100000000010000000000011001
0100000000000000101001000010000000001100000000000110000001000000001000010000001000010000101001010000000100000001000010011000000000000000000010000011000100001000100000010000010000000000110000000000000000010001000100000000000000000000010000000000000000
0000100100000000100000000000110000000110000101010001000000100001000000000000000000000001001000000100000010000101010001001000010001000000000001000000000000001100000000010000001000000000100100000000100000010000000000100100010000001101001000000000110010
0000010001000000000010100000000000000000000010000011001000001011000000000111000001000000000000000010000000000100000010000100101000110001000011000010010000000001000000001000001100000100001000110101000100000100000000010000100000000000000001000000000000
0000000100000000001100000001000000000000001011010000100000000000000100000010100000001000100000000000001001100000100000000010000100001000100100101000000000000001001000000000000000000100000000000000000000001000000000000000101001000000010000001000000001
0101100001001000000010000000010000000000001010000000100000000010000000000101000101000000010000001000001010000100010000000001000000000001000000100000010000010000000010000000100000010000000010000101000001000100000101011000001100101000001111000000000000
0001000100000001001001000000000000110010010010000011000000000000000000000110100000001000100000000001000000110100001000000000110000000000010000001010000000010000100000000000000011000000000000001000000000000000010000000010100000000000100000000001000000
0100000000000000011000000010000001101001100000000001000001000001100100001000001011000101000000000000000000001001000000010100010000100000001000000000100100000000000000000000000000100001010110001000000001100011000000000000100011000000000001011000001000
0000000000001000000000010001001001000000000000000100000001000001000011001010010110000101001000000010000000000010101001001000100000000000000010011011000000001000000000101000001000001000010000001100100000100000000000011001000000100000000000100100000000
1001000001111101001011000000010100000100000000010000000100000100010000000000001010000000001000000100010000010100100011000000000000000101000001000000000001100000000110000000000001000000000000000000100001000000000000000000000000000000010000000010000000
0000000000000000000010110000000000000000000000010010000000001000000000000001001100000001000010000000001000010010000001000000000100100000000100000010000010000000000000000100011001000000100000100001000000000000100000000000000100000010000000000000001000
0000001001001001000100001000000000001000000010000100000010000100001000000001000000001000010000001000000011000000100010100000000000100000000000100000000010000100000010110000010000001010000000100010000000101001000000001000000010001000001000001100000100
0000000101001000011010000000000100010000000010010101010000000001100000000010000000001000000000000000000000101000000110001010000011000000000000100000010001000000000000000010000000000000000000100100000100001000000000010000111000000000000000010001000011
0100000001000000000001000010001000000000010000000000010011000000010001100001100000001000000000001000000000000000000100000001000000000100100000000000000010000000000001000001001000000100010101000001011010000010000011000101100000000111000000000000000100
0000010000010010000100010100010100100000000100000100001000000000000000000000000000100000000001000001010000100001101000000000010101000000000100000000000000000001111001000010000000000000000000000000010000000000001000100011000001000100000100000000000000
0000000000000000000000000001100000100000000000000001010010000001001010001000000001001010101000010001000000000001010001100010000000000010000000010000000100000000101001000000000000000001000000000100101000110000000001000110100000010001100000000010000000
0000000000000000000010000000000001000000000001010000000010000000000000000000000000001001100001000101010010000100011000000000000000000010000000000000100000101000100000100000100000000100001000000000000000000000000001110001000010000001000000000000001010
0001111000000100001000101001001000000000000000000010000000100100100100000000010000000010110000000110000000010000000000000100100010000100101000000000100000000010011000010000000000010000000000000000100000010100000100000000000000000001000001000000001010
0000000000010000000000000100001000000100000100001000100110000000100001110000101000000001010000001000000100000100000000000001000000001001000000001000100001111000001011100000000110000010000000100100000000000001100000001000100001000010000100000001101000
0001010010000000000000000000101110000010000100000010000010001000010000001000000000001100000000000000110000000000010011000100100100000000110001000010000100001000100000010010000101100010000010000000000100000000101100000000000000000010000000001000000100
0000000100000001101101000000000000000000101100000010000011000111000100000000000000000000010100000000000001000100000010001000010000001000001000010000010000001000100010000100000000010000000000000110000100000000000000000100000000000000100001000000010000
0100100010000001000010000000000010100010010000001000100000101000000001001000000100010000000001001101000000000000000001100000000100000100000010000000100000000000000110000000000000000001000011010001010001000010000000100101001100100000000001000000001010
0000000010000001010000001000011000000000001101000100000101000000010000000000000001011100000010000000000000010010000110000101000000000001100000000000000000000000000000000000000000100100110010010010000010000101100001100000000010101100000010000000000000
0000000000100000001000000000010000000000110000000000001000000000000000000010000000000000000000000000000000100000010001000001001001000000011000000001001000000101001000000100000000100000000000000010000000000000000100000000000000001000010001000100000000
0000010001110000000000000001001000000001000100000001000110000010000010000000100000010001001000000100001100000000000000110001001000001010000100000001001000000000000100010000001000000000011010000100100001100000000001110110110010000000000000011000000000
0100000000010000010101000100000000010000000000000110000101000100000000100000001000001001000000010100100000010000100010000000100000100000010010000000000100000010100100000000001000000010000000000000100000000000000000000000000000000000110000000100010001
0000101000000001000000000000000000001100000000000000000010001000001001000000000000000010000000000000000000001000000000001101000000100001000001010000100000011000000000010001000000000000000000000001000000000010000000011000000101001010000000111000000010
1110000100000000100110001000000100000100010010100000000100000001000000001100000000000000000000010010100001100001000011000001010001011000010000001110000000101000000000000000000010000001001000000001001000001000000000001001000101000000001000000000000010
0001010000100000000000000100000000010000000110000010010000001010010000010000000000101001000000000100100000000000000001100000000001100100001000000000000000010100100000000000000100000000001000010100000010001000000000000000100000000000000010000000000100
1010001010010001110000010010000010000000000000100000100000011000001000000000000000001000000010011100000000000000000000011000000001000110000010000001000000001000000011010110001000000000101000000000000100001100000000010100110000110000000010000010010000
0100000000010000010000001010000000000011000001000001101000000001001000000000110000000000001010000001010000000000011000000000010000101001000000010000000000000000000000000000000000100000000000110100100000000000000010001010000000001000000000000001001001
0001000000000101101000000000010100000000000000010000000000000000100000001001000110010000001010000100010000010000000101000100000000000001010011000000010001000110000011010000000000100010100100001011000001000000010000100000100000010001000001001000000000
1000001000011000000000100000001110000000100000000100000100000001000010000100000010001100001000000100000000000010000000110000010000001000000000100000000100101000000000010000000100001100000000100000000000000000000000001011000000100000001000000001100000
0000000000000001000010010001000000000000000000000000010000001000000001110000000000010110011000000010000000100110001000010100100000001000010010000001000010000010100010000000000001000010000000000000000010000000010110001000000001010100000100010001000110
0000001000000000000000010010010100001000001100001010100101000000101000000000100010000000000010000001000000000000000010001000100101000000001110000000100001000001010010000100000010001110000010001000000100000000000000000000100000001000010001010000000000
1010000000000100100000001010100010000000101000010011000100011010000000000000110001000000100000000000000010000000000000001000100000000000000100001000101000000100100100010100000110000001001110000000001011000000101010000001010000000000000100000000001000
0101000000000000100000000011000000001010000000000000010100000000000101001000001000000001110000010000001010000000001000000010000000000100000000100001000000000000000000000000000000000000000000001100000000010000000001100000100000000100001000000100001100
0001000101000001000000100010000000000000000011000100001000010100000000010001000100000000000000000000000010000100010000100001000000000000000001110001000110000000010100001000000010101000001000000000000000000000000010000010000100001100000100010000000000
0000000000001000110000000010110000000001000000000111000110000010110000000001000000000010000010100010000000000000000000000010010000100000000111010000001100000010000000001100010001000000000000000001000100000000000000000000000001000101001000000001000000
0000010110000000000000010000000101100001000000100001000000010000000000100000000000000000000010000000000000000010100010010000000010000000000001101001010000000000100001000000000000000100010000100000100000000011000000000111100000100001000000000000000010
0000100000000000011000000001100000000100000000001001000000000000010000000000000000000000001000100010000000000010000000110010110000000000000000000000011000100000010000100000000000011000011010000000000000000010000011000010001100000011000000000100001001
0110000000001000000010000000000000000001000010100001001000010010010000010100010010001100000000000001000000010000000100001110100000000000000000100001000100100000100100000000000010000000010010001000000000000000000000000110001000010001000000010001110010
0000000000010100000000000000000000000010001000100000001001100100000000001000000000000000110000100000101000010000000001000000000000010101010000000000101100100001100000010000000000010000100000010010000000000010011010101000001001000000000000000010000000
1000010010000000000000000001011000000000001000000001000000000000100000000100000000000001000010100010011001100000000000000100100100010000000010000000000000000000010010000010110000000100100010000011010000010000011001000100000000101001000000100101000100
0000000100000000000000110100100000000000001000010000000000000001000000100000010100000000000000001000000100010000100000000000100000000000010100000000101000000100010000111100000100010000000000100001010000000000101010100000000000000101001000000000001000
0010110001100000001011100000000100000000001000100000100000010010000010000000000000100000001100100000000100001001000011100100000101001000100001110011001101010000100000010000010001001000000000000100100011000001001000000010000100000010010000000010000101
0000000110001100000100000000000000001000000011001000000101000100010000000010000000000010000000001001010000100010010000000000000011000000010000100000001000000100000011000000010001000001001100100000100000011000000000000100000000001000000100100100100001
0000000000000000000000000000000000010100100000000001001000100101100000000000000001000100010100000001100000000000100000000001000000001100000000000000011010000110000010000000000000100000110000010100001001010000000000000000011000000000000010010100000000
1100001000000000000100000000001000010110000010000011010000000001010001001000100000010100000000000100001000001000000000001001100001000100000000000000100010000000000000000010001000000000000010000100000001000000011011000010100100011000000101001101000000
0100101000000101000000000010000010000010000010000100000001100100001000100000000000100110100000000001001000000001000010000101001001000100000010000000000000000001000000001010100000000000001010000000100000100000010100100000000010101001000110011001001000
0000000100010000101000000000001000000000110001001100000010110000000001100000000000010000000000110000000110001010010000001110100000001000000000000110000000000000000000010000000000100000000000100000001000001010101001000000110010011010011000100000101000
0001000110010010010000000010001000001000000001100100000000000001100000001000001010010000000000000000000000000000000000100000000000100000000000000000010000100100000000000000001000110010111000011000000000000000000000100100000000010000000010100110100011
0000101000000000100000000001000101000101000000000010010000000000100000001000100000001000001000000000000000100000100010011000010000010000000000001001000001100001101100000100010000000010000000100000000011000001000000000100000000000000000101010000001000
1010000000000010000101010000000010000000100000000100010000100110010000001000001000001000010000001100000110000110000000000000000110001110000100001000000000001000000001000000000110000000000100001000010011100000001100000000000000010100100000000000000000
0010001000000000000000100010010010000100000100000000000101000100000000100000000001001000010000110000100000100000000000001000000000000000101000000100000100000100001000000101001000000000000000100101010000011010010000010010000010010000000000000000100000
0001000000110110110000000100001000001000000100100000100010000000100010001000000000000010001000000000010000100000001000100010000010000100000011000000100000000100100000010111100001000100000110000001000000000000011000010000010000100000100000000010100000
0100000100000000000000000000000001000100100000011001000000000000110000110000011010010011000010000000000001000000000001000100100000000000001000000000000100010110100000000000000000100000001000100010000000100001010000000110110000000000000000000000000000
0000000001000000000000000000000011101000100000010000100000000001000000100100000100000111001000100000001000001010100000000000001000000000000000000000000000000000000010000000000110100000100000000000000001101010100000000000000000000000000000000001010000
0000000001100100000001100001001100000010010000010010000011000100000000010000000000000100101100100000000000000001101100000100000000100000100010011000000000010100000000000000000100000001000001100000000001001000000100000010010000110000001100001000000101
0000000000001000011001000010000000000101000000000000000000000000000000001100100010001000000000010001001001001000101000000000101000000010001000000010000010000000001001100000001000101000100000000000000001000001000000000000000001000011100010000001000000
1001000000000110010000000000000000010000110000101001010001101001100100000010000000100000000100000000111000000111111010001101000001100000100000010000100000000000000000000001000000001001001010000000000011000010000000000000000001000100110001010000010010
0000100000000000000001000100000000000000001010011000000100000010001010000001000000000110010010000011010000000000000000000000001000010000000000011101000000100000010100000000000100001000000000110000010010000000000000000010000000000001000000100000000000
0000000001001010001000000100000001110100001010011001100000011000010000000000111111000011000100000100101000000000000010000000001000000000001000000000000100100000000000000000001000000000000100000000000000100000000000000000000000010000000010000000000000
0001000010100000000100000000110001011100000000000010100000010010000000000010000000001110000010000010001001010001000000010010000000100011000000000100000001000000000000101000000000010001000000110100100010010000000011000010000100010100000000000000010000
0000010000000000001000001100000000000110001000001000000000000000111000000000000010010000000001000000110000000101000100000100000000100100000000000001010010000100001000000101000000000000000000100000000000000010000000010000110001001010000000000100000001
0000101010000000100101001100000100010001000101100000100000000000101000000110000001000000000000001010011000001010011000100100010100001000001100100000000000000000000000000000000000000000001000011000101010000100010000000000101000010001000100000010000001
0000000000000000000001000000100001010010100010000000100000010000000000000000000001001001010101010000000000001000011000100000000000001000010010000000000000110011000000100100100001000000110000000100100100010000110100100001000001000000000000110000010000
0010010000010010010100110101000000000100001100000001000000010000010000000010000000100010000110000000100100000000000011101010000101000000000100110100000000001000000000000010001000000110000000000001001011000000000000000000000000010001001100011001000001
0000100010000000000000001101000000000000000000000000000000000000100010000100000000101000000000010001000000100010001000000100000000001000000001000100000010000000000000000000000010000110010010001000001100010100000000010000000100001000001000001011100011
0100000001000000000010000000000000000000000000000011011110000100011001000000000101001000000000000011010000001000000000000010010000011000000000100000010011000000000000000001000001000010000000101001000000000000000000000000000000000000000010001000000000
0000000000000000010000000010000100000110000000000000001000000000001000001011001001000000010001100001000001000000011001010101000000001100000000000000000100000101100000000000000100001000000000000000001010000100010111001000000000000101000100000000000000
0000100000000000001000001000100000100000100000000000000001000000000000000000001000000000010010001000000000100000000000000011001001100000000001000100000000001001000100000000000000000000010011101000000100001000000000000000010001001100000001001100000000
0000000000001101000000100001100000000000000001000011000100000000010000000110001000001010000000101000000000000000000011010000000010000010000010000010000100000011010000010001000000000001000000010010000000001000000000000000000000000000000000110000000000
0000001100000000000100000100000001000010010000000000010001000000000000000000110000000100100000010000100000000000000100100000000000000000100000010100000000010100001000000000100000001000000010000001010010000000000000000001000000001001001000001000010000
0000000000010001010000100001000010000111000000100010100100000011000000000000001000000000000000100000001100000000000000000000100000001001000110000000000010010000010000000100001010000000101000000010100000000000000000100010000010000000010000100001010000
0000001000000000000000000001000000000000000000101000000001000100000100000000000010000000100110000000000000000100000001010100001100011000000011000010010000000110000100100001000000000110000010001000000000000000001000000000000000000000000000000011100000
0000000000010100100010000000000000010010000000000101000000001010000000100000100000000000001000000010000010000001000001000000000000000000000000000000000000000000000010000001100000000100000000100000011000000000000001000000000000010010000000000000000000
0101001001000001001010010001001000010010001000001110000100000000101000001001001100000100100000000001000011000100010010000000000100000001000000000100001000000010100000000001000001000000100000000100001000001000000100100000101000000000000000000000000001
0000000001000000000100000000001100000000000110100000000001000001000011001100000000001010001000000010100000000000000000000000000100000100100100000000000100100000000100011100000000110000000000000000000111000000000001000100000100000100000000000000000000
0000000100010001010011000000111000000001000000000100001100000000000000000000000000010011100000000100000010000000100000000100000001001001001000001000000100000010010001000000010010101000100000011000000100000000100100000000011110000000000011001100000000
1000000000000110000010010000001100001000001000000000000000000001000000000001000101000000001000000010110001001000010010100000001000000000000000110000000000000001000000001000000000010001000000000100000000000100010000000000100000001010000001100000001000
0000000101100100000101100000000000100100001000000010000010010000001010100000100000001000010000000110001001000001101100010100100011000000001010000000000000000000000000010010100000000000000001000001011010000100101000000001000000110000000001000100000001
0001100000010100000000010000000010010000100011000000000000001000110000001001000010100100001001000000000000100001000000000000001000000000000001000100000000100000010010000100000101010000100010100110000001110000100000000000001000100001000001010000101100
1000000010000011011100000101001000000100100000000101000000000100000000001100000000110000100001000010000001000110100000100000000100101001000000000000000000000100000000100000100000000000000000101000000000010010001000011000000100110001010000000001000000
0010000100000001000010000000000100001000001000000000010000000000000110000000000100001000000101000000000000000100000010000000000000010000000000010001000000000000001100011001010100000000000000111000000100001000000010000000000000010001000000000000000010
1000100000010000000000010000000000100000000000000000010000000010000000000010001000000100010100000000000101000001000100100000000000010000000100001001000000000000010010000000000000000000011100100100001000000001000000000000000001000000000000000000000000
0000010000000001100000000000100010010000010000000000000000110000110011001110110001100001011000100101100000010000100000100010000000000010100100000000000000100000000000001000000100000011000000100000000010000000001000000000000000010100000000000001100001
1001000000010000100110101000000000000010100010000001000001000010001000110000010000000001000000001010001000100100100000100000001100110100000001001001000010001001000000100000000100000000000000000010000000000000010010010001000110000000000000000011001001
0100001100000100100001001000100100000000010010000000000010000001000000100000110000000000100010000000010000000000100000100001000100000100001001000000010100111001000001000011001000000000110010000000000000000000000000000000000000010000000000100100000010
0000000100000010010000000000000000000000000100000000100000010000010001100000000000101001010000100000000000000000000000000110001001000000000000001000000000000100001000000000001100000000100000100100000101000000000000000000000001000000100000001001000001
0100001100000000000010001000101010000000001000000000000100000000000000010000000100000010000000010010000001000001000000001000010000001000010000001001000100000000001000000010100000000000001000001000101000010000001001000101010010000000010001100000011100
1000000000000000010010000001000000000100000110000000010001000000000000100000010000000010001000000000010000010100010000000000000000000000100000100001000010000000000100100000000010000000001010000100000100000000000100001100001000100000000010000000010000
0000000000000000100100000010001100000000100000001000000110000000000000001100010100000000110000000000000000000000000000010010000000000000000000000110100100000000000100000000000000001010000010011010000010000100000000000000001000010011010000100000000101
0000110100000101010101101001000000000000000000000100010000000100001000000010110111000001000101000000000100000110010000010000010001000010000000100000000000101100000000011000000000000100000001000100111000010000010000000000100000100000000000000000101001
0000001000100000001010000100010010000000000000010000010000000100000001000000010000000010110000001010000000000010000001000000100000001010100000000001001101000100001000000010000010000000000000000001000000000000001000101000001001000000100000000000010010
1000000100010010000001000000000000000100100000110100000000001000000001100010000000000000100010000101010000000000010000000000000100000000101001001000000000000001000010000000000100000000001000100100000000100100001010100000001001100000000000000000000001
0011000000101000000100000111000110000000000100000001000000101100000000010000010000000000000100000000001000000100000000000010000100000010000000000101001000001100010000000000000010010100010100000000000100000000100000010000000100000000001000100000000000
0000000000001010000000011000100100000101100000100000000000100000001000100000100010000000010010000100000000001010010000010000000010000010000000000000000000100000000001000000100010000101000100100000010001000100000010001000000000101000000000000010000010
0101001000000000010000101000000010000000000000000000000000010000100000000010000010000000000000010000000011000000100100000000000100000000011000000000010100001000000101000000000001000001010100010010000100001000001010010100110000000001001000000010001000
0100010001000000000000000000010110000100000000000000000000001100000000000000001000000000000010001000010000000000100000000000000100000001000000001000110000000101000000010000010001000000100000000010000001010001010000100000000010000000000000101000000110
0010010000010010001101100000000000000000010000100100101000000000000100000100000000100000010010000101000000001000001000000100001100100000010000000000011000000001000000100000000000001010000100100000000000100000000000010000100000000000100000000000010001
0000000000010000100010000000110000000000000100000001000000010110110000100100001010000001010001010010000001000001000100101000000010000101010001000000000001000011000010101000110001000001000100000000001010000000100000000000000000000110100000000000010000
0000000001000000000000000000000001000000110101100000011000010001000011000000000010000100000000000100000000000000110000011001010001000100000000000000110110000000100000000000000010000000100001000100000010011000000000000010000000000011000010000000000000
0000011000001100000000001001000000000100000100001000000100000000000000100000100000000001010010000000110000110000010000000001001000000000000000000100010000000001110100000000000010010110000000000000000000010000000010000100100010010000000000010000000000
0000000000000101000000000001000100011000000000000000000000000000000100000000000010000000000000000100010000000100000100000000100001011000000000000000001000100001000000000000000001001001000001000000001001000001100000001001000000000000000100000000000000
1010000100000110000000000000011000100000000000100001000100000100010001000000000000000011000010000000010000000000000000000100001010000000010000000000000000000001001000000000000010000100000100001000001000000100010010000000000000000000000010000000000000
1000001000000000010010000110100000100010000000110000000111001100010000000000100100010000100000000000100010110000000000000101000000000000000100100000100000000010111101000000100000010100000000000010000000001000000000000010000011100000000000000100001100
0000000100000001100000000000000100000000001000000000000101000000100000000000000010000000000000000000010000000000000000000000000000000010010010100000000110010000000000000001000000001000000001001000000000100000100011010001001000000000000001000000000101
1011001100000001001100000100000000000000000000000010001000000000000000000000000010000000000000100000100001000101000100000001000000011000001000100001000000100011000000000001000010000000010000100000100000000000000110000000001011000001000000000000000000
0000011000001010110010010100000000000001100000000001000001000000000000000000100001100000000000000000100000000100000100000000001001010010001000001100000001000000000010000100000000001000000001000011011100000010000000001000000100000000000000001000100000
0000000000000101010101000000001000010010000100000000000000000000000000100000000010001001010000010000000000010001000000000000100001000000010011000100100000000001010001000010000010011000000010010010000000000000000000001111001100000100000100011100000001
0110000100000000000100001010010010000101000010010000000010000000000100000000000000110001000000010000000100000000000000101010001001000100000100011000000000000000000100000001000001000010000000010000000000000101000001000000110100100111010000000010000000
0000000000000001000000010000100000110010010000000100000110000000000000011001000000000000100000000010000001000001001001001000000000010100000000100000010000100001000000000000000000000000000101000000000000100100000100000001010100000010000000000000011000
0000000000000000101001000000010000000000000010000000000000001010010001100010000000000100000000000000011011000000000000010000000000000000000010000100000110101110000000000000010000000000000001000000000100100010000000100000000000000110000000100000000010
0000000000001000001000110001100000000011000000000110000011010100000000000000000000100000000100010000001000000100010000000000001010010000100010001000000000000000000010000000001100001000000000000010000100000000100010000000000001000000100000101101000000
1111011000000010000000000000001000101000000100001100000000000000100000010000000001000000011110010100001000001000000010000010000000100000000001000000000001101000000000000000000000010000001000000000010000100000101011100001001001000010000011000000000000
0000000000000000000000000010010010011000000000111100000010010000110000000000000010000000000010000000000000000000000001100010000011001110000010000000000000000000000001110010010000000000010100000000000000000000000000000000000100000100010000000000000000
0011001000000000000100011000001000100000000111000001010011011000010010000100000010101000000000000001000011001000000000011100010000111000011000100001000010000000000100101100010000000000000000000000001001000000001000001000000000000000000110000010100000
0001100000010001000000000001000101000000000000110010000010000000001000000000100010000010000000000110000000100100000000000000000000000001011000000001010001000000000000000000000000101000000100000000000000000000000000001100000011000000100100000001100100
0000000000000100000010000000100001000000000000000000000101000100000000000000000000001001010110000000100100000001000000000110000000011000000000000001001010001000000000000000001000010000000000000000101000100000000001000000000000000000100000001000001000
0000000000000010000001110100000000001000000010100100000010000001000001100110001100000001000010001010000100001000000110000000100000000000000000001100000000000110000001000000100000100100000000010010000100100011001001000110011110100100000001001000100000
0010000000101000000001000000101000000001000000001010100000000011100000000100000100000010000000001100001000001000000101010000000000000010000000000100100000000000000000000100100000000000110000000000000000010000010010010001000100100010000000000100011000
0001010010000000000110000011000010001000000101010000000010000001000010100000000000000000010110000010000000100100010000000010001000100000000110111100000000000010001000000000100000100110000100000100000010000100001001100000111000010100000000000000000000
0000100000100010111000000000001000000000100000000110000010100011001000010000000000110010010100000000000000000000000000000101000000000000100000100010000000000010100000000010000000100000000100110100000000000001000010000000000100000110100100000100000100
0000000000000000000100000000010000000000011000000100000000110000010000000000100000011000000000110101000010000000101000011000010000000000000100000000000000000010100001001001000000000100000000100000000000100000000000001100100000000010000000000000000000
0000101000000000000010000000000010000000110000000001001100010000100000001000100000010001001000010000000001100100000000000110001100000110000000000000000000010110000001000100000001010010000010001000000110000100001010100000010000000000010010000000000000
0001100010000000000101100001000101000001000110000100000000000001001010000101100000100000000010010100001000000000010010000000000000100100000000010100101001000010000100001000101000000000000000100000000001100000000000100010011101000100110000001000000000
0000000101000101000000000010000000000011000000000000000000001100000000100000000000000000011000000010000000000000000000000100000000010000000000010000000000010000101000000100010001000000100000010000001001000000100000000000100000000001000000000010000001
0000000000100000100001000010000100110000001100000001000010010000000000100000000000000110100100000000100100000001010000100000000000110010100000100000100001010110000010010100000000011000000000000000000000000101001000000010001000000011010000001000000001
1010001001000011000000100000000001000000000010000010011010000100000010001000000000001000010100010000000000000000000000000010000010001000000001001100001101100000000010000000000100000000000001000110000101000000000000000010000000010000000010000010000000
0001000010000110000010010001000010000011000100000110000000100110000101000000000001000101000001000100000001001000100000000100000000000000000111000000010100000010000000001000100100000010000001000000000000000100001110000111000010000000000000000001000000
1101011000000101000000000000000011001001000001001001100000000000001000000000000000001000000000000000000100000001000000000001000000000000100001001000000010000010011100100000010000000000000000000100000001010100000000000000000000000010100000000100000000
1010000000000001100100000100000010100001100010001000001000010000000111001000001000000000000010001001010100000000001100110101000000100000000000000000000000000000010001010001000000000000000000000010000000001010001000000000010000000000000000001000000000
0000000101000000000001100000000101001001000001100000000000000000000000000001001000000010100100100010000100110010000000000010000100000001000000000000000010100000001000000001100010000001000000001000010000000001000000101010000000001011100100000000000000
0000010010000000000001000000111001010000000000000000010000001000000000001001000100000000110100000000000000000000000000010010000001000001000000000000010000000000000000000000100000000010000000001100000000100000100100010000001000000111000000000000110000
0000010000100000010000000000000000000010001000001000000100100000100000001000110000000000100101010000100000000001000000100010011000000100001110000000010000000100001000000001000100100000000000000000000000000000000101110000010000000000000000010100000000
111 210
153 60
