250 250
0000000001001000001000001011000001001000010000000000110010000000000000001100100100000010000000101000000000000100001100010001001100000000010000100001001010001000110000000000000000000000011010001000000011001000000000000000000010000110001100100000001000
0100101000100000011000000000000000010010100001010100000000000011000010100010001000000000001011000100100001010000001000000000001010000000000000010001000000000110000000000000000000000000000000000100110000010100000000000100000100100100000100000000000001
1100000000101000110000000000000010000010000100000101000100000000000000001100010001000001100000000001000000100000000000000000000100000000000100001010000000000000000010001000000000011000001000000110000000000000000101010100000000000000000100000100100000
0100000011010000000000000000010000000000100001101000000000000001000000100000000000010000000010000000100001001000000100000000000000100000000100010000000010100010000000000100000000010000010000000000000000001101000001010100000000010111000000100000000000
1011100000000000001000000000000000010110000000100100010101000000100000000000001001000010000000001010000011100101000000100000010000000000000000010000000000000000000000001001000110000000000000000000010000000110000100101000010000110100000001000000010001
0010000000000110000000000000010100000000011001010000010010000011000010010000000010000000001000000000010100000000000000010000000000000000100000000001000000001000010100000000000000010000000000000010000010000100001000000000000000001000000000000000000000
0000000001000000000000000000000100000000000000010000000000110100000000000000000000000000001001000100000001000100000000000001110000000000001000100001000001000000100010000000000010100011000011100000010000001100000000000000000000000000001100000000010000
1100001000110000001000000000000000000000000100010000000001000010100000000100010000010100000000010000001010000000000010000010000011001001000000000001010000000000000000100000011000000000000000010000000110000000001000000000000000000001100000001000000100
0000000000000000100000000000000000000011000110000100100000000000001001001000100000000011001000000000110000000100001000000000000000000000100100010000000000010010111010100000010000011000100000000000000000000100010000000000000101000100000010001000000100
0010000000100000000000000100000000001000000000000110001000000100000011000000000001101001001000000000000100010100000000000000010010000000001010001000000100010000001101110110010011001001100000100000000001010010000100101100000000000000100010000010001010
0000000010000010000000001000000100100000010000001000000010000100001001010000000000000000010001000000000000000010010000100000010101000000000100000000000100100000000000000000001100000000100010001000000000000001010000000000100000100000000000000000000000
1010000000000100000000000001001000000000110000000010000001000000100000000110000001010100000000100000010010000000100000000001001000000000000100100000011001000010100010001000001000000000001000000000100100000001000000000100000000000000000010100100000100
0000101000000000010000000001000001000000000001001000000010001000010000010010010010110000000000000000001000010000100010111000000000001000000001110101011010001100010001001000000001000000100000000010000100010000000000000001000000000000000100010000100000
1000010000000000000100000100100000000000100000000010001000000000000000000000010000000000000100000010010000010000000100000000000000010100000001000000000000000000010000000000001010000000000010000000000000100000100000000000000011010000000000010001001100
0010000000000000100001101010001110100000001000000001001001000101000000000001000010001110000000000000000001000000000010000000100101000000000001001000010000000000000010000000000000010000100100011011100000010000000000011001000000001000000001000000001011
0000000000000000000001000100010001010000000000000000000100100000010000000100010100000100100000000000010000100000000001000100000000000000010000000010000000000000100000100010100000000000101100000001000000000000000000000001010000001000100000000011010001
0000000000000001001000000000000101000010001100000000011000010000000000000010001100000000000000000010000000001000000000000101001001000000010001100000000000000010000000000000010000001100000000000000000100000001000000100011000000000001000010000010010001
0000000000000000001101000001010010110000101000000010001100000000000000000001000000110110000010000000000010000000000000010000000111000000000001010000001001000000000010010000000011000101000001010000000100001000000100100001000000000100000000000000000000
0010010011000000001001000000000000000000000000000001000000000010001001100100001001010100000011000001000000010000100101001001010000000010100101001000000001000011000100000100001000100100100100000100000000100000000100100101000010000000000000000001000000
0001000000000000000100000000000000000000000000000000000010000000001010000101010000000000010000000000000000000001011010000000000000000010001001001010000101000000000001011000000000100010000000000000110000001100000010000110100001000001110000011000001000
0001100000000001000000100000101001100100000000100000101110010110000010000100010100101010001000000010000000000010100000100000000000000001001000000000000000000000000011000001100100010100000001100010000010000000000000000000100100100000000000001000000010
0001000000000100000100100000100000000000000101000001000000000000001000100000101100000010000110000000000000010000100001000100000100000000000010000100000001111010000000100100000000010000000000000100000000010000000001000000100100000000100000001000000000
0110000000000010000000000000000000001000000000100000000010010010000000000000000000000010011000000000100100001000000001011000010100000011000000001000110000000000001001000000000000010001000000000010001001001000000000000000000001000001000001100000100100
0001000000000000000100000000110000000001111000101000001000100000010100000000000000000000000100000000001000000000000000010000000010000010100100001000001000000100000010000001000000100010001000010100000000000010010011001000000000000100001000000100000000
1000000000000000010000000000110000000100010000000000000100000000000001000100000001000100011001000000110010001000001000000000010000000000010000010100111001000000100000010011000110100000001000000010000000001011111001000000000000100100000000000001000100
0000000000000000001000000011000010000000000011000001000011001000010001010100100000000011000001010000001110011100100100001000000000000000000000100101000010000000000100000010000000000000000000001000000100000010010000000000000000000000100000110100010010
0000001011000111100000001001000001000000000000000000011000000001001000000000100000100110001000010000000000000000010000010100000000000000010000110010010010000100011000001011000100000000000000010000000001000000000000000010100000010001101000001000110100
1000001000000000100000000000000000000100000000000000000000100100001001000100000001000000000000000011101010100011000001000000000010000110000000100000000000110000000000100100000000000000000100000010000000000000000000000000101000100000100100101001000000
0000011000000100000100000100000001110000000000000000000000000000000110010000100011000000000100000000000000000100000001000010000110000000000000000000000001000010000011000000000001000000000001000001101000000100001000000000000000000000000000010000101100
1000000000000000001001000001000011000001001000001000001000000000000000100000000100000000000000000100010000000100001000010010000000100000000000000000000100010110000000010000000111010000000000101010000000001010000100000000000001100000000010000000000000
1000000001000000001100000100000000000000000000000000000000010000000000101000100100000010001001100001000000100001010100100000000000000000111000100000000000100000100001000000000000000010100010000101011000010000001000000010000000100110010001101100111100
0000000001000000001001000010010000010000000100011000001000000000010000000001100001000000001000000000100010000000010100001000010101000010010000011000000001000010000001000000010010000010000000000000010010000000000100000001000010001010010010000001001010
0100000000000001010000000000000010000100000000010000000000000100010100010000000000000101010110000010000000001010000000000000010000010000000000111000000100000000100000000000000000101110000100000000000000000001000001000000001000000001001000000000000100
1101000100000100001000000010000000000000011100000000000000000010000001100000000000000001010100000000000000100001000001001010000000000000100000010000000010000000001000000110000100111011000000001000001000000000000010000000000000010000100000000100001000
0100000000010000000000000000010010000010000100000000000000000001000000000000100000000000000000010000000001100010100000000000000101000000100000010110000000000000010000000000010010000100000000000001000000000000010000000001000011010000000100100100010000
0000000000010000000000001000000000000010100001001000110100000001000000000000000001001110000000000010110000000101001000000000000000001101000000000010100010000000001000000100000001000010000010000010100100101000000000001000000001000100000000011000100100
1000100100110000000001000000001101001000010000010000000100000011000000000000000000001000000011100000000000000000100000010010000000000010000000001000000000000100010000000000000011000000001000000000010001000000010100001100010000000000100010000000100000
0100010000100000100000001001100000010000000000000000000010000000010010001011000000000000010000000010000000010010000100001000000000010000000000000000000000000010000000010000100010000100000000000001000000000000000000000000000000011000000110000000000000
0001111000100000101001000010000100000110000000001000000000000000000010000100100000000000010000000001000001000010010000000000000000000000001100000001101000000000000000010001010000100011000000001000000100001000000100100000000001010000101011000000000100
0001000010000000010010000000100000000000000010000100101000100010000001000101010000011100011100001000000000010000000000110000001010000000000000100000000010010000001000000100100000000000000010000000000000100000000100000000000100000000000010000000100001
0000000000100000101001100000010000010001000000000000010010001000010001001001010000010000000100100001110000000000000011000100000010000100100001000001010000000000100000000010100001000000101000011000000010111001010010010000100000000000000000000100000001
0000000101001000000000101000010000000100000000100000000001010000001100000001001000010000001111000001000010000000100000110010010001000001010100000000000001101100101000000001000000100010000000100000000000011000011000000100011000000100100000001001001000
0000000010100110000000000000100000000100010000100000000101101001010000000000000010000010000000000100100000100000000000000010000000000001000010001001010000001000000000000001100000100100000000100000000000000000000001001000010001010001010000000000000000
1000000000001000001000000100000000000100000001010000000000001000100001010000000100000000000000010110000000000010000000000001100001000100100001000101101000000000000110000110101010000000100000000000010100000100000000000000010001010000000000100000001100
0001000000100101000000010000010001000001010010000010000101000011000100011000000001000000000000000100000000000100001010000100001000000100010000000001000000100100010000001010000001001010010100010001000100000000000001100000001001010001000000000000000010
1000000000000000010000001001010100000000001000000000001011000000000000000000001000100101000010000000000000100000000000001010010000000000000000011000000000000000110000000000100100010000000000000000000001010000101000010000000001000100000000010000000100
0110100100000000100010000000001000000000000000000000000100000100000000001000001110001101100001000010000010000000100100010000000000000000000000100001001000000110000100000000000100001000100110100100101000100000000000000000000000000000100000000000101100
1010000000000000001001000000000000000010100001100000001101000011001000010000000000011000001000000010000100000000110000000100000000010000010000010101000000010010000000000000001100001100000000000000000001001100000000000000010001000000000000000001000000
1000000001000000001000000000001001000000001001010100000000010000000110011000011100101001000000000000000000000000001000000001000010000000001000000000010100010100100100000000001000000100000010000000100000100000100001000001000001000000000000010000000010
0000000100001100001000010000000001000010010001001000000000010000110000000100000010001010000100000000000000011100001000000100000100000001001000000100000101000100001000010100000000000100000000100000000101000000110000000001000101001000001000100000010000
0000011000010100010100010010000000000000000011100100000010100000000000101000000011000000000000000000000100000001000000000000010000001110000000000010100010000100001001010000000000000000000000000010100000000000000000100000000000000001000000000000001001
1000000000000010000000000000100010000000001000000001000000000000010000000001000000010000010001000000100100010000000100001010100101000000000000010000010000100000010110010000000010001000001111000000010000100000001000100100000001000010001000000000011001
0000000010100001100010000010000010000000001000000000100000000000101000000000000000000001000010100100010000000000000000010000001000000000001000000000000010000000001100000100000110010000101100100000000000000010000000000011000100000100000101000001000000
0000000001000000101000000000011000000000100000000000000110000100000000000000000001000010001000001000010011111001010000011001001000001000000000100010000110000010000000000000010001000100010010000000001010011011000000000001010100000000100000100000000000
0000100010001001000001001100100001100000000000000000000000000101000001100001000101010010000001000100000000000000000001000000000000000000000000000010000000000100000000000010000010000000000000000010001000100000000000000000000000000000000011000000001100
0000000010000101000001001000010011000000000000010000001000100000001000000000000000000100001010000000000000100001000000000000000000101001010000000010000000000000000010000000000100100000100100100010011001100000000000000110001100000010000000010100000000
0000010000001010000100000100010000100001000000000000000000000100000000000001010000000000010000100000000000001001001000000001010000001100010001000000000000001000010111100001000011100000100010001000001001000100000000000000100001010000010110000000000000
0010100000100010010100000010000110000000100000000001100000001100000000001001000000000000010010000000000000010000000000000000010000110000000000010001000000100000000110101000100100101000100001000100000001100000010011111101001000000001001000100011000000
1100010001010000101000100100000001100000000100100010010000100000000001001000010000000100000010000000000000000110000000000000100000000010100010000000000100000000000000001000010010001000000000001000001001000010100001000000000001000000100000000000000010
0000100000000010010000000101000110010001010010001000000000000000000000000000000000000000000000000000000000000100001000000000000101100000001000101000100000000001001010000010000000000010000000000000010000000000000000000000000100001000000000000100000000
0100000000000000000010001000001001001110010000000000000100010000000000100001001000000010010000000000000001001010100001100000000000000000001100000100000000000010000010000100000000010000011000000010010010000001000110010010001011100110000000011000101000
0100000000010010100010000000100010000001000000000001010010000100010000011000000000101000000000000000100010000000000000000000000000001110001000001010000000000001000001000101000000000000000000000000100100000001001000111000011100000000001000000000100000
0010000100001000000000000100000001000000000000000000100000011010101000000000000000000000010000000100000000100010000100000000001001000111101000110000000110010100000000000000000000001000100000000100000000000000000000000000000000000000100010000100000010
0100001000000000000000000010011000001000000010100001000000000000000000000000100000000010000000010000001000000011000000000000000000000010000100000100100000000010001000000001110000110000001000000000000100000000100100000111000101000010010010100100000100
0000101000000000001010001000000000100001001000001000000001000000000000000100010000000001100010000000010000100001000000100000000011000000100000001000001100010000000000000000000101000000001101000000000000010000010000110100010010000100010000000001000000
0010000000010100000100010000010010000000000000000000000100010001000000000000000001100010000100010000000000000000000000000000011010110000000000000001101000000000000000010000000101010011000100000000110011000001110010000000010010000000000000000001100000
0000001000100000100110000100000000000010000010000000000011100001010000000010000000000000000000000000000000000000010000000010000010100111001000100000000000010100000000000000000001000000001100000000011000010000000101001001001000010000010110000010010001
0000010110000010010000001001000011101000010101000001000010000000010000000000000100000000100000000000111000000000000010000000000000000000101000000000000000000000000001000001011001101000000000000000000001001000000100001000000010001001001000000110010000
0001001000000000000000000000100001010000000001000101001000001000000010000000010000000000111010100010100000000000000010100010010010100000000001000000001001000000001000000010001100100000001000100111000000000001000000000000000000000001100101000000000000
0000100100010011000000000000001100000010000000000000000000000000001000000000100000000100000100100010000000000010000000111000010001000000101000001100000000001100000000010000000000010000000001000000000001011000000011000000000000000000010100000100100010
0000000010000010000001010000110000000000000100000001000000100010000100000010000000000000000000010001011000010100000000000000001000010000000100000000110010010000000000100100001010000000000100000010000000010011100001000001000100001000000000101000000100
0000000000101000000101100100000000000000000000010001100000000000010000101001010000000000000010000100100010000010001001011110000100000110000000001000100000111101001000011000100001000000100000010000111010010011000000000000100000000100000000001101000100
0000000101000100000001000000000110000000000000100000100100001101001110000000001100101000001010001000000010000000000000000011000100000000000011000000001000000010000000000000000000001000000001100001010011001000000000000000100001000001000000010001100000
1000100000000000000000000000000101000100000001000100000010010000000000001100110000000000100000000010000000000100010010000000011000010001000000000001000000000000000000001000101000010000000000101011000000000000001000000000000000000010000000010000000000
0000100010001000000001000000000000110100001001000000001010000001000000001010000000000100100000000000100000000000000001000100001000000000000000000000001000100000000010000000000000100011010000000000000000010101100000001000000100000010010000000100000011
0000010001101010000000001111000000010000000000000000100100000000000000000000000000000000000000000000000010000001000100001100000000000000100010010000000001011000000000010010010000110100000001000100011100000000000000000100001100100000000000000001000101
1000010110001000110100101000100001000001000000001000101000001100001100110000001000000000000000000100010100011001000101000000100100000000000001000011010000101100100000100100100100011000000000100000000010000010000000000101001000010000001010000010100000
0000100000000100010001010100000000000010010000001100100100000001000000001010000000000010000000100000000100000000001000000000000000010010000000000000010000100001000010001000100011100010010110000000000100000000000010000000011000001000100000000000000000
0001000000001001000000000000000000000000111000000000000001000100000000000000011000010000001000001000010000000010000000010001100101001000001100110001001001101000011000000110000100000010000000010000000010010000000000000000010000100000000000000000000000
0101000010010000000000000000000100100101100001100110100000000011000000100000000100000001111100000001000001000000001100000000000100010000000000001010000000000101000001000000000000010100010010000101000010000000001010000000000000001100100010000000010000
0100010000010000110010100100000100000001100000000010010000000000110000000100101101000110100000110100000001000000010000000010010001000000000000000101000000000000010001010001000000000000100000001001010001100000110100010001000000000000010000100000100100
0000000000000101000000000110000000100010000100000000001001110000000001100000001000000100000000000000000000000001101000001000010000000001000000000100000000000010111000000111000010000110000100100000100000000000000000000001000000000000010000000110000100
0000000010000000010000000010001100000000100000000000100000000010000000000001100000100000000000000000000000000000000000100001100000010001000010000000000000000000000100000010000000000001000000000000110000100000000100100000000010100010000000010000100100
0000100000000010010000100000100001000000000100100101100000000010000001000000000000000000000000000000000100000000000000100101000100010001001000000000000011000000000010000000000000001000000000010000000000000001000000000000111001000000001100010000000010
1000000000010000001000001111000000000000010000000001000001010000000001000000000100000000000000000000100001000000000011001100000011000001001000000000111000010010010010000010001100000000001101000000000001100010010000100000000001000000001000000100001000
0010000000010000100000000010000000100001011010000000100001100001100011000000000000100000000000100000001000010000000000101000001010000000000000001000000001000000001000000001000100000100000000010000000000010000000000000000000010010000001000010101000011
0001000010001000000000000001000010000100001000000111000000000000000001100000001000000000000000000110000000101110011100000000000000100010100000100001100000001000010010100010000011000000000000000010000000000000010100010010000000000000100000000000000000
0000000000000001000000010000000010001000001001000000100000001000100010001100001110000000001000010100000000001000100000000000100000001010000000100010001000000000000010000000001000010000010100010011001000010000010001010101101000000000000100000000010110
1000100010000000000010000101100000001000011110000001000000100000011010000001010000000000011100000010000001110000010000100100000000000110010000001000100010010000100001000000000000000001000000000111001010000000000000001100100000000001110100001000010000
1010010001010000010000101110000000110000010000001010000010100000010100000000000001001100000000101000100001100000000000000100100100000000000000011000110100000010000001001000000000000000001000000000011100001001000001001000000010000000000000000000000000
0000001001010011000000000000110000011000000000000000000000000000000000000001000000000001000000010100000000000000000000010000100010000100000000001000100110001100100000010001000000001001001010000000011000000000000110000000101110000000000000000011000010
1001000101000010100010100000111100000000000000000000000000000101000100000001100000001010001000011110000001001000000001010000000000001000100000000010010000000000001000010000000010000010000000000010010010000000000010000101000000010001000110000000000011
1000001000000000000001000100000000000000000010000100000000101001101000010100000000000001000000010010000100110000000010001000000100011000100000000010000100000000000100000010000010000000100000000001100000010001000011000000000000000000010000000000000000
0000000000001000010000010000110010000000000011001100001011000010000000100001000000000000000000000100000010010100100000000000000001000010000100100010000100010000001000100000000010000000000100100001001000000000010000100010001000010000001001000100000000
0110000100001110010110100100011001000000000000000000110010011000100000010010000000000001010100000100011010001001000101000000100000000000000000110000100000000000101000011100000010000000000000000001100011000000101000100000000100101000000000000010000000
0000100001010011100011000000000000010010000000000101000100000001011000000000001000010000000000000000000000000001000000000010010000000000000110000000000000000010000000000010001100000001000100001010000001101000011000000100010000000000000000010101000000
0000000000100100000000011000010110000000000100000010000010001100001001010000101000100000011010000000000000100010010000000100000001001100000000000000000010100011000001000000000011010000000000000000000000100100010010100000001000010010000000000100000000
0000010010000000000000000000000000010010000000000010000010100100000000000001001000000000010100110000001000000100010000000000000000100000000010000000000000000000000100010000000000000001000000100100001000011000000110000001000000001000010111100001000100
0000000000100101000000001100000000000000100001000000010010000000000100000000000000000000010000000000100001010000000100000000010000011110001011100000000100100000000001000010001000000000001010000000010010001001000001100001000010000000000000000010000000
0101000000010100001000000100101010000000100000010110000000000000011101000000000000000000100000000000000100000000110000000100100110001001000100000000100000000000000100001000001001000001000000000000100000000010000010000100010001100000000000000100100010
0000000000001000000001010000000000000000000101101000000000100000000000001001000000000000000000011001010000000000000100100000000011000000100000000000000000000100000000000000010110100000010000100000000110000000000001001010010000100011001000000000000100
1010000010001000000000001000001000010000001001000000000000000000000000000000000000000000000001000001000111000000000000010110000010001010011000100000000000000000000000000000000000000010010010001100000001000100101000000100001000000100110000100001000000
0100000000010000000000000000000000000000000110000101000100000100001010001000000000010000000000100011100000000000011011100011000100100011000100011100010010000000000000011000100000000011001000101000000101000100000000000010010000000000000000000011100001
0001000100011100100000000000100101101000110000000000000001000110000000100000000000100000000000001000010000000001110100100000000000001100110000010011000000010000000110000001011000000001001000000000000000000000001001000000001001000000001000000000000100
0001001000101000000000100000000100010010010010000011100010000010000000010110001000000100010110000000000100000001100000000100000011010000000000000001000000001001000000000000000101000001001000100000000000000000001100000001000000100010000000000010001000
0000000100100000000000000000101000000100000000000001000000000000000000000000110000000001000000001100100000000000000000100000100000111000010000001110010010001000000000101001000000000010100100010000000000001000000000010000000000000000000010000000000001
0001110001000000000000000000000000000001010101000000000001001000000010100100000000101000000001000001000000001001001101000001100001000000000000001011101000001001100010100010000010000000000000110000001000010001000000001010000001000001000000000000000100
1100000000000000000001000001000100000000000000000000010000100010000000000000000000000000000000100001000000000000000000000010000000000000000000000000000010010000100000000000000100000000000000000000000000010000000001010010000101011000001000101010000000
0101000010000000101010000000000000000100011000000100000001100000010001000000011000010000000000110000000010000000010000000001000001000000000000000000000000000010100000100001010010000000000001000000010001000000101000010000000000000000000001010000010001
0001010000000110000001000000001000100101001000010000100100000000000111000000000100100000011100100000000010000001000000010000010001000000010100000000100100001000000000000001000000000100000101000000000000000000000000000001000000000000100100000010000011
0100000000000000001000101000011000010000010001000000000000001010000000010000000001010000101000000000000000000001100000010000000000000000000100000010000011000010001000000000000100100100001110010000010001000010000001000000100001100000000000100000001010
0010000000101000000000000010000000000001000000000000101010000000000001000000000100001000000100000000101000000010000000000000000000000101000000000001001000101000000100010100000010010000101101011000001000011100000010000000100110001000000010000000000000
0000000000000000100010110010000000110101010001010000000000000000000000000000000000000001000000000010010010100000000000000000001011000100010000000110000010000010001100000011101010100000000000010000000000010001100000001000000110000000001100000000000000
0100010001000001000000010000000000000001100000000000000000000001100011110000100010100000000100001000000000000000000010000000000000000000100000010000000000011000000000000100100000000000010000100001001000000000000000000000001001001000110000000000000000
0101000010000010001000010000000000001000000001100000000000100010000010000100010000000000000001000000010011110010000001000010000010000000001000000000000010100000000000000101000000000100000000000000010000100000000010000100000001010100010000000001010000
1000000000000000000000000010000001000010000000001001000000000000000010101000010000000001010000000000000010000000000100100100011000000000001000011000000100000101100000000000000000000000000110010000000000000001000000000000000000100010001000010000000011
0000100000000010000000000000010010000111000000000000010001000001101100000000100000001000000001001001001000100001000011000000000001000000000000000111000000000100100000100000100000000000000001100000011000000000010000001000011000000000000010000000000000
0010001000100000010011000000000000000000000111000001000111000001000000100000000010000100000000010100000000000001010000110000100000000000100000100000000010000101101000100000001101010011010000010000000000000000000000100000000110010100000000001001100000
0000000101000100000000000000000000000000001000000001000001000101000001001000000001000010000001000000100110010000000010100000001000000010001010100010000000010001001000010000000110000001000100000001011000000100000000000000001000111000010000110000000000
0000001001000000000100000000000000000000000010000001010110100000000000100001000100000100000001000000001100001000000000000000010000100000000010010100001000000100001000010010000110001100010101100101100100000000100000001010000000000000100000000000100001
0000000010000000000010000000000010001000001000110010010110001010010000011000000000000011010000100000000110000000110100000000010000100000000010000100000000000000100100010110010000000000110000000100000000000000000000110000000100010000000110101011100000
1001000000000000001000001100000000000010001000000000001000000010001100000010011000000000101110000001000000011000000000000000001000001000001110001011000010010100100001000000000010000000000000000000000010000001010000000010000000100010000000110010000010
0100000001010100100100000010000001010000000100000000000001000100000000000000000010011100100000100001000101000010010010000000100000000001100100000000010000000010001100100100000000000101000001000000101000000000000000000000010100100000000100010000100100
0000000001010000000001001000001000001100000100000001000000000000000000010000001000100010100000000001010000000010101010000110000000100000000000000110000000000000000100110100000100001000000000100010000001000000000001000000000100000000000000001000000000
0010000000000000100000000000100001000000000010000000001001000000000001000000001010000000011010000000000001000000010000000100000000010000010001010000100000001000000001000000000110010001000000011000001000100001010000000100100000010001110000010000000000
0000000000000100001000000011110000000000000001010000110000000000000010000000000001000000000000001101000000010000011000000000000100100000100100001010000000000010000010001000001100000001000000000100101000000000000000000000000000001100000000001000001000
0010000000000000000010000010010010010011001001000000000000000000000010000010101000000100010000000000000100100000000100000000000000000000100000000000000000000100000001001010000001010000000111000001001000000000000010000110001000010000000000001000000100
0000000000000000000100001000100010101000001101001000000010011000000001010000010100101010000001000000000000011000010100010000000010010110000000000000000100000000001100000000000000010000110000000000000000110001110000000001000000001000000100000011000000
1000000001000000000010000000000110010000000000000000100000000000000000000000000001100011000000000000110000110000000001001100101010010100000000000000001000000000000010001001100000010010001100000000000000000100010100100010000100011000010000010001000000
1100000000000000110100000001000000000010000000010010001000000000000000000000000000000000000000001000100011001000000100010100010000100000000001110001110001100000001010000100010000000000000100000001011100000000000000001010000010001000000000000000000000
1001010000000010101000000001000000000000100000000001000000000000000000100000000100001000000000000001000000010000000100000000000000000000000100010000010000001001000000000100001000000000000000000000000000000000010100000001011000000001010000000001000100
0000000000000100000100000000100100000100000100000010010000000000001000101000000000000101000001010010000000000000000000111010100000010000000010000000100000100000000010000000010010000000101100000101000000010001000000000010001010101000000010000100010000
0000000000000000000010101000001000000000000000100100000010000001000010011000000000000000000010000110000010000000001000000010011000001000000000010001001000010001000010000000000010001011000000001001000000000100000000000000001001000000110100001010100000
0000001010000110100100000001000000000010000000000001000010001000000000010010000000000000001000000000000100000100000010010000000000000000010100010101101100000000010000000000010000000100100010000100100110001000100000010000000001000000000011000000000100
0000000100000000000010001100000010011000100100000000000010101001000010110010011001000100000000000000100010000000010000000000010010000001100000000001010000000000010000000000000000000000010000010011000010001011010000011000000010000000100000000000100100
0000000000000000001101000000010000000000000001010000000001001001100000100000000000101000000100000100000000000000000100010001000000000011000001110000010010000110000000001000000001100001001010000010100101010000000000000000000000000000010010000000000000
1000000000101000000001000000010101100001000000000001101010000010000000000000010000000000010000010100000000000001001010000000010010000000000101000000001000100100100001000000000000010000001000001000100001000011010001000010100000100010010000000000000001
1000000001000000110000001000000000010010001110100001100000000000100000010000000000000100100000000010001010000001000000000000000000000000011001100001000110101010100000010100000010000000000000000000100011100000110000010000011011000010000100000000000000
0000000100010100010000110000110001100100100100100000101000000011100001101100110000000001001000000000000000000100100000101011101000000001000000001100000000010110100100000000000000100101010000000100000100010000000100000000100000010000001000010000000000
0000000011000101000100000100000100000000101100110100000000000100010000000000000000000000000000000000111000001000000001010000000000010000110000000000010000000010000001000000000000110001000000000100001000001000000000000000000000000001000000000000001100
0000010010101000010000001000000001000000000001100000110100110000000000000100000000100000111110000100000010000000100000010000000011100011000000000100000000001000000000000000011000100000100001001000100000010100001110001000000100010000010000000010001000
0000000000010010001000010110100100000001010010000000010000000000000001001000011010100100000001000000010000000000101100100001000000000010011010100000000000000000000110000000100000011100000000001010010010010001100000001000000000000000100000000001000100
0000001010000100000001000000010001000000000001000000110011000000000001000001010010100000000000000000001010000000000001000101100000000000001000000011000101001001000001000000000000010000000000010000000010001010010000000100010001101000000100000001010000
0100000000101000001000000000010001010010000000000011100100000000000000000000000000011100000000000000000000000000000000010101000000000000000000110101000010000110000001000000100000000001000100000000011001000100101000000000000001010001010001000000001000
0000100000000000100000000000001010010000100001000000100010000010001100001000000010000100000001010100000100000010100000000000000000011011000100000000000000100000101000000000101000001000000000110101000000000101000000000000000000000000000000100100000000
0000000000000000000010100001000101001000000000000001000011000000001010000001000000000000001000000010000000001010000000001000100110100010000100000001000000000010100000000100000010000000010000000001000011000000010000000000000001000000100000000011000000
0000000010000000000000000101000000001000100000000000001000001000100001000000000010001000100000000000000000000000010000010000010100100000000001000000100000000000000000000010000101000001000010000000010001000000100010100001000000010001010000000000000000
0000000100000010000000001000010010000010001000000000000010001000001100010001000000001000000000000000001000100100000010000100000000100000000000001010000100100001000000001010010000101000000010000100001000100000000000000000000101000010001000000001000000
0001000001010000100000000000001100010000100000000001000000000010100000000000000001000000010100000000100010000000000100110010010000000110000100100000000100000000000110110010000100010001000000000000000000000000000010000000000000010000001000000000000000
0000000000000000000000100000000010000000001000000000000000011000100010000000011000010101100000101101000000100000000001010100000010001101000000000000000100000000000001000000000001010000010000000000000000000000010001010010110010000100000000100110000100
0110100000010000000100000000001110100100000001000000001000000100001000010100000000000000000000100000000010000000000000100000000000001001100001000000000000110000000000000000000000000000001000000000010000110101100010010111000000000000000000100000000000
0000000000000000000000010100000000000000000000011000000010000100010100100000000100000000000000000000011000000100000000000001000000000001000000010010001100010000010001100000000000010000100000010100001000001100000000000000000001000000000001000100110100
0001000000000100010000000010100110000100100010110000000100000010000000000001000000000010000100110000001000000000010001000000011000000001010001000000000001000000000001010000000001000000001000000000000010001101000000000000001010000000001001000000000000
0000000000000000010000100100000001100100000000010000100000100001000000000010010000110010100101001000000000000000000010000000010000010000000000000101000000001000000000000001000000000001010000000001000000000010001010000001000010000000000000000000001000
0000001010100100101010000000000000100000010001000010100100000100010000000000100110000000000110001100100000000000000010100001000000100000010000100100000000010000011000000010010000000000100001000100101000000000001000000000000000000010000000100010001010
0000000000000000001000100110000100000000100000001001000010000000010000100001001000000000001001001000000000011000000001000100000100100000001111100000001000000000000010001001100000000000000001000000000010000000111000001000001000000000000010000000001000
0000000100001001000010001000000010100100000010000000000000011100010100000001010001100000001001000000010010010000000000000000000000000000000000010000100000000101000001000100000000000110000000001000100111100000000010001000000000000100010010100000000001
0000000000000000100000000100000000100000000000000000001001000000000000000001000000000000000001001000000010000110110100011000000000000001000010100000000000000000000000010000010000100100100000100000000010010010000010010100000001000000000000100000000010
0010001000000010001001010110001010000000000000000011000000010001000010001000000100000010001000000000000000000001010000000001001000000100100000000011000000010000000100100001000000000001001000000101000000000010000001000100011110001100000000000010110000
0001000000000000000100000000000000000010000000100101000000000000001000010100000101100101000000000000000110100000000011000000000000100000000000000010000000010001000000001100001100010000100110000000100000000000000000000001001100000000101001000100000100
0000000000000000000000000000000010100101000100000100100000000100100000111000000000000000000000000000001001001000010001100000000000000010011000100000000011011001000001011001000010100000000000000000010000011011000101010010010000100000010000000000000010
0000000000000001001000001000000011100000000100000000001100000000000000000000100000010000010000010001000000000000100000000010100000000001010100000010000000010100000100000100000000111000000001000000000000000000000000101000100000110000000000000000000000
1100000001000000000001010001000000000000001000010000000000001000110000000000000000000000100000001000000100000000000001000000100000010010101100000011001000010100001000001011001000000000101000000000000001000000010100001010010010001100001000000000000000
0000000000100000000000000000010100000100000000000010010000110000000100000000000100101010000000000000010100000000001100000000000000000110100100010101000000000101000111000010000000000001000001000000000100000010000000000000000000010000010010000100000000
0000000000000000000000110001000000010010000000100101001001000000010000000000001000000000000010010000100100010000000010000001000100000000001010000010000100001000010111100100000000001000000000000000000010001100000100000110010000101000000000001000000000
0001000010101101110010000100010010011011001000000001000000100110010000000100000000000010000101000000000000101100011000010000000000000000000001000001100001000100010001001000101001010100010000001100000100111000000000000100000000101010000011010010001000
0000101100000000000100000000000010000110010001000010000000010000100000000001001100100110000100010100000100000001000000011001100000001011110010000000001000000100000010000000000000000001000000100000000100010000000000101100000000001000000010010001100100
0000000000100000000000000000000000000000000000010000000000000010000100100000000010010000100000000000000000000010010001000000001000000010000100000000000000000000000000010001000100000000000010100000100100100000001000011100000000010000000000000001000100
0000000000000000000000000100100000000001001000000000000000000100011001001100000100010010000000001000011000000000000000000000000000010010001000101001010001101000100000011010010001000001010000000000101010010000000000010000110100000000000000001000000010
1000100000001101010000000000111010000000100000001110000000001000000000000000000000000001000001000000110000001000110000000100000001001000100010000000000010100001010000001000000000000001000000000110101001010000010000010000101101000000001000000000000000
0010000000000010100010110000000001000100000001010001000010000000000000001000011000000001010000001000000001001000000100011001000100000100000000000011001010100110000100000010000000000000000000001000100001010001000000000001000100001000000000101000010010
0100000100010000000000011110010100001000000001000000000000010010000100000000000000010100001000000000000000001000000001000000100010000010000000000000000011000000000100010000000000010000110100000000000000000010001010010001010000001000100001010011100000
0100000000000010100000000000000000001000001000000000000100100000000000000010000000110001000010001000010000001001110000010000000110001100000000000100010000000010000000000010000010000100001010100100000000100010000100100000011101000001100000000000000000
0100000000000000000010000000000000110000000000001001000000000000000000010100000000010000001010000011001000100000000000001000100101100100001001001000100010001000001000000100000000001000000000000010000100000000010001001001000001000000000001010000000001
0000000010001010001000101000000010000010000000110110000000000100000000000010010000000100100001001000000001100100100000000000000110000000000001000000000000000011000000000001000000010100000000000001100000000010000100000000100001000000100000000000000000
0000100000000001001000011011100010100000100100010000000010000000101010000010000000010000000000000000010001111000000000000100100000000010000001000100011000011000000000000001000011010001100010001000000000000000000000110010100001000000000000101010000000
0000100000000001001101100000000000001000010010000000100000100010101100000101000010100000100001000000000000000000010010000000010000001000000000000000110000000100010000010101000000100000010000000000000000000000010011000001000000000000001000100011000001
0000010000110101000000000000010000010000100000100000001000000000110010010101000010000000001010001000100000000000100000000010100000011001010010000000011000010000000000110000000000000000100100100000000010100010001000001000000010000000100000001000000000
0000001000000110000111000000000100001100000000000000100010000000100010000000000000000110010000000000001101000010000000000110100001100100100100001000000000000000100001000000000000000000000001000000000100100000100000000000010000000001000000100010101000
0000000100000100000101001000010110001010100101000011001100100000001000000010000010000010000100000000000000000000110001000000001010001000010110000000000100000010000010000100100000000000100000000100000000001000000000000100100000100000000110100000000010
0000000000000000100100000100001000101001000101000100000001000000000010010000000011010100000100000010010001000001000000000000010001000001000001100100100000000000000010000000010001000000011000101000100000000000000000000011000000000000000000001000000000
0010100100001100101000100100000100000000001000000110010100000010000100000000000010001011100000000000000000000001101100000001000000000000010000100001110000000000100100010100000100000011100100000000110100000000000010000100000001000000000000000100000000
0000001110001010001000000100100000100010000000000010100000000010000000100100100000001010000001100010100000000000000001100000000000000001100010000100001001000000010000110000101110000000000000000101001000000000010000000010000000000000101000100000100000
0100010100000100000000000010011000110000000010110000000100000010001100000001000100001000100000100010010010000000010010000110000000000110000001001000110000000100000010010100000000010000010000000000000001000000000000100000100010000000000000000000010000
0000000100100011000001000010001000001101010100100000000000000000000001110100000000000000001010000100000000000001000111001111000000000110100000010000000000000000001000001100001000100100000000000000000100000000000000100010000010010011000000101000000001
1000000000000101001000100001000000010011000010000010000001001000100000000001000010000010000000000010010010000000100000000000100101000110000000000000000000100000000000000000100000000000000000001000000100000000000000100001111100011000000000001000010000
0010010000010000000001000101000001000000011100001001001000000100000000000000000000000000110001000100000001000100000110000000100000010000100000000000100000000000000000000000000100000000000000010000000010000000000100000101100000000000100000110000000001
0101001000000010000000000000000000000000000000000001000101001100000100000110000101001011100100001110011000001000000001000000000001010010010001000000010001010000000000010000010001010000000100000000010100010010000100101100000010010100000000000001101001
0000100000000000000000000000110001100000000001000000000000001011001000010000000001100000001000000010000000000100000000001000000100000010000010000010000110000000100000100000010100000000001001000000000000000010000000000010100110000010010100100101000000
0000000100100000000100010000010110100000000000000000010000001000001000000000000100001000001110001000001000000000000000000100010000000001000000011000001000010000000001011000100000011000010100000100100010100000000010000000100001000011000000000000000001
0000010010001000000000000000000100000000000000000100010000000000000000100000000000111001010000100000100000000000100010100000011000100000000001000010000111000000100000000000001000010001000000001001000000110000000110000001010000000000110000000000100000
0100010001000001000100000000000100000000001001100000000110011100000000000000000000001000000001000000010000000000001100100000000010000001000000000100000000000000000000000000010000010010000000000000010000000000111000010000100100000000000000000000101000
1100010010010001001110000000000000000000000100000100001000100100000100000001011000000100001010100100110100010000000100001010000000000001100000000001000000000000000010000000000000000100000001100000000000010011000000100000000001010000000001000000000000
1000100000100000000001000000100001000001001000000000010100001000000000000000001000001000100010000001000010000001000100101100000001011110000010010010000010100000001000001101000010000000000010010011000000000010000000000000000000000100000100000010010000
0000000000010100000010010000000010010000101010000110000000100000010001000000000010000000000000000000101000000001000011000000100000000000000000000010110001101000000000100000100101000100010011001010011000000000001010000100000000000000000000000110000001
1100000101000000000000000000000000000000000000100001000000000000100000000110000010001000101000000010011010001001000100000001000000000010000000010010000001000000000000010100010000010000001001100001010011001000100000010100101000000000000000000000000001
0000000000000010110000101000100010100001000100000000000000000000000000000000001100000000000000010000000000010000000000000010000000011000001010000000000100100000000000000000000000000000000000001010000000010100000000100000000000000010000100011000100010
0001100000000000000000000000000100000000000001000000100000000000100000100001000001000000001001000100010101000100000000000001000010100100000000000000000001000000001100100010000000000100010100000100000000000000000000010110010010010000000010001001001000
1000000000000000000000001000000000100000000000000000000000010110000000000000000000001010010000010000000000010000000000010000000000001101000000101000000000000010000100000010000100000010000000000001100001001000000100000100000011000010000000000101000000
0011000001101001001100100001000010000010010000000000000000100010000010001000000000000000101000001000000000100000000000000000000000000010000100001101001001000000010000000010000100000000000000010010011011000010000000100000100000000100100000001001000000
1000000100000010000000000000001000000000000101000010011001000000100000000000001000010000000000101000001000100000010100000111000000001000000001001100000110010000001100000000010000010001000010000000000000000000100010000011000100001000000001000000001001
0010010000010000010001010000001000000000001000000010110100000000000010110000000000000000000000000111000000000100000100010000100100001000001001000000001100000000001000000001100000000101000001000010110000000000001001001000000000000000000000000000011000
0100000001010000000000000000001100110000000100110000100000000000000000110110010010100000000001100100001000000100000101000000000000000000100000000000001000000000000000100010000000000101000000000010000000010000000000011100000000000010000000100001000000
0000000000001000000000000000001000000000110000000100000100000000001100000001000101000000000000010110000001000000001001010000101000000000000100000100000000010000000000000100011000000000000001001100011010000000000010001000000010000001000000100000000000
0001000000100000000000000100000000110000000000001000000100000000011000000101010000000001011010010000000011100000000000000100000000000000000101010000000010000000000001000000010000001000001111001000000001000010010010000001001000100000100001100000000110
1001000000000000000000000001100000000000000000000010000000000001110010000000000100100000101000000110110100000000001000011000000000000000000001000000000011010001010000000000001000000101000010001100001000000000101010000010000001000000001000000001000010
1000000001000000010000010001000010000000100000110000000000000000011001000000010000011100000000010000000000000010100000101000000000000100000100010100000101001000000100100000011000000000001000010000100001000011000001000010100000000000100001000100010000
1000000010010000001000011000001000000001000000010010010000100000010000001100000000011000100001000001000000010000000000000100001001000100000000000001100000010000000100001000000001010000000000000110001000000000000000000000110000001001010000000000000000
0000000100010100000000000110110000000000010000000000010000000000001010001000000000000000101001000000000010000011000000000000110000100010001010100000001000000000010000000001101000000000000000000010000001010000110000000000100011000000100000000000000000
0110000001110000000010001001000000000000000000000000000000000001000000111000010000000001010100000001000000000000110000001000010000001000010000000010010100000010100101000101001000000100001000000000000100001100001010000110001100000100010010100000000000
0000001000010000000000101000000010010010000000000011010000000000000000001100100000010000000000000010000000001000000100000100000010000100001000000110100001100000000000000000000100001000000000000000000100010000000000010000100000110000000000110100011010
0000000000100001000000000000000000000000010000010011000100000010000011000100000101000000010001000101000000000000101010000101000000000111110000000001000110000011010010001010010001000101000011000000000010001000000000010011000100010100000000100010010000
0001000000001110000001100001000000100000001010101100000000000000000000000010000000100001000001000000000100000000000000010010001101100010101000100000110000000001000001000100011000100010000000000000000000100000000011000000000000100000101001000100100010
0000000100101000100001000000010000000000000000100010000000000001000001000000000001001000001000000000000001000001100000010001001100010000000100001000000001000000000000000000000000100000001100000000100001000000100010000110000000010001100000000001000000
0001010011000000001000100000010000000001000000101000110000001000100000010100000000000000000000000101010001010000000110001000000001100000100000000001100000000001000010000000000100010000000000001000000101000000000000010001010000000100100000000000000000
0000101000001100010001000100000000000001000000000000000100100010100010100000001100000000000000000111000000000100010010001000100100000000000000000000000000000000000000000000000011010000000100010000100000000000000000100000000000000000100000000100000000
0000101000000010010000000100010010000000100001100000000000000000000000000011000000000100000000110000000011010010101010010000100000010100000000100000000000000010000000000000000000000001000000000100000100101000110100000010010000000001000000100001000000
0101000100101000100000000000010000000000000100000000000000000001000010001000001000000100010110000000000000100000110001000001000000100001010100010000100100000000011000010000010000000001011000000000000000101011100010001000000000000011000000001000001000
0000010000000010000000000000001100010000000000000000010000000000000010010000010010000000001100110000011100000000000111000000000001000000000000001000000010010000000000000001000000100000000000011000001000000000000001000000010000000100101010000100000000
0011100000010000000110000001010000110001000001010001000000100100010010001000100000000010110000000001100001100110010000001000000000000100000010001000100010100000001010000101100000000010101000000000000010000000000001000000010000000000000000000000000101
0000000000100001000101010000110010000000000000100000000000000110000010000000000000001000010000000000000000100000110001001001000000001000000000100010000000010000100000000000000100010010000000000000110001000010100001000110000000001100100000000000100001
0000011010001000010001000000000010101000010000000000100001000000000010100000001000100101110000010011000000001000001001001000010000001000100000000000100110000000000000000010101001000100000000000000000000100001010000001000010000000000000000000000101000
0000000000101000010100000000100001000000000000000000010000100000000001100000000000000000000011000100000001101010000000000010010101010011000000000000000010000000000000001000100000110000010000010010000100000000000010100000000000100000001000000100000000
0001101101000101000000001010000100001000001000001000010000010000000000000000000000000110000000100000000110000000110000001000000000100100100001011100001000000000000011011000000000011010100011010000100000000000000010000000000000011000101000000001000000
1000001100000010000100010000000000000100000000010010000000010000011001010010100100000000010000000001010000000000000000000000000000000000000000011101001000000000000101000100001000000010000001000000000100000001000001000000000000000010000000000000000000
0000010000010000000000100010010000000100000111100010001000000000000000000000000100000100000001000000000000101101000001000010000000000000000000000001000000100011000001000000011001001101000000000001000100000000010000000000000000010010000000000000000100
0001111100011101010001000100000100000100010000010000001001000000000100000010010010000010000100100010010000001010000000100011000000000001000000000000010001010100100001000101000000000000001100000000000000000000011001101011011000100001000010100000000000
0000000101010010000100100000011000100000000000000000110000100000110000000000001010000001000000000000001000000001100101000000000000000010010000100100000001100000000010001000000000000000000000101010000000000000100011000000001000010000000000000000000000
0000001100000000000001100000101100000100000000000100010000011100000001010000100000000000011000100000000000000000000000000000000000011010100010100000100000001001000000000100000110000000000101000000000000001100000000000000100010000000000000000100000011
0100000000000000100010000001000000000000000001000001100001000000000100000000000010000010000011000000000000001010100010000010010011010000000100000010000000000000010100001000001000000000000000010000001000000000000000001000001010100000000000110000001000
0000001010010100000000000010000100101000000001110000000001000010100000000100000001010000000000000000000110000000001000001001000000010101000000001000000000000010011000010000000100100000010000000000000000000000100000100010000100101010000110000101001000
0000000000000101110011000000000000101100000010011000000001000000001000000000000000000000000000000000001001000001000001000101000000000000000100100100010000010100100010101010000010000000000000110010001000000100010000000000000000100100011010000000010000
0010000011000001010101010101001010000000000100000011000000001100000000000010100000000101000100000001000000000000000000000010000000000001000000111000000001000010000000000000100000000000100000000010000001000000001000000000110001000000100000000001000000
0001100000000001000010000000001000100000101000000000000010000000000100000010100000100100001000000010000001000000001000000010001000000000000000100000000000011000000000000000000001000101000010000000000000000001000000000000000100110100000001000000001100
0000001010101000011001000000001001000000000000000100000100100000000000000100000000001000000010000000000000010100100001000100100000010011000011100101101100000000000000000000000000010001101000001001100110000010000110010101000000001000111000000000010000
1001000110100000000000000000000000100000101000000000000111000000000001100000100001000000000010000001000000000000000000100000000000000000000000000110000010100000000000001000010000000000011000001000100000000000000000010001010000000001000000000100000000
0100001000010100010100000000100000000000000000000001000010100100000001000010000001001000001001100000100000011000000000000010000100000000001001111001001000010010000000000010000000001000000000000001101010000000000001100000000001000000000001000000000010
0000100000001000010001000010000101000000000001000001000000000000010100100001000010010000000000000100000000000001100000000000010010000000010000011000000000000100001000000000000010010001000000010001001000010000000100100000000000101000000100000001000000
1100010010100000010010000000001000100000000000100000011000000000000000001100001101010000000000000001100001100011000001010000001000000100001100000001001000010111000110001000000000001010101010000101000001001000000010010101000000100000000000000000011000
0100001000000110010100000000000100100010100100000100101000000000000001000000000100000000000100000000000011000100000000000000000000010000100101000000100100001100000000011000000000000000001001000000000000000000000000000000000000001101100101010000000100
0000000010000010010010000000001001000111001000010100000000010000000000000100000000000001000000000000000000100000000000000000100010101000010000000000000000010000000000000000010000000000000000101000000000001000001000000000000000010000000010000010000000
0100000000000000000010000010000000000000101000100000110001000001001000000000000000000000000011110000000000000000010000011000000000000000000000000000001001010000000000000000000000100000000000000001000000000000100001011000010000000000110000000000011010
0000000000000000000000000000100000000000000000000110000000000100000001001000000101010001001101000010100000000100000000000000011001000011000000000010001000010010000000000000001110010101011000000010001000001000000100000000000000100000000010010110000000
0000001000010100000010000000000000000000000000000100000001100100100000001000010000000010110000010000001001000000000000000100000000001000000000000010000101000001001010000000000010000001000100100000000010000001001100000000010000000101001000110000100100
1001000000100001000100001000100100001110100000001000010110101000000000100000000000010100100000000100000000001000000011000011010000000001000100000100000000010000101010000100001100010000000100000000110100000000001000000000000010010100100000000001000001
0000000000010001000000100000010000000000000000000000000000000001000000000000001011100010100100000101000000000000000000000100000000001000010001000000000100001000100000000000000011000000100000000110000010000000100100000000000000000001100000001000010010
0000010101101001000000000000100000010101000000100001000000000000000000000000010000011001001000100000010001000100000000010100000000000000011010011000010000000000110100000011000000000000000100000000011000010000000000000001000010000010010000001100100010
1100000010100000010010000000000000010001110000000010000001000000000000110000000000000000000000000000010000100010100010000000001000000100000000000000001000000000011000000000001010110000110010000010011000010000000001010010000001010110001000000000000000
0110000000001000000100100000000010010000010000000001100000000000110000000000000100000000001010001000000011000000000000000000001000000000000000000000001001001000010000010000001000010010000100111000000000000000100001000010000000100110000010100000000000
0000000000010000010000000100101000010010100000001000100011000000000000000010000000010010000000000000000010000100100000010001000000000000100000000000000000000000000001000000010100000000000010000000010000010000000010001000000001000000000000001001100000
97 230
145 151
