250 250
0001011110001010000001001101000100010100000001000000010001000000000100000001101000000100000000000000000000000000010001001000000011100000001000100000100100000010100100000000000000000000001000011000001100000000000010100100001000000001000000000100100010
0000010001000000000010000001001001001010001000000000000000100001000000000000011000010101000000000000000000000000011000100000010000001000000000000000000001000100000000000000100000000010110000001000100001000010000000000001000000100110000000010001000110
0000000111000110000100000100010001100010000100011000100000000000000000100110100000000000000000000000001101000000010000000000000100100000000100001001001001000000000010000000000000000000000000101000101100100001000000000000000000000001100001000000000000
0010010100000100000010000000000000001000001000000100001000000001000011011000001000000000000000111000000000001000000001100001100001001000100001000000000000000010000100100000010000011000000100000100010001000000000000000100000000010000000100000000000001
0001000000000000100000001100000000100010000100010000000000000000011000010001000000100010000010000000000010001100001110010000000000000100000000000000000100000000000110000000000101000010101000100000000100000010000101000000100000000000000010000000000000
0000000010010000010000000100000000100001000000001010000000000001000000000001000100000000100000000000001111100000010000000000000100101000000000010000110000000000000100010010000000010100010000000000110001100000010111000000000010000100000100000000001000
0000000001000000000010010000001000000100000000010100000010010100010110000000100000000000101000000001101001000000010100000000000010000001010100000010000000000000101000001010000000000000000100000000000000110000100000000000001000000000100100110000001001
1001000000010000000010001000000110000110000011000100000010000100001100000001000000010000010000000000000000000000110010000000000010001000000101000000000011000001000001000000100000100000000011010000001010010000000010000100001010100001001100000000000000
1000000001011000110010000000000000010000000100000010000000100010001010110001000000000001001000000001010001000100000100001000100000000000000001111010000000000000000000100101010010001001000001000000001101000000000110000010100000000000100000000001000000
1000000000001000011010000000000000100010000000000100000101100001000100001100100000001000000001100000000110000000000000100000000000000110101000000000001000000010000000000000001000100001000000000110000000010100001001000000100001000000000000000000000000
0000000100000101010100000010001000100000000010000100001100000000000000000010010000000000000101100000001000001000101100000000000000001000000000001010000000011000000001001000000000000000100000010100001010000000000000001001000000001000000000000110100000
0010000001000000000000110100010100000100000010000101010000101000000000000001100000000100001010100000000000000000100000010000010000000010000101001000000011000000000100011000000001000000000000000010000000000100000010100001000100011000000000110100010000
1000100000011100100101000000000000011011010100000100100000011000000001010000010010000000100101000100001010110000000000000000000001000000000100000000001000110000000010000010101000000000000000000000000011001000000000000011100000000000001010010000001001
0000000000000000010000000110100000000010000000000110000000010000001001010000000000010000000000000000010001001000001000001000000010000100110010000010000001000000000010000000000000010100000000000000100000000000000100101100100000011000000000100010000000
0000010000000000001000001000100001000000000001000000000000001001011000000000010000100000010010000100100000000100000001000000000010000000000001000100000001000000100000011000000010100000000010001100001010001001001000010010000100100000101000100000000000
0010010101000011000000100010010000000010000000000000000000000000000010001000000010010100010011001000100000001101001100010010000100100000100100000000000110101000000100000000010110001000000010010000000000000110100010000010010100000001000000100001000000
0010001100000100010100101001000010000011000001101001010010011100001000001010000100000100000010101000000100011000000100000000110000100001010001011110000000000010000000000000010000000000000010000000000011010010000000000001010000100100000000100011010000
1100001011010001010000011000000001000100000100000000000000000000000000110100000000001011000000000000000110000000110000001100000100000000001000000000000100100000000001000000100100100010000011000011000000010000000110100100010000000000000100000110100000
1000000000000000000010000001000000010000000100000000001000000100100000000000100000000000000000000010000000000000001010000000001010000000000011000000100000010000100110000000010000000100001000000000000010000010000000000000000000010010000100100100000000
0000001001100000000000000000000000100000110001010100000000000011101000000000001000000001000000010000000100000000000011000100010000000010000000000000100001010100000010000000000000000100001000100100000010011000000000000010000000000100000000100000000000
0100000000001100100010000010010000010000000000100000000010000001000010000001100000110000001110000100000001000000000000100001000010000000000100000000010000001000100100000101000000000000000001000000000000010000100001000100000110010001000000000000000000
1000010000010000000000000010100000000000100000100000010001000101000010000001100000000000000010000000000010100000010000010000100000001000000000001000000101001100000001000001000001100000000000000001000000000010000100000000100010000000000001000101100000
0001101000000000000000000100000000010000000000000010000001101001000000000000100000000000000000001100000000101010000000001000000010000001001000000100100110000000000000001001010100000010000100001000000000000000000000000010000000001010000000000000000101
0010000100000000000000001100000001000100000000100000100000000000000000000010100000000000010000001101100001000010000101010000000000010101010000000010100000010000100000001000000000000001000010000000000000000001000001100010000001001010010000001100000010
0000000000000100101000000000010000000100010000000000100000000001000010001000001001000000000010000000000011010100000011000000000001000000000100101000010001011000000001000010000010000000000100010100000000000010000101000100001001000000011000010010100000
0010000000001000001010000000000000000001000000000011000000100000000100010000000101111100000001010100010000100000010010000011100000010001010000000000000000001000000000010000001000001010111110100110000000100000000100000000000000000000000110000100000000
1000000000010001000000000000000000001000000000110000000101000100000000000000000001000000000000010101000000001000000000011000001001010001000100000000000000011000000000101001000110000000000000110000000100010000000010000000010000000000011001100100000000
0000000001000000000000110000010011000000000000000000000000000000100100000100000000000000000000000000000000000100101000000000000010010000000100000100000010101010000101000000000010000000110000000100101000001010000000001000100000000000000000011000000000
0000001110010000010000000100000000000010000100111000000000000000000001001010000010001000000011100000000001000000100010010000000100001000100000000100010000000000000010000000100000001000000000001100010000010010000000010100000000001000100101100001100000
1000000110010011100001010000000000000101100001000010100000000000000100000000000000000000110010000100000101000000000000100011000100011010011000000000010000000010000000000100000100100101000100100000001001100100000000100001000100001101110100011010000000
1011000010001000000001000001000100000000000000011011011000000000000100000100010010011000000000000010101000010000000000000000010100100010000000000110000000011011010100000000010100001011000000000010000010100000011001000000000101001000000000101000010000
0000000000000000000000000011000000100000010000000000000000000001001000110001100000000100000000000001000100101000010011000000011001000000000001001000000000100010010000000000000000000010100000000000001010000000000011001010000011001100000000000100000010
0000000000000000010000000000000000001000000000000010001001000100000000000000000000000011100001000011001000000000001100000000011001000000000000001000000010101000010001000000000000010010000011000000001010010010000000100000010010000000000101000010001000
0000010000010100000000000100000000011011010000000100010001001000000010000001000001000000000000000000001001000000010000010000000000010001101000000000100000001000000000010100000100000000100000001000000100000000000000010000001100000000011001010000010001
0000000000000000000000010011000000000000000000000000000010000000100000010000101001000000001001100000100000011000000101101000000001001010100000001100001000000000100010001100000100000000000001000100000001000001010010000000001100000000000100010000000000
0001001000000000000001001101000000000000000000000001000000000000101110000000000100010101000000000011000011000010000100000110000100000000010000010100010000001110001100000000000100000000000010000000100010011000001000100000001100100000100010001010000000
0010000000000000000000000000000100100000001000000011101000000000001000001001000000000000000010000001010001100000000001001000000000000010000100000000000001001000100000100000000101001000000000000000011100000010000000100000010000000010010001001000000000
0000000010000000100000001100001000000000000100000000001000100000000000100000000000000100000000001000001000100101000000000111100010000000100010000000000000010000001100000000010000000100011100000001001000000100010010001000000000010001010000000000110000
0010000000100101001000011000001000000000100010000000100000001000100000100000000000000001000000001010000001000000000000000100000100000000001000001100000000000100000000001000000001000000000011000001011000000010000100000000000000011001000001100000100001
0100000000000000010000000010000100011000000001100000000000000000001010000000000010000000000010101000000111000000001100001010100010000010001000010101000000000011010000000000000000100000010000000000000000000001100000000100001100010100000010000000000000
0001001100000000000000110000111011010001100100000000010001001000010100000010001000110000000010000000000000000000000101000100000000000000000000101010000000000000000000000000001001000000000000010000100000110000000010100001000010000000000000000000000000
0000000000000000110000011011000000000100000110000000000000000010001100100000000100000100000101000000010000100100100000000000000000000000000010000001000000001000000010000000000100000010000000000000000000110010000001000001000000011100010010101001000000
0100000010000010001000000010001100100100000100000100000001000000000100000000000100010011000000010001000000000011001100000000000000001000001000010000010100010000000100000000000000011000000000000000010100000000000001100010110000000000001011001110000000
0000000000000000101010111000000100000000000000100000000100001000100010000000000000000011000001100010000000000000110011001000000011000100010010000000110000001000010000000000000001000010000101000000000000000000001000000100000011010001010000000000000000
0001100000010000000000001000000000010010010000011000000000000000000000001010001010000000000000001000000000000001100000100000000000000101001100000000000001110100000010000000010000001000010001000010000000001001000100000000100010000000101000000000001011
0000010011010100000100000000000010010000001010100000101000000010100000110010010010000000000001000000000000010110000000000010100100100000000010001001000100001000110010000000000000000000100100000000001000000001010000000000000001010100000000000000000010
1010000000010000100010001010000000100100000000000011000101101100001100101000000100010010000000000000001010100010000000000000000000000000001001010001000000010010100000110011000000000000010000010010100010000000000101000010001010001000000000101000110101
1010000000001101000100000001000011011000000010000000000101010000010000000000100110001000000001000000000001000010000001000000000010000010000000000000000110000100001000010001000100000100000010110100001000010000000000000000011000101101000101010000000100
0000010110010100010000000000000000001000001000110100000000000000010101000000100000000001000010000001100001101001000010000001000000100000000000100000001101000000100000000100000001000000000000000000010100001011111001001010000000000010011000000000000000
1100000001011100000000100100001000000000001000000001000000000000000000110000000000100000000000100010010010000000001000000001000000100010000000000000010001000010100000000010000000100101000000000000100000000000000000100000000110000001100010010000001100
0000100000100010000100000000000001000000000000000000010000011000011000100000011000001100000000000001000000000000000000100110010010001001000000011000100000000101010000000000110000110000000000000000000100100010100000000000000000000001100000000101000011
0010000010100000000011111100000110001000000000000000100000000000001100101101000000100000000000100000010001000000000110000010000000000000000000100000100000000001000000000000000000000000000011000000000010111010000100010000000010010000000000100000001000
0000000100000001011000000101000000000000000110110000000001000000000000010000110000101000000011000010010010100101001100000000000010000100000000000000100000100000100001000010000000000000000111001000001100001000010010101000100010000001000010000010010000
0001000000000000000000000000000000000000000001000000001000111000000001011100010000000101001001000000000000111000000011001000010000000100000000100000000010000100000001010000100000000000010000100000100000100001000010111000000000100010000000000000000000
0000000001010000000000000100001000010000000010000000000100001010100001000000000000000001101000000000001001100001000001010100000100000001010000000001001000000000001000010000100000000001001010000100000000000000001001100000011000000010000000000000000000
0100000000001000000000000000000001000000000000100100001010000100000000010000000000000000000100000100000010000101000000100100001000010000000000010000000010001010100000000000000000000000000010000000000000000000100001000000000100011010000000010010010000
0000000100010000000000100000000000101000001000000000000000011000001001000000000000000010000000000001000001000010000001010000000010010010100000000000000000000010100001000000010101000000000000000100010000010000000101100000101000000000000010000110000000
0000000000000000100001000000010000000000000001001000010000000000110000001001100100000101011010010000000000111000010010010000011010000000000000011000000000000000000000000010000000001000000001000000000000000101000000000000000000000000000000100001000000
1000000000001100000100000000000000000000100000000000110100100000010000000100000000110000110000000000100000000000100001110000000010010000000000000011101000000000000000001010001000001001000000011011000100000000000001000000010001111000000000011001000000
0100000000000000110001110000000001000000000000000011010000100000010001101000000000001000000001010000010000000001001010000001000000011101000010000000010010110000000001000100000000011000000000000100101100011001100110000000110000100000000000000010000010
0000000000000001000000000000010001000000100000010010001010101000100000010000010001000000000000000100100000010001000000001000100000100000000000000000100000001010010001000001100000100010000001010000000101110000100000100000100001001000000000000100000001
0100000000010000000001000100010000000000001000000010000000010001000000010001000100000000100010100010001000010000000100001000000000000001000010000001001000000000010000000100001000000011000000001000110100100001100100100100000110100000000011100000000000
0000000000000000000000011100100000110000000000100000000000000010000000000000000000000000000000000101000000000001000010000000000100110000011000001100000000001001000001000000001000000011001000100000011000011100000101000000001100000100100010000000000001
0100100000001000001110000100000000000010001000001100001000000000100000000101001000010000000000000000000000000000001000101000000011000000000000011010100000000000000100000000000000000000000000100100001000010100001001000010000001000000000010100000000000
0000000000100011000000000000101001001000000010000100010110100010000010000100000000100110010000001100011000100110100010011001100010001001000000100001000000000100000111000000000000000010100000001100000000000000000000000000000001000000101000000000001100
0101100000000100001000000111011001000010010000000000100000000000000000000000000000000110000000000000001110011000100000100000100010000000001000000000001000000001000010001001100010100110010010000000000000000000001000100100001000000000101000000100000100
1000000000000100100010010001000010000010000000000001000000000000001000010100100000001010000110101011000000100010001011001000000001100000000000000000000000010000000000100000000010000000000000000110100000000100000000000101000100001000000000100000000001
0000000000010000001110000010000010000100000000000000000100000000000000000000000010001001000000010100100000000110100000010110000010000000000000001000000100110100000000000000100001000010110000000000100001000000000100000010000000001000000010000010000100
1010000100100100000010000100000000100100000010001000000000100011000000010011010010000110000000000000001000000000000000011000000000011001000000100000001100000000010010100001000000000000000000011000000000110000000000010000000100000000010101000000000000
1000000100000010000000010110001000010000010000000000000010000010000000001100000001000101001010000000110000011000001000000000010000110000000100000100000000001110000000000000000001001001001000010000000000000000000000001000001100000100000000000001000000
0000110100000000000001000000000001000000000000000000000000010000000010010010000000000000000000000001000000000000100000001010100000010011011000000000000000000000000000010001100000000000001000100000000110000000000000000001000001001000000000001000000000
0100000000010000101000000000000000000000000001010000000000000000100000100001000100000000000000000000010110001100000000010100000100100000100000001110000001001000000001100000000000000100000000000101010000100000000000100000000000000001000000000000010000
0000000010000000100100010010000100000000110000000000110000000000000100000000000100001010000100000011000000000100000000000000000000010001010111100010010000001000001001000101001010000000000110010010000000111000010000001010000011000000101000101000000000
0000000010000000010000000000000010000101101100000000000001001001000000000000010010100010011001100000001000000100110000111000010001000000000000000000001000000100000100100000000100000011001000000000000100100001100010000000000000000110000000000000000100
0000000011000000010000100000000101000100010000001100000001000000100000000010000000001000001010001000000000010000000000010000000000101000100000000100000010000001000001000001000000011000000000001000000001000001000011100000000010100010110000000000000000
1010001100000000100000010000100000000001000000110000000000000000000010000000100000001111000000010101110001000011000000000000000100110100000000000010000000000000001111000110010100000000010000000001010010000010010010000100100000100000000000000101000000
0000010100000000000000000010010001001000100000000000101100000000010000000000000000000010000000010100000110100000011000010001000000000000010000000101000110010100001000010000010000000000000000000001000100001000000110000000100010100000000000000000001000
0000000000100000010100000001100011000010001100000000000000000000000000000100100001000000001000000100000010010000000000000011001000000000000001000010010001000110100100000100100000010000100000100010000001110010000000100001000001100011000000000000000000
0000000010000000000000110000000000000000000000000000000010000000000000100000000010000000001000000100010000010000010000000000110000100010010000000000000000000000010010001000100000000000001000001010000000111100101000000110000000000000000000000100000000
0000010001100100000100001001011000001000000100000000010000000000001000000100100001000000001010000000010000000100010100100001000010000000000000001100010001110100000100001000010010000000010100000001000110000000010101001001000000000100000000000110000000
0001011000000010000000000000001000100000000100000010000000000010000000100000000010010001000001000101000011000000000010101000000000000000000000101000100100010010001000000000000000001000001011000100001000000000100000010000000011001100010000000000000111
0000000001101000000011000000010000000000110000100000011001000001110101010100000000001001000100100100100000001001101100000101000000100010001000100000001000010000100010000010010000001100010000000110000001010010000001010001000000001000000000010001000100
0100000000000011010000000000000100100000000000000000001000001000000010001000000000010101000000010000100000101000101000000000000000000100000000000000000000000000001000000001000000001000100000100110100000000000100000000000000000010100000000000000000000
0110000000000000001000000000000000000100000110000000010000000010001100000000000010010000110010000100000011000000000000010000100000101000001000000101100000001000010001011000010000000000000000000000000000010001000000000001000010000000000010000000001000
0010011000010000000000001000000100000000001001000000100100100010010000101000001000000010100110100011000000000010000000000001000100000000010011000110101000001000010001000000100000000110100000100001000010000000001000000000000000000100001001100000000100
0000100000000000000000010000110000100000001000101001100000010000010001000101000000000000000000000000011001000010000000000010100100000001100110100100001100001000100000001001000001010000100101000000101000000101011000000100010101000000000000000000000000
1000010001000000001010010101000100000000010000000000000000000000000010000010010000001001010000000000000000000100000000010100000110000000100001100010000000000000110010010000000100000000000101000000000000011000000000000010010000000010000011010011100000
0010101000001000000100000100001010000000010000100000000000000000000000100000000010100000000100000001000000010001100000100000000000100000000000000000000100001000000001010000000010010001001101000000000010000010001000000100001000000000010000000000100000
0100000000000000100001000000000100000100001000000101000000000000100000010010010000000010000100000011100000000000000001000000011100010000010000101000001000000011000000010000010000000000000000000000000000000000100000000000000100011000010000000000010100
0001000101010010100000100000000000000000000000100000000000000000000100000010000100101001100000010000001000000000000100000000000001000111000001001000000000000000010000100000001000000000000010010110000000000010000000110000000000000000010000011011000001
1100000100010000000100000000010010000000000000000000000000101010011000000000101000000110000000000011000001010000001010000010000000000100100000000000001100100100100000000000000000000000000100000100000000000010010100000000010001000100000000000001000000
0101110100100000101000000000000000000100000000000110000000010000100000000011010000000000000000101100000100000000000000000011010000010000010000001100010000010000001000001010000001000101000000000010000000001000000010000000000000000000000000010110100000
0000000000010000000010000001010010010000001010001010000000000100000000000000000000000100000000000000000010010100000010110000000000100000000000010100000110000001101001000000010000010000000001000010000010000000010011000010000000000010000100000010000010
0101101011010010000001000000000100100000000100110100000000110010011001001000001000010011000000000000010000000100001001010000000111000000000000000000000010000000000010000000100100000000000010000000000001011000001000100010100100000000000000000001000000
0010000000000000001000000001001000000100000000000100001000000000011100010010001000000001000000010000000000001000010000000000000000000000000000000001000001000000100100000000000000010000000010000000000000000100011001000101000000000000000100000000100011
0010000010001010000100001000000001000100000000100000000000000100000000000000000000001000000000001000010100100000110000000100000001010000000000001010001000000000101000000000000000000001010000001000100001101010000011000000000001000010000001000010000011
1001100010000011011000000100001000011000101001000001000001100100000000000000000000010000000000001000000000000001010000000000001000000000001000000000000011110001000000000000000100000000000010001000000110100000010000001001000100000001000000010000000100
0000011100000101001001000000001000001000000000000000010100000000000000000001000000000001000000000000000001100100000100000000001000001010000000000000000000000000000000100000100001000000100000000000001000000110000000000010000010000100000000000000001000
0000001010000001010000111000000101000000000000000110000000000011000000000000010000000000000001000100011000010101010000000000000111010000001000100000000010010000000000011000000000100100001000110001010000000100000000000001000000000000110011001000000000
0000100001000101010100010001001000000000010001001001000000000000000000001001001000000101011010000000000100100001001000000001000110001000010000111001000000000000000000010100000000000100000000000010100010000000100000000000000010010000000001000000000000
0100000000000000110000000000000110000100001100000010000000000000100000010110100010000010000001001101000100000000000000001100001000100000011101010000000000100110000000000100100000100001100000000000110100000000000001110000000000000000010010000000000000
0010010001000100001000110000000000011000001000000010000000000100000100010000000000000000000000001001000010001000100000001010110000001000100010000100000001000010010000000000100000000110011010100000100011000000100001000001000010000010000010001011000000
1000000010000011100100100010000000000001000101000101100000000100000000010000100010000000001110000000000010000000000000000100000011000010000010011100000000000001000000000001110000100100100010000000000000000001000001000000000000000000100100000000001001
0000000000000000000000000010011000110100000000000010000111000000111000000000100010001000000010110010000000000000000110000000000000001001000000000010000101000000001000000010000000000000000001000000000001010000000000000010010010000001010010000000110001
0101100100000011100000010000000000000000000011100000101100000010000010000000010000100000010001000001000000001000000000000000010000000100000100001000000100000000101100011000001000000100000010000010000001101000000000100010000000000000000000000010010100
0000000110001000010001000110001000000010000000000010000100000000000011000000001000001000000001010000000100000000000000001010000010000000000000010100000000000000000000000010010000100101000000010000000100011010110001010000100000000000000010100000010000
0000000000000000000000000001010000000000000000000100001000000001010000000000100101100110000000000000100000010000000100000001000100000000000000000000100011000000000000000000110001010100001100000100000000000000001001000000000001000000000000011000010010
1010000000001010000010000000001000010001000000010101000000000000000010000010000000001001000010000110000000000000000001100000100000000000000110000100000000100000000000001000000000001000001010000100001000000000100000000100000000000010000000100000000001
0000010000010011111100000000000010000000110000000101000000000000000000010000000000000000000001000000000000010100001000000000000101001000000000000000100000000001000001000000000000011001100000000000010010000001100100000000100000000000100000010100000000
0100000100010000010100000000000001000000000001010001001000000001000000010000000001010010010000000000000101000000000001010000010000000011001000000000000110001000010000000000100011000000000010000100000000101000000100001100000010010010000100000010010000
0100000010000000000101001000110000000000000000000010011000001000010000000010010100000000000000010000000000000000011000001000010001000011010110100010011100101000000000010010000001000000011100000000000100100100000000100001000001001001100000000000101000
0000001100100001000001110010000000100100000011000010010000010001100010000000000000110010000000000000010100001110100000000000010000110000000000000001000000000000000100000000000000000000000000000000001000001000101100000000000000000000000101000101001001
0010000000010100000001000100000000000011010100100000000000100110001000000000000000010101010000000010001110000100000010110000101110010011000010000000110100000000000000000000001000000001000110010001100001000000001000000000000000100000000000000000000000
0000001011110000000100011000010101001000000010000000000000100001000000100000001000001000000010101010001010010001000000001010000000010000000000000000000000100000000000000000001000100001000001001000000000000100000000000000010000000001000000000000000000
0000010001000001000100001010000000000011000000001010000100010000000100110000001000000001000010001000000100100000010010010010000100000100000000100000100100100110000100000001001010100000000000000100000010000000001000001001000100101000101001000001100001
0010000110000100000001000000100100000001000000010001100000000001001000000100000000001001000000110000000000001001000001100000000100000001000000100000010000001000000000000000001000000000000000000000000110000000100000000010100000010100001011100011000010
0000100000001010000000001000000000000100000001011000000100011000011000000000001000000001000000100000010100100000000000101010010000000001100000010000000001000000101000000100000100000000000000000000000000000100010000000000001000001001100010001100000100
0000010000000000100000000010000100000000011000000011000000000000000000100100001000000100110000010001000000000000000000010000000000110010110000000000000000000010010001000000000000000000000010100000010000110010000010000001000100000001000000000100001000
0001010000100010000000000000110000001000000000000000000000100000010000010011000100000000000000001000000000100000101000000001000000000000000010000000001000000000101000010000010000000001010010000010000110010001000001000011010100001000000000100000010000
0000000100000000001100010010100100000010000001000000010011010000100000000001000000000000000001000100000001000000000000110011000000000010000001000010000000011000011000000000000000000011000000000000100000000010100000000010100000010010001100010010100000
1000000000000000101100010000000101011101100000000101001000000001000000000000010000000000001100100000001000011000000000000000010001001100010010000001000000000000100000000010000100000011010000100000000000100110001001011010110110000100000000011001011010
1000010001000100000000100000001000000000100000001010001010000000100000100000100000000101000000100001000000000010000000000001000000000000000010110000100000010000010000011000000000000010100000001000010000010001101000000000000000000100000000000000101000
0001100000000000000001000010001000000000100010100000010001000000001000001000000011000010110000000000010010011010000000101100000000000000000010101000000000000100100001111000000100000001010010000000110000100000100000100100001100000000010000100010011000
0000000010000000010001000100000010100000101000000000010000010000000000000001001000100000000000000100001000001000100001100000000110000001000000001100001000000001000100000000000000001000000101000000000000000000001000001100100001100011010110010101000000
1001000000000000000001010000000000000000000001000100010010000000000000000000000000000000100000100000000000000000000000100100010101000000000001100000000000000000010000000000010010000010001001000010000000000000010000000001100000000000000001010000001010
1000000000000011001011100100001100000000000000000000000100010100000000000001100000000000010000100000001000100100001000000010010100000000011000010101000000000010100000001000000000001000000001000100000000001100100000000011010000000000000001001000000000
0000010000100000000000000010010010010110000000100000100000000000000000000010000010011100100000010000100000000010110000000010000100000000110000001000100000000100001000010000000000010100000000000000001000000110000110000010101100000010000001000000000101
0000000011000000100000000000000001000001000101000000000000001000010001100001000100000001000000101000010000000001000000000000000000000100100001100000000000000100010100000010100100000000000000001000001001000000000000010001100000000100010000100000000100
0000000101000000000000000000010000000000000000100100010010100001000000100010000110100000000101000001000100000100100100010001100000001100000000000000100000001000000101000000100000000000001001000011000011010000000000000100000000000000000000000000101001
0000000110000001000000000000000000100000100101010001000000000110100001000010000100100010100000001100000000000000000000010101001000000000000000111001001000001000000000001100100000001010000010000010001000001001000100010010000001000000000000000000000001
0001010001100010000000101101000100100001000010100100000000000010100110000000000011100000010000000001010000100011010001000000000100000000000000010100000000010000000000000000000000000000100001000000001011001000011100000000010000000010100011000000010000
0100010000100010000100000011000000011100000001100000000100010001101000000001000000000000001000000000000001000000000010000000000000000000000000000000001000000000000001000000000010000000001000010010000000000100000001001000101010000010000010010001000100
0000000000000000001000100000000010000100100000000000011000000000100000000100001100010000001001001000100001001000000000000100000001000001000000000000000000000000100000000010100010011010100000000001000000100000101001000000000011000000010000110000000000
0001000000001000001110000000000010001110000000000000000011010101000000000000010000010000010000000000000010000101000010000000100000000000100010000000010000000000001100110100000000100000000001010000000000000000001000000000000100000001100000000010000000
0000100000000000000010000000001100000000000010000000100000001100001000000100000000000010010010000010000000000100000010100100010000000000000000000000000000000000011000000000000000000000000001000010000000000000000000000100000001000000111100000001000000
0000000010000000000000000000000100000001011110000000000000000000000000100101000010100000000000000111100100000000100000000000010000001000001000010000010000000000100000001100010100000001100000000000101000001001100000000000001000000000110001000000100001
0011100100001101000000000000000010000100000100000001001000000100000010100000110000010000000000100100000000100000001010000000000000000000000010001000000001010000000010000000000001000000000000011001000000010011000001000000000110000000001001010011011000
1010010000001000000000100000000100010000010000010001001000110000000110000000000000001000000000000000100000000000010100000100011000010000001001001100000000000001000000010000000001100000000000000000101000100100000000000000000000100000000011000100000000
0000000000000001000010000010000011001000001000000001000010001000010010000000010100001000000100000000100011000000101001000100001000000000000000011000100000101001010110000100000100110100000000000000010000001000000010000010001010100010101000000000000000
1000010000000101001000000100001000000001001000001000000001000000000100110100000000000000000000000100001011100000000000000001000100000101000010000001010100010010000000000100000100000000010000010000100000000010001000000010001001000010010010001000010000
0000000000000000100000100010000000000100010000000000000000010100011000010000110000000001010001000000000010001000000110000100001000000010000010000000000000001001000001000010000000000000100010001000010000100000000001000000000000100000000000100000000000
1000100000001001010100000110100000000000000010110101000010010000000000000100000000000000000000000010000000000000010001000000000000000000001010010001000000000011000010001010000000010000010000000000101000101000000001000000001000000010000110010001000110
0000000000010000000100010001010000000000000100000011000100000010100010010011000000001011000000000000000010001000000000000100000110000000000000001100000101000110000000000010110010000000000000010000000000000010010000000000010100000000100100000000000001
0001000000000000000110001000000000000100000010100000100000100100001110000000000001000000100000100010001000000010000000010000001000011000110011001001001000000000000001000110000001000000000000000001100100000010001000000100000000000001010010000000000000
0001000000001010000000000001100000000000101000100100000000000000010000010100000000100100000000000000100000000000000001000000101000100011010000010000000001000010000011000010001001010101100000000001011000100010000000000000000000000000010011010000010001
0010000000010000010000010000000000101100000000001000000001000100001000000000000000000000000011000000000000000011000010000000011000110000000000000000001000001010000000010001000010000001000001000010100000001100001000010101000110000000000100000000000000
0000000010101000010000000000010010001000100100100000000000000000000100000000000001000100001001010000000010000100000000000100000000000001000000000000010111100000100010101000001000011000000010000001000000001000010000000010000000010001000000000000100100
0110000000101000000000000000000000000100000000000000010001000000000000000011100001000000100000000010000000000000000000000000000000000100010000000000000000010100011000000010000001000011000000000000010001100000000000000000000000100000000010001000010000
0111001000010000001010100000000100000000001000000000000000000010000000000000000000100010000000001011010000100000001010000001110000000100000000010000011000000000000000000001001110000000000100000000000000010000001000010000000000001010000000010000000000
0000000101000001000000100100000000000000001000010000000000000000000110000000000011000000000000010000000010000001000010000000001000000010000000000001010001001000000000000001010000000010100000100000001000100000000010000100000001000110001010000000001000
1001000000100000100000100000000000000000000001000100010101100000001000011010000000100000010001000000000010000000100110000000000000110010000101000001000101001000000000100000000000000010000000000100000000001000010000110000001000000010000000000100000000
0000000000000010000111000000000000100000001000001010001000010000000001000000010000000000000100100010011000000000001000000000010001000000001001001000100010000100001000111001000100000000010000001000000000000000001100000001100100010100000000100000010000
1001010001000000000100010000000010000010000000010000010000010101001100010000010001000000011000000011000000101000000001000000001000010010000010000000001000010101000000100000000000010100100000000000000010000000100001000000100000010000001010000011110100
0000100011001000000000000000001000000001000010010000000110000000010000001000100000000100000010010000000100101000000000100110000000001000010000010010000000010001000000000000010010010100000000000001000000001010000000000000001100001000101000011000000000
0000000010100000110100000100010001000000100000001100100000010010100000000010000000000000000001100000100000010000010010010010100000100001100000100000100000100000000101001000010000000000010000000001000110000011001000001100000010001000110000100000000000
1010000000001000001000000000000010000100000000100100000000001000100000000000000110000100000100000010000001000000010000000000000100011011011100000011100000001100000000001101001100010100010101000000101001010000100010000100100000000011000000000000000000
0001100000001100000000001000000000101010000000000000000000000001000010010000000000001000000100100001100100000000000000000000000000000000000101000000100000000010001001000000000000001000010111000100000001000001000000000001000000101000000000000001010000
0000001000000000000000000010001000000000000000010001001000000000010000010101000010000110000000000000100000000000000000000010001100010000000001000100000100000000101000000000000000000000000100000010000000000000010011000110011000000000000010000001010000
0100010011000001000000000000001000010100000001000100110000100000000000000001001010000000100000000100010000000000101000010001000001001000010111000000100110001000000000011010000000010000000000110000010000001110010110001001000000010000010000000000001000
0000100000100000100011001010001000100000000010000000100000000001001000000000101000000000000000000000001000000001001000100000000000000001000001000010000110000010100000000010000000101010100000100010000001001001000000001100000000000000000000000000001000
0000000000000000000110010101000000000010000101010000000000000110001000000101010000101000000001000000000000100000000000000100100010000101000100000110010000010001000001100000000000010010011001000000100010100001001100000010000000010000000010000000000000
0000000000000101000001101000011001000001000100000000000100000001000000000000000000000001011100000000001010000000000100000100001000100001000011100000101000101000011000100100000000010000000000101000101110000101000011000000010000000000010000000000100000
0000001010010110010100010000010000000100000001010010000000010001010001010010000000000100011010100000010000000010100000000000011100000100010000010000000000000001011000000000010100100000001000000000000001100000100010011101000000000000000010000100001000
0000101000000001000000001010100000100010001000011010100010010101000000100100010001000000011000100000000000000000000100000100000000010110000000000000100010000000000000000000001100000101000100010110000000010001000010110000000101001011000010000000000010
0000100100001110010000000000000000000001001000000001000000001000000000000000100000110000100101010000000100000000001010000000000000000100000000000000010000001000000000001100000100000000000101010000000000000000000000000000000000000100000001000011000100
0100100010000000001001000010000100000000000000010100000100000000000011010000000011100010000000000000000000100000000010000001000000001001000010001000000000000010000000100001000100000100111000000100000000000010000101001010100000100000010110000100100000
0100000001001000001000000000000000000000000001000000000001100001000000000000000000000000101000000000000000000000001010000000000000100000000010010000000011100010001001111001000100100010001000000000000000000010000101000110000001011110000000000000100000
1000000000100000000000000010000010010010110000011001000100000000100000000000000000000011000011000100000000000110110000000000100001000000100001101000000000000000000011001001000000010100100010000010001100010000100000000010000000010100001000000111001001
0100000000000000000000010010100000000010001000000000000010001100000000000000000010100110001000100100000000010000000001000110000000000101000010010000001000000000100000011110000000100000000000000001110000000101001000000010010000010000001010000000000001
0000000000000010100001010000000000100011000000000000000010000000000001010000000000000000000000000001000010010100001000000001000010000000101000001101100001000000100000000000000000101000000100000000110001000000000100000000100011000000000001000000011100
0000010000010010010100000000000010100000000000000000010011010000000000000010100000100000000000100000000000011101000000101000010000011000010000000000110100000010001000001100000000000011000101000010000000010000010100000001101000001011000000000101010000
0000100000100010000000000000000000000100010000000000001000000010010110001000010000100000100000100000100000010000100101011100000000100000000000000000000101001001000100010000010100000001001100000010000000000100100000011000100010100000100000000010000000
0000000000001010010100000000001000100000000101010000001000001000000000100000000000001100000100001000001100000000000000000010000001000011001100001100000000000000000000000000001000000000000000011010000100000000110000001001000000000100000000111000000000
1000010000101000010000101000010000100100000010101010110000000000001010001010000010001000010000000000000010010010001010000010101000000000000000010000001000110101110100101000000110000000000000001001000000011000000000010000000000000000001000000000000000
0001000001000110000001010010010000001000000110000000000000000010001000001000000001100000000000101001000100001000000110010001000010000100000010000000100100000010110000010100000001000000000000010000010000000000100000100000100000000000010000000000100011
0000000001000000000000010000000010000000100001001010000000001000001000010000010000010100001000000000100000001110000010001000100000010000000000100010100011101000011011000000000000000000000000010001001000011000000101010101001000000001000010001100010000
0000000000000010000100010000000100000000000000010000000000100100100000000000000000000000000000000000000100010000100010011100010000001000000000010000001100100011000001000010000000000010000000000000000000000001000000010010100110101011000010000000010010
0000000000010000000000101010000000000100001011000000101001001000000000010100001100001110000000001001000101000011000000000011000110001000000000000000000010010000010001100000000001000000011000000000000000000110100100100000000000000000001001000000000001
0000000000010000010100100000100010000000000000100000001000000000100000000000100000100100000000001001010100000110000000000011010001100000011000000010000010100000000000100000010100001100000100000000000001000110000000000000000000001100100000110000000100
0001011011000000011000000000000000101001000000100000000000100001000001000100000100010100001010011001010000010000000000010000000000010000000000000011100000000000100000110000000101000100010000100111000000000001000101000000001000000000000111011000000000
0000100001100000000010000001010000100000100000110010000100001100000000010001000001000010010010000000000010101000000000000001000000010000000000000001010000000011000000000000000100000100100110000010001001000010000000101001000001000000100000000000000000
0000100000000000100000000000000000000001100000100000000000101000001000100100101010000101000000111101000000000100000000100000001010001000100000001100000000000001010000000000000000000000000000000001000000000010000100000000000000001010000100000000000000
0000000001001000000000010000000000010100010000001010000001001000000010010000100010100000001000000000000100000000010001000000000000000100000101000000000100010101000000011000100000000101000000000001000010000000000000000100000000000000000100001000000001
1011000000001000100010000110000001100000100010100001000000001000100000000001000011000000101000000001000000000000000000000001000001000110000000000010000100000100010000000100110000010001000000000001000001000000011100000000100001000000000000110000000000
0010010000001000000000000111010001010000000000000001000000100010100000000000000000010000000000000001100001000000001100000000000011000100100010000001000000011001001000000010000100001001000000010000100000000010000000000000100000000000110000000000000010
0000000000000100010000000000101000001000001110000000000100010100010010010000101010001000000000000001001100011010000010000000000010000000001000000000010000000010100000000010000000100000000000000000001000001000001000101010101001010001000000000000000001
0101000000100000110000000000000001000011001000000000000000000000000010110000000000000100000000000000001000000000100001000001000000000110000000000000000001110000000000001001100000101000000000000000000001100000000000000000000010000010000001000001100100
0010000000000000001000000001010000000000001011011010000000000000000000000000100000000100010010000001110001000001000011001001000000000000101000000000000000000100100000100000000000000000000001010010010001000001000000000010101000000000100000000010000000
0000010010001101000011000000001100010001011001000000000000000101000000010001000100000000000000000100000010000000000001000101000010010000000010010001000010000000000000000001000100100000100000000111100000000110000000010000000100000000000000000000001000
0000000100000000110000000000110000000010000010000000000100001000000000001000000000011000000100010000000100000100000000000001000000100000010010001000000000000000100001100010000000000000100010010001010000001000000010100001011000000000001000001000000100
0010001010000000001001000000000000110001000000000000000000000000000000100000010000010000100000001101001000000001000000000001000000000100100000000100001000000000010000010000100001000001000000111000000011000000110000100000000000000000000000000000010000
0000000010000000001001000110000010010000001101000000101000000000100000001000110000001000000000010000000010100000000001000000001001000010000000001011000000000000100000010000010000000010000001110000000000000110000000010010000000100000000101000100010000
0000000000010000010100000000100000000000000000000001000110010001000010100101000000000000000000000000001000000000010001000100000010000000000000101000010100000000000000100000000000010000001000000001000000000000000000001000000010110000000010001000001001
0000001000000101001010000000000001101100000000000000000010010000000000000110110100100010000000000000000010001000010000001000000010100000010000000000000000000000000100010010000000000000000000000010001010011000000000000110000100100100000000000000000000
1000000000001000000000011000000010000000000000100000000000011010100000000000000100000011000000100000011010000000000010000000010000010000010000000001000000100001000100000001110000000100101000000000000000000010001000000000001000000001000000000000000010
0001000000000010000000001001000000101100010000000000001010000000000000000010000000011001000001110000101100100000000000100000000010010000000000100000000110000000000001000000011000000000001000000000000000000000001000001000000100001100010000000101000000
0000000000000000000100100000100011000000010000100000000100011100000000000000100000110000001000010101000000100000001000100100000000000000000000001100001000000000000000010000000001100000001000011000000000000000100000000000000000000001000000000010000000
0000000000000011000000001000000100100001000000011010000100000000010000001010000100000100000000000110100000001001110000010000010010000100000000001000000000100010000010101001000010000000001000101110101000010000000000010001000000010000010001000000000000
0001000000100000000000001000100010000001000000000000000101000100000010000000000000000100000000000000011010000000000001001101001100000000000000000001101001100011000010001000001000000000010000000010000000000001000000000000000000010000000000100000001000
1010001000100000110001000000010001000000000000001110000000010010110000100000100000010001000000001011010000101000000001100010000000001000001001000000000100000000100101110100000000001000000000000001000010000101000001010000010100000110010000000000110010
0000010010000000000000100000001001000000000000111001000100000000000000011000000001010000000001100000000110000000100000001000000000100100000100010001000100100000010000000010100000001010000000000000001010000000000000000100000010000010010111000000100000
0010000000000000100010100100011000100000000010000000000000000010010000000010010000010000001110001010010000000000000001000100010001001001100000000100001000110100110000010100001000000110000010000000000001101000000010100100101000000010101000000000000010
0000100000000101000000001010101000100000000000000000000000000000001100100000000000000000101001100100010000001000000000001100110100100000001010000000010000100100100000000100010000000110000011000011010001001000000100100000001000000100100101100000101000
0000100000100000000000101000000000001000000101001101000100100001100100010000000000100000000000101110011000000000100000110000000000000100000000000100000010101000000000100000001100100101000000000010000000000000011110010000000000000000010010000000000000
0000011000000001100100000000000000100000000010000001000011000000100000101000000000111000000000010000010000000100100001010000011001100000010000000000000110001000000000010100000000100000000000000001000100100000000100000000000000000000000000000000000100
0000000000000001100000010000000001000000011000110010000000010000000010001010001000000010000000000001000000000000010010001000100100000100010000000110000000000011001000000000100000011000110000001000100000110001000000010000010000001000000000000101000111
0000101000000100100000000000010010110000000000000000000000110100001000000000001000000010000001000101000010100100000000010000000000000001110000110100100000000100110000000010111000000101001100010000000000001000010000000010000010000100000000000000100000
1000000000000000010000001001000000000000001000000000010000100000000001000001100000000100000000000001000100001000001000000100000000000101000000000010100000000000000010000000100000000100010010000001000100000010001111000010010010010000100100001000000001
0110000000100000100000000001000001001010001000010100000000000000001000000000000000000010001011000000001000001000100000000110000000000001000000000000000001001000100000100000000000000000001101100100000000100000000000000000100000000000000000101000000000
0000100000000000011100000000000001001010000000100100000001000000011010000000000000000000000010010100010000100000010000000000010000000000000011000000010001000000000000000000001010000010001000000000000000000001000000010100000000001000100001000000000000
0000000111100000000001000010000100000100100000100000001010000000000000000110000000100000000100000000000000001010010000000000000000010100000100000000010000000000101010000100100000000000100100000110000100000000100000000000110000000100000100100000000000
0100001000000000000001100010000000000000000000010000000000000000000000000001000000000000100000100000100001000010001100000100001000100010101000111000000100000100001000000000000101000100000000100001100100000000011101000100000000000000000000101000000000
0000010101000100110001000100001001010000000000011000000010001001010010000000000101000000100100000000100101011000000000000011010000001000000000000000001011000000000000000000000111000010000000011000010000000000000000000000001000000000000010001001100000
0000100000001000001001000100000000100000000000000000001000000000000110000100000110000100010010101100000000000100100011011100000100000010100000101000010001000000001000000010101100000110000000000011000000000000000000000000000001000010000100000000000010
0000000100000100000000000100000100001000000010000000000010010000000010010010110000010000000000001000100001010000000000000001000100000000000000000000010000000101000000000010100010000000000000000000001000110000001001011000010000000110000000000000100000
0000000100000000000010000001000100001110000000101000100000001001100000100000100000000000001000000100000000010000100010000000000000000000000010000000000000000110000000000100001000000000000000100000000000010100000000000000000000000011000000000010001011
0000100000011010000001000000000001000000000010000001001000100000000011000000000000110000100000000100000100001000000000001000000001000100000001000001000000000001000111000000010100000000000000100100110000000110001001000000000000001000000010000001000101
0000100000000001101100000000000011011000000010000000000000010011001000000001000000000100010010010001011000000000000100000000000100100000000000110000000000000011000000011000000111010010000000000000000101000000100000000000000001000000000011100001100000
0010001000000100000000100001000000000010000100000000010000000100000000000000100100000000010001000000000000001000000000000001000001000000001000000001100000100010000000000010000000010000000010100000000010000000000000000000100110000000100001110110000100
0000000000000000000000000000000000000010001000111000101000000000001000000100000000000001000000001000000000000110000000000000100010010100100000110000000001000101001000000000000000000000100011010000000001000001000000000000000000001110101000100011000000
0100101000000000000010010000100000010000001001000100000000000100001000001000010001001010000010000000001001000010000100000000000001101010000100000001000000000000000010000110001000010000001000000100000000011001000000000010000010000000101000010000001010
0011011000000010000010010001010000000100000000001001000000011000000000001000000000000010001000010000000010000100000100010100000000000000000000000001101000000010000000100010010110000000100000000000000001010000000000001000100000100000000000000000000001
0001100000010100000000100000000000000010010000101011000010000001000000000000000000000100110000100000000010000000001001000000000000100000100000000000000000010000101000000010010000000010000010000000100000001100010000000010010100001100000000000010001011
0011110001001001000000101001000110000010100000000100000000100000001000000100000001010100000000100000000100000111100100000000100000010100100000001001001100000100100001011000100000000000000000010110000000000000000000000101001001000100000000100010000000
0000010010000000100000010000000000000000010000100000000001000000000010000000000001010000000000000000001001000000010100000000000001001000100001101010000001010000101000000000000010000100000000000000000010000001001000001000000000011000000000100000000000
0000000001000000000001000000010001000100001000000000000110000000000000000110000010000001010000000000100000100000000010000000000000000110010010100000100000100100001100001000001100000000000000110000010000000000000000010000010001000010001000000011010001
0000010000000110000000001000000000000000000000000010001000000100000000000000000000000100000001000001100000000000000001000000000010000000110000000010001000000000101100001000010000100000000001000000100010010000010000000001000000000010000010000001000000
0001000000000000010110000010000000000000100000010000000000000000001001010000000000010000000010000000000000000000001000111000000000000000000000100100000100000000010100100000010000001000001001100001010000000000001010000000010000000000000000000000000000
1000010000000000000000000000000000000000000000000010001001000000000110000110000001010000000000001000000000000000000000000000100000001000000000001001011000000101000100000000000000100000000010000000000100000001000100010000000000000000000000000000000000
0000011000010000000000001110000000110110000010000000000000011000000000000000010000100000010000000000000100000000000000000000010000100000010100001011001001000100000000000000100100000001001000000000000000110000000100000010001000000000000010011000000101
0100101010001000000000101000000000000010000101000001010000011000000010000000000000010100000101000001000101001000010000000000000001010001011000001010100000001000100000100101000100000101100001101001000000000001000010000000001001000100100000001010000000
0000000000000010100100000000000000000010100100011000000010000000010000000000000000100000000000000001000100000001000000010100010000000000000000000000000000010000000010000000000100000000101000000000001000101000000001000000000001000001100010100001000100
0101000100000000000000000000000000000000001000000000110010000000100000000000010000010000010010010000010100001010001000101100000000100000000000000001001000001000001000000000000000010010000000000000000100000001000000000001000000010000000000011000000000
0110000000010000011000000011001001000000000000000000000000010000000000000001010001000100000000000000100000000001100001000000000000000100000000000010000000000100001100111000000010000010000111010010000000010110000010000100000000000000000000000000000000
0101000010000001000100010000000001010100001001011000101010100000000101000010010000000001011000000000001000000000000010100000000000001000000001000000000001110011000000000000111100101100010001001000001100000000000100000000000010000001000000000000000001
0000000001000000000000000000101000000001100001000000000000000001000000001000000001010010001100001000000001000000010010000000000000000010000000010000100000000110000100000000000000100000000000000010000000110000001000000000001000000000000000000000000000
0000000100011000000101000001000000010001000000000000000101000000010001000000101000000000000000000000110000100001001000000010000010000100100010000010000000000000011110000000000001000000001000000001000101001100100000000011000000000010000100101010000010
0001000100000000000000010001000000101000000000000000000000000010000010000000010010001001000000100100000010000001000000001001000001100100110000010010010001000000100000110000010000000000000010000001000000000000010010110000000010101000000010000001001100
0000100000000000001010100000000010010001000000000110100101000000000100000000110000000000000000000000100000010000100000100000000100010010100000110010001100001000110000000000000000011000000000000010000000000111000001001000000100001000100000000001000100
0001000100000000000001000001000011000100000010010010100011000000010000000011000000001100000000000000000001000000000100000001000000001000010000000000100010000001010000000010000001000100000100000000101000000000000000010000000000100101011100000000000000
0000110000000000000010000000000000000000000000000000101000000110000101000000010000100100000001000100000101000001100000010001000000000100001000100001000100000001000000000001010010000000000000000010100100001000000000000000000011000100000001011110001000
0100000010100000000001000001000000000011010000000101000000011000000000000000010000000000111010000100000000110001000000010010000000000000000100000010000000000100000010000000100100000000010010011000001000100000001010001000101100000000000010000001000001
0000000000001000010100100001000001000010000100000000010001000100000000001000000010011000000000011000010000000000110000010100000000000000000010000100010110000000000001000000000000000000000000000100010000100110000000100000000101000000100000000000010000
0000000000000101100000001100000000000000111000001100000000000010100000000100000010000010000000000000000100010100000000001000101000001000100000100010110000000000000000000000001000000010010001100000111000000000000000000000000010000101010000000000000000
0000100000011010001000000101001001000000000001010000000000001000000100000000000001000001011000000000010000000000100000001000000000000000000010000000000000000001000100010000000001000100100000000101000011000100000000000000000000101000010001000000000100
0000001000110000100100000000011000101000000001000111000111000001100000000101000000000000000100000010001000000000000000100010000000001000000000010000000000100100000110001000000000100000000000000000000000000010000000000000000000000000000000101011010010
0000100000001100000000000010000000100000000000000001110000001000100001001000000010100000001010000000010000000100010000010000110000000011000100000100100000000100100001001100000100001100001001000000110011010010101100000000000010100000000011001001000001
1000001100100000000000000010000001100010000000000010000000010001010101000000000000000100010000000010000100000110000010001010000000000000000011000000010000000000000000110000000000000110000000000000000000000010000000110110000100000010000000101000001000
1100000000001001000100000010110000000010001000000011100000000011010000000000000000101001000000100000000011000000100000000000000110010001000000001010000001100000000001000010000001110100100100000100000010001000010000001000000000000100001001000000000000
0000000010001100000100000000000000010000001000010000000001001000000000010000000100000000010001000100000000000000000110011000000011001010010100000000000010010001000000000000011000000000000000010000000000000010110010001000000000000000000000000011000000
10 104
231 13
