250 250
1000001101100110100100101110010000000000000000000000101010001000100000000000000010001110000010010000000101000001001000000000000000000000000000001000100100110010110010010000000000011000000001000000001001000001000000000010000000110001000000000100000000
0000111100100100000000000000000000100100000111010110000000000000000101000000000100010000000010010010000000000001000001000000000010100100100000100000100000100000010000001000100000000100000000000100100000000001000000000000000000001100000010000101100000
0000000000000000000010010010000010000100001000000000000010100000100010000000000001000100000000000000000000000011011010011000010000000001000001000010100000000000010000010000010100000010100100000000011000001000000100100000100000010001000101000000000000
0000001110110100001000000000010001100000000000100010000000101000000011001001000100000000000000000011000101000000000000000010000000000000001000000100000000010000100000000010000001011000000000000100000000100000000010100001100011101000000110100001100000
0010000000100001001001010000000000011000000000100010000100100000000110101001000000000000000000000000001101000000000001000001011001000000000000000000000000001000100000010100000110000010000000000000100000000000100000011001001000000010010001100000000000
0000010100011100000000101010010010000100100010100010000010000000100101000000110000000100000010000001000000010000001000000000101101000100010000000000001010000000000000000000000000000000100001000000000000000000100000000000000100010100010000100000000000
0100000000010010000000000000000000000100100010100010000001000010001010000000000000011000000000100011000000000000000100000000000000100000000000000000100000000000100010000000000000000000000010000000010000000010001100000110100000000001000000001010001000
1000000001000100000001001000100000100011101000000000100000000010100000010000011000101000000000000000000000100000000010000101000000001000100100000100100000101000000000010000010001100001001101000001000000010000000000001001000000100000000110111010000101
0000000000000100001001001000001000000000000001100000000000100001100000000010000000000000001100100010001100001100001000000100010000001010000000000001000000001010010111000010001000000000001000001110000000110000000000100000100000000000000101000001000011
0000000000101000000000000000000000000000000101100001100000001000000000011000010000000001001000000000000000000000100000101110000100000000001000010000000000000001001011000000100000010100010110000000000010011000011100000000100000001000100000001000100011
1000101000000000000100000000100000100001000000000000000010010010011000000001100000101000010101000000101001000001100001000011000101000000010000100000010001010000000000000010000001000000001000100000000111001001000001000000100100001100001100001000000100
1100100000010000100000000000000000001000100000000001100001000000010000000000100000000000001010000000000000110000000100100000000000010000000000100000000100100000000000100010000001000000110110000000100001000010000100001010000010001000000001010000010010
0000000000000000000000000000000000000000001000000000001000001000000001100000100000000000000000000110001000000010010000000100000000000001101010000000000001000100001000100000000001001010010000000001000101000011001101010000001000101100011001000000000000
0000000010001000100001000000000000010000100000000000000000100100010000000000010000000000000000000000000110000000000001000100000000000000000010000010000001010000000010110000101000100000001000001000111001001000100010010000010000100000010001000000000000
1000001000000010000101000000000000100010000100010000000000000010000100000000000000001001001000010100101100100000010010000100100100000000000000001000000000000000000001010000000000001000100001000000010100000100000000001001001000010000000000010000000000
0000001100000000001000000100000000100000010000100001000000100100000001000000000000001010001000001010000000000010000000110100111000000010000011000100001000000000000001001000010001000000001000010010000000000000010100010010001000000010000000010000000001
0000101000000000001000010001000101111000000000010001001011000000000001010010010000010100000000000100010010000010000001000000011010000000100000000000000000000010000000000000100001000000000110000001010000000000100000000100000000000011000000010000001100
1000000000011000000000000100000100100010101000000101010000000000010000100010001010100000000001001100100000110000000000000110100000000010000101000000000100001000000000100011000100100000001000000110010000000101000000101000000010010000000010000001001000
0000000010000000001001110010000000000010010000010000000000000011000000001010011000000000100110000000000010000001000010000000100100000010000000100000101000000000001011001000000000110010000001001000110100000100000000101000010000000000010101000000000000
0000000010000000000000000000000010000001000001000001000010000000000110000000001000000000100000100000010100000001000000010001000100000000010000101001001000000000010000000110000100000100000000000110000000000100000000010000000000000100000100000100100000
0000000000000000000000000000000000000100010000001001000001000010100100000000110000100000000000000000000110000000000001100000000000000000000000000000000000100001000000010000010100000000110000000000001000000000010000010001001000001000100000000000000110
1100111001000000010010110000001000100000001100100000001000000000100010100000000100011000000010000011000010000100000100100000000000010000000000100000011000010011110000000100000000000100011001000001001000000100000000000000100101000000001001001000010000
1010000101100000000011100000000001000100010100000001000001001000001001100000000000000100000000000000000010000000001000000000100001000000001000000000000000000000000000000000000000010000001000000000000000001000101000000000000000000001000000000100010000
0000010011000000001110000000000000010000100000000100000000000010110010000001010100000000000001000001100100100010000000000000000010000010000100000000000000000000010100000010000010001000000010101011100000000000100100010000000100000000000000100000000000
0001001000010000100000001001010100100001000101101100100000000000000000100000011000000000100100000100001010000010000000100010000001000000000000100000000010011000100000010100000100000000000001001000000100101000000000000000011000000100000000000000000000
0000110100000000100000100000001000000000000010000000000010000000000010000000011000010000000000000100000000001010000110110010001000000000000000000100000000000000000010011100000001000000000000010000000001101010000000010000000000100010100001000000100000
1000000100010010000000100001000110100000000000000000100010010010001001100000100000000000000000001010000010011000000100010000000000001001100011001000100000001000001000001000000000000000100100000010000000100010011000001000000000100000000010000000111000
1001000000000100000101001000001000000000000001100000000000001011001000010000000100010000100100000001000100001010010000000001001000000000100000110101011100000000000000000100100000000001100000000000000000000100001000110001000010000000000000000000000000
1000000000001011010010000001000010100100000000010000100100100000000110010010010110000010000000000000000100000000100000000001010010000101001000010001000010100000000001010000100000000000000100000000000100100000110000100100000100011010000000000000000011
0100000000000010010101000000000000000000000100000001000010000001000000000000100100000001011001000000001000000000010000100000000000000010000000000000010011001001000000000000000011000000000010000010000000000100000000000000001000000000000000000000100010
1000000100000000000010011000000100000000001000000010000001100000010010000100001110011010000101000001000000000000000000100000101000000010010001100000010011000001000000000001000000000000000000000010000011110000000000000000010010010010000000110000000000
0011000000000001001010000100000000000000000110000010000001001000000001000001000101000000000110000010100001000000001001001001000000001000000000000010000000010000100010000000000000010000001001000000000001100010000000001001010001000000000110001011001000
0000000110100011000000010001000000100010000000000000000101000110000000000000100000000000010000000000000000000100001001000000000010001000100000010001100000011000000011101001100100010001000000000000000000000000010000001000000000000000000000001000010000
0101000000011010010001000000000000000011010100000000100010011001110000010000100000001000110010100010001000100010000100000000000000011000010000001000010000000000000000001000000010100100000010000000001000000000010100000000110100010001100000000000000011
0000001100010010001010000000000000000100000000010100000000000000000010100000000000100000001010100100000011000001000001000000100100100000000000000000000000000000000001000000010000000000000001000000000000000010000110110001000000001000000100000001000001
0000110000000100010001000000000000000000001000000000000000000000000001001010000100000000000010001000100010100100110001010110010000000001010000000001000001100000000000000100000000000100000000000010100000001000000000100100001000101001000001000000000110
0000000000001000000000010010000000001100011001000001000001011000110000100000000000000001000000010000000000110000100010000001000001000100010001000101000000000000000000000000000010000001110001001000000100100000100010000000000100000000000100000001010000
0110000000010000001010000010000010000001000000000000100000000100100000100000010000010100000100101000000010000000010100010100000000010101000000001001100000010000000010000000000000100000001000000010100000001100001000000000000001010110000000100000000001
0000010000000000000000001001100000000010000000010000000000001110100100000001000010001101000010000000000000000001111000000010000000010000000001110110000000000000000000000000011001000010000000000000100000001001000000000010010000000000000000001000000000
1000000001000000010000000010000100000010000000000001010110100000000001000001010000100000000000000000000100001001001000000000010000010000100101000000010000001000000000000000000000000100000001000000100010110000001000010000000100001000001000100000000100
0011001000000000001000000000000010001011000000001000000011000100001000000000000101011010000101000001011000000000100000001000000000001101100010010000000000000010100001101000000000001000000000100000000101000000000000000001010001001000001001000101000000
0010000010001000000100000000000100000010001000000010000000000010000000100000100000000000000000000000000000100101000000000000001110000000000000100000010000000010001001000000001100011000000000000000001100000000010000000000001001000000010000000100000100
1000000000101101000001000000001100010100010000000100000001110101000000000000001000100010000100000000000000000001000001100000001100000000000011000000001000000010000000110000000000000000001110010000000100100000000000100010000010010000010001000000000001
1000000000010010000000100101110000000000000100010100000010000100000000000000110000000001000000110010000101000000100000000100010000000000001001001000010100000000100010000000000000001100110000010100000100110000000000000001000000110000000000100100000010
0000000000000010100000000010000000000000000010101000011001010000100001000000000100100000000010100001000000000010000110100000110010010000001000100000010110000100000000000100010000001000000000100000000000000000000100000000000000010001000000000010001000
0001000000001000100000000000100000000001000000100100011000000000100001000010000111000000000000001000000000100001000000110000000000000000100000100000000000000000001000101000100101000000001000100100100110000100011001001010000100000000101000000011000000
0000000000100100000000100000010000000010000000010011000000000000110000000000000000000010001000000000000000000001010010100001100000000100101000001000001010000000000000000000100000101000001000001000001110000110000000001000000000000000000000000001011000
0000000000000001000000000000000000010000001000000100010000100000010000000000000000000000000001000100000010000000000000001000000000000000000101000000000100010101000011100001000000000000000000010000000010001000000000000001000000000000000000000000100000
0000000001000001000000001000000100100000000000100000010000000100000000000000000101000000000000000000000000000010000000000000000000101000000000000000000000010000000000000000100000100011000010001110000000001001000010100000000000000100100000000000000000
0000100000000010000100010010000000110000111000000000000010100010000000000001001010000000001000100000100000001100001001010100010000000000101100100001010000000001001010000000000010000000000000000001100010100000000000000100110000000010001000001000100000
0000000000000000000000000100000000000100001000000000000000010001000000000000110001000001011000000000000001010010000101000000000001000010000000001001100000000000000010000001000000110101000000000000001000000000000000001100000000010000100000000000000000
1000000000000010010100000011000000000000000001100000000000000100100000001000000101000110000000000000000100000100001000000000000100000000000001000000010000000100000000010101001001001000000001010000000010001010110000000000000000000100000110000001000000
0100001000000000110100100000000000000000000000000001000000000000000000101000000100000011000000100000000100000000010000010010000000001000100000010010010100000000101000010000000101010010000010000000000000010000010000000000000000000010010000001000000000
1001001000100010001000000000000000000010000000010000110001100000100000001000010000000000011100000000100001000000000010100100000000001100100000000000100000000010000000000000000010000010000000000000001001000010000000000000001100010000001101100000000000
0100000010000100110100000000000010000100000000100000100010000000000000000000000000000000000000010000000000000000101000001000000001000000001000000001000100100000001000010000010000000000100000000000000000000000000000000000100000000001000000000000110000
0000000001000000000001000010000000100000001001000000000010000010000000010000000001010010000000000001000000000001000000000000001000001000000010000001100000000000001000001000001000011010001000000010111000100001000000000000100000000010000000000100001000
1000000000010100001000000000011001000000001010001000000000001000100000010000000110000000010000000000010110000100100100000010001001000000001000000001000100000010000000000001000000100000100000000000000000100000000010001000010000000000100100000000000000
0010000000100000000010001000010000000010100010000001000000000000000100000000010001000000001000101000000001000000000100000100011000011000010000000000010000010000000000100000000001001001000001000010000000000000001001000001000100001000000000000001001000
1010000001000010000000000000001001000000000001111000011010000010100000000000000000000000000100010010010000001010000000000001000100000000100000010000000001000000001000000000000100000110000100000000100111110000000100000000000000000001000100000000000100
0000100000000001000000000000001100000000001011001000001000000000000000000001000100000010000000101001110100101000101100000000000000010000001000000000001000001000000100000010001000001000010000000001010010000000000100000000000000000001010000001000000010
0000000101000000010000000000110100001000001000000100000000000000000000000100000010000000100001000100100100000001000000000000000001011000001000010000010000000000000000110000000101000000000010010000000000010000010010000000000000000001000000000000101001
0000000100000100000000000000000000000000000000000000001001000000000100000100001100011000010100010101000000000101000000000000000000000000000000100000000001000000000000000000000001000000000000000010000000011001000000000100000000011010011101010010000000
0000000110001000010100100000000000000000000000000000000010001000000000011001000000001000100000101000000010001001000000001000011000011000000000000010100100000010000010000000000000001001001000001000000000000001000010100010100000000000000010000000000001
0000000011100001000001000001000001001000000000000100000000001010000000000010001000101001000000101010000000001110000010010000101001000000100001010000011000101000000000000010000010000010010000001110010011110000000000010000100001000000000000001001000000
0001000000000000010001010000000000100100000101000000000000000000000000000000000001100010100000000000000010000000000100001000000000000000100001000100000000000000000001000000000010100010000000000001000001001000000000000000001000000010000000000010000000
1000100001000000010100000000000010101000001000000010000000100000000011000000100000010000000000000000000000011000010000000000010000000000001000000001000000000000000000010000010001000000000100000000000001000000000100110001010000000000100000001000000000
0100100000000010000000100000000011000000100000001000101100010000000100000010000000010000000001000000000001000100001000001000010000000100000000000000010101000001000100000001110000100010000000000100000001000000000000000000110100001000100001000001000110
1000000000000010001000100000010100100000100000000100000100000000100001000010000000001000001011000100000100001000000000000100001000000000100001010000000000100000000001000010001000100010001000000000000000001101000000010100000000010010001000000000010000
0000000010001000010000100001100010000000000000010001000000000000000000100100010001000000000100000001000010010000011000000001000000100000110001000000000000000000000000100101000001000000000100000000010000000100000010000100000000010000000000000000010000
0010000110000000000001011100000000001011010001101011000010100000000000100001000000001000010000000001000001000000000000101010011000100110001000000000000000010010010000000000001000001001000000000110010000000001100110001001000000000000000000011000000000
0010000000100000000000000000000010001000110010000000001000100010000000000010000101000000000100100101000010000000000000000010000000000000100010000100000100000010100000000001100001000000000100011100000101001100100010001000000001011100000000000010001001
0001100010000000000001010100001000000000100000000000000000000000000000010100000000001001000000001000000101000000000001000000000000000000000000000000010010000010010000001001111010100110000000000000000100001010001001000001000000100000010001000000000100
0000000000000000010000011000010110000000010010000000000000000100000000000001100000000010000000000000100010100100000000100000110000000000000000000000000010101010000000000000111011000000000010000000000001000000000000000100010100000000000001010000101010
0000010010001101000000000000001000010000000000000001110000110001000100000000000001010010010000000000000001000101000110000100000000011000000001010101001000000010100101001001000000000010000000001111100010000000001100000100010000000110000000110100001010
0001000101000000110000000000000001011001010000000110100000000010000010010010010000000100001100000100011000010000001101000111010000000001000000010000000100001000001010011000001001000000000010000010000000010001100000100000001001000000000000000000110100
1000000110100000000000000000000000000100000010001000100001000000000001000110010011010011000000000110110000000010000000000011110000000101000010000000000000100000000100000000000010100000000000000000001100000000000100000000001000001100010000000000100000
1001010001010100100000010000001010000000100110011000100000000000100000100000100000000000000100100001000100000001001000000010100101000000000001000000011000000000000000000000010000010010001000011001101000000000000001010000000000000000110000000110010110
0010000000010000001001000010000000000100000010100111000100110000000100100010000000010001011100100000000001000000100000000001000000011000000100011000100000010000000100000000100001001000000010000000000011000000100000100000000100100000000110001000000000
0000000100000000001100010011000010000000000000000000000000100000000100001110000000000000000010000100011110010100000000000000000000010010000000000000000001000000001000000100110000000100001010000010000000000100000001011000100001000000010000000010001010
0000101100100000001000000100000010000100010000000000000101000000000000010010110000000000000100000000001000010010010010000000000000011100001001000000000001000010010000000000000010000000000000000000000000000100000010000000010000000001000011000100010101
0001000000001000010100010100110010000010000010011000000000010000010000010000000000000110010000010000000000000000001000101000000100001000110100000001000000010000000000000001000010010000000000000000000010000000000100000000000000100000000011001011000000
0000000000000001000001000000000101000000000110000000000000000000000000000100001010010100110010000000001000001101010000110011100000110000000000001010000000000000000001000011010100001001000000000000010110100001000000000000000000100000011010000000001000
0001000000000011100110000001000000000000101000000000000001000000101000000000010000000100000000001000000000001000000100000000000001000000000000000000000011001000000000001000001000000000000010101001010001000000000000001000110000000000110110000000000000
0000100000000010000000100100000000000100010000010000010000100000010100100000000000000001000000001001000100100000001001000000000100100100000000100100010010001000100100000100010010100000000000000000000010000000100000000011000001010100000100000000101000
0000010000000000000100000000000101001000010011000000010000000000000001000000000000000000100000000100000100000001000000000001100001001010010000010001011010000001000000000000000000000010001000000000010000010010000000000010100000010000000000000001000010
0000000000100101000000101000000000000000001111100100000000000000000000100000010000010000000010000001000000000100001000000000010000000000000010000001000100010000000000000000000000000000000000000110000000100000000000000100000000010000100000000010010000
0000000000000100000000010000000001000000000100010001010000000000000000000000001000101001000000000100010000000000100001001000000000000000000000110001000000010100000000010010000100001000000000001001000000100000000001000000000100000000010000000000000000
0010000000000000000000001000110000100010000100010000001000010000000001100100000010000000001000010100000000101000000110010010000000100000010001010100000100000000000000000100000010000100000001000100000000001010011000000000100010000000001001000010000001
1100000010000000000010000010000000000000100000010000000100000000000010000000000000100000010100000000000000000000100001000000010000000000000000000000000000000000010010001000100100000000100000000100000100000000001000100000000000000000000010100100000000
0001100000000001000000000100001100010010100100010010110100100100000000000010100011100000100000100000100000001000100000000000000010010000100000000000111000001000000000000000001000000000000000001010000000100010000000000010000001000000001000000000010010
0000000001100100000000000100000001100010000001001000000000000010011000000111000001010000100000000101000000000000000100100100000000000000000000010000010101000010001010000000000000011001000000001000000000000001100011100010000000000001100000000011000000
0001000000001100110000010000000000000000000001000100000100100000000000101100010010010000001000000010000000000010000010001010010000000000000000000010000000000001010001000000000000000001000000010010000000000010110000100000001010011000001010000011100000
0101010100000010000000010000000001000000110100010101000100000001000100011001100000000000000000010000010010000000000001000100100100000000001000000000000000110000010000000000000000010010000100000000001010000000001000000010000000000001000000010000000110
0000100100100000010100000000011000010001000000000000001010001000000001000000001100000000000000000010100000000010000000101001100000010001001000000010001001000000000000000000000100000110000000100000000101000101000000000000000010001000100000010000000000
0000000000100000000000100001000100001000100000000000000000000000000000000101000000000001000000000000001010001000000000000000101000000000000010010100010100000011001001000100110000010010000011000001000010001000000001000000010000000000000010000000000000
0000000000000001000001000000000010100000001001000010000001000000000000000010000000001000000101000010000000100000000000000000001100010011000000000100000000000000000100001000000000001011110101010010000001001000000010000001000000000100100100110100000000
0001100100000000010100000000000000100000000000000001010010110000010011001000000010000010000000000000000010000000100000010000000000010000000000100000001000010001000000000000001010000000001000000100000000001000000000000000000001100000000100010000000000
1011100000000001000010000000000010000001000110000000000100000010101001001100000001000000010000000000000000000000000000000000100010000000000000001000000000010000010000100001000000011000000000000000000000000000000000001110000100000000000011000110100000
0000000000000000100000000000010000000000110000001100000001100100000000011110000100000000101000000000000001010000000010001001000001000000000001000000000100010100000100010000000001001000001000011000001000100110100010000000000000110001001000000000000100
1000001110101000101000010000000110100000001000011000000100000100000000001000000000000111000000001010010011010000000000000000000000000100100000100001000010001000000000000000000000100000001000000101000010000010000000000001100001001010000000000000000010
0000100000000000000000100000010001100000001000000000000001000010000000000100000001100001010000000000100010001000000100100000000000000000001000000010010011000110000000001001000001000000000100000000001110000000000000000010000001100100000000000000000000
0101000000000000100001001100110000010000100000011000000001110001000000000000000000000000000010000000000000000100000010000000000100100000000000000010000000100000000010110010000100001000000010000000110000100000000000000000000000000000010000100001000000
0000000010100001000000001010000000000100000000010000000000010000000000000001010100000000100011000100000001000010111000100100000100000010010000000101010000000000000100000000000001101101010000000001000000000000100000000000100000010010000000000010000000
0000000100000000010010000010000000000000000001000000001000000000000000011000000000111000000000011110010010100100110000000011000010000010001100010000100000011010000000001010000000100001000000100001000010000010000010000001000010110010100000001000011000
0001000001000000010110101010010000001000000010000011000000101000000010000100001100010000000000000000000000011110000001000000000000000001010010000000010000100010000000000000000000000100000101000000110001000000010000100011100000100001010001001000101110
0000000001000000000010100000000000000000101101010000000010000000010001000100100001000000001001000000000000000010000010011000100000000000000000000100101000000001001000100011000100000001000000000000110000000000000001000000010000000000000100000000000100
0000000100110100010010001000100011100000000100001000010000000000000010000010010001000000100000010000000011000000011100010000000110001000100000010000000100110001100000000000000010000000000101000000000000000000000000000000000000100010010000000000000000
0000001101000000000000100000000010100100000000000000000000010010000000010000000010010000100000000000100010010100010000001000010010000010000000000000010010000000000100001000000010000000000000110000100000000010000000000000001000000000000010001110000000
0100001101001000000001010000000001000000000000000000000100010001000000100000100000000001001010000100011000010000000000000000001000000010000001000010001101000100000010000100100000000000000100000010010001000100000000000000000100101000000000000001000000
0110100000000010110001100000000000100000010000000001000100000000010100000010000000100100010010001000000000000000001000110000000000010110000000010000001001000000000110000000101000000000000000000000010000001000000000110101000100101000000000000000000000
0000010100101100000011000000010000001101001000000000100001000100000000000000000000110100000001000000000000000000001001110000010001000001000001000010000000000000000010000011001000000100000110000000010000001000000010000000000000100000010000000101000000
0000000000000000100000000000000000100000010100001000000101000011000110000000101000100000000001110000000001010000000000000000100001000000010000000000010000001110010000000000000010001000000100000000000010100000000001000000000100100000000000100000000000
0000100000010100001000100000000000001000000011000000000000000000110000010100110011000010100000010000000000000000010101100000000000100000000000000010001000000100000100000000000100100100000101010000001000000010000001000000000110000000000010001000110000
0000000000010000001000001000100010000010010001001000111000000001001000011000101000010000000000000100010000001000010011000000000000010000101101000000000000000000000000100101000001000100001100001011100000000101000010100001000010010010010010000000000000
0100000000001000000000110101000010101000100000100000000000111000100011000001100000001001010000010000000001000111000000001110000000100100000010010000100000001000000000010000100000000000000100000000000000110001100100000000000001100000110000100101100000
0010000000010100010001010000000001010101000101100000111010000000000001000010000000000000000000000000100100101000000000000000000000100000010000000001000000000000010000100010110010001000000000000000000000100010000001000000000000100000000000000110100000
0100010100000000000000100000010110000000000001000000010001000100000000000000000000001001000110010000001000000001000110000010100000101100000000000100000000000000001010000000000000001000001000010000000000000001000001000000000000000000001100000000000010
0000000010000100000100000000010000000000000000000000000000000001000010100000000000100100100000010000000000000000000000000001000000000010100010000000010010000000001001000000001001000100000000000000100000000000000000000000010000000000001100000000010000
0001001001000000000000000110010001100000000000100000000000000000000010000000000001000110001001000000000000000000000111000000000100100100110000100000000000001000000000000000010000000101000000001000000000000000000011000001000001010010000000000100000001
0000001001000010000101000001000010000000000000000000100000000100000001000010000000000010100010100000000000000010000000000010000000001000000000001000000100000001000100001010000000000000010000001010010100000101010010000000000000000000101010000000000100
1101000000100010001000000100000010000101000001000100000100100100100110000110000000100000001000010000001000000010010010000000000010010000110000000011000001100000010000000000000000000001000000010000000010000000010000000000110000000010000000100110000000
0000101000000001000000100000000100000000000000000001000000100000010000000010000000000000000000000010000100000010001001000010000010000101000000000000000010000110000100000001000100000000000000110010010001001000000101000000000000000000110000100100001000
0000000000110101000001010010000011000100000000000110100010110100000001000010000000000010000100000000010000000000000000100010001000000001001101001011000000000000100001000000000000011000000111110000000001000000001000000001001001011000000010000000001000
1001010000000100001001000001000000000010000010010111000000000001010010000000000100000001000000000000000000000000100000000000000000000001000000000010000000010000000001010000000100000001000100000010001000000000000001001000000000001000101001110001000000
0000010001000000111000001100000000001000100000110000000000000101000100000000000110000000100000000000010000001010001000000000010001100000010100011000000010000000000000000000000100000011000000101010101001000000000100100001000001000101111010000110010100
0000100000000000000000010110000000111000000010011000010001001010100000000010000100000000000001101010000001000010000010000000000000000000100011001000000100001000100000000000000000000000000000001000000010000001011000000000010000000000010000000000010100
1010011100001000000000000010001000000000010000000000010000000001000011110000100000110000000010010000000000000100000000000000011010001000001000001010000000000001000000000101100000000000000001010100100010000010000000000100000000000001000010000000000000
0000001000000000000000110000000000100100001000000000001000000001000000000000000100000000000100010000000010001000100000010010000000010100000000000001000100000000000000000001000000001010010000000000000001000000000100011010001000010011000000100000000001
1000101010001000000000000000000000000000000100000101000000000001000010001011000001010001000000000000100000000100001000101000000100000000001000010000001000000000101010001000000000001000010000000000000000100000000010000000000000100000000001000100000000
0000000000000000000000100000010000000111000000000000100000000000000100000000010000010011001010000000100000000000000010100010000101000000000000000110100000000001000000100000000000000010010001000000110001100010000101000100000100000000000010100000100100
0000000000000001000101000000001000000101000000100000000000000001010100000000000000000000000001000011000000000110000011100000000000000000000000000000000100010000010000100000000100001000000001010000010000000000000000010011001000000001010000000100010000
0001010000000000011010100000100000000001000010000100000000000010110001111001010000000000000000010000000000010000000010000000110000001000000000011010001000010000000100001000111010000001000000010000000000000000000000010010000000100001000000001000000011
0100010000010010000001000001100000000000010000010001000011001000000000100001000100010010000000100000000010000100000100000100000000110000000000000010000010000100100001100110000010000000000000100000000000000000111000000000010011000000000000000000000000
1000000000000100001010110000000001000000001001100100000000000000100000000001001001010010000000000000000000000000000101100001000000000000010100000010000000000100000000000001010000110000010000010001000000011000000100001000001000010100100100000000101010
0010000000000110000010000000010010000001000000000000000001011100000000000001000000000010000000000000000100100000000001000000000000000000000100000001010001000010010000000000000000000000010000001000000001000000010000100101011000100000000000100000000000
1011000000100000000010000000000010000100100010001000011011000000000001000000000001000100100001000000010001010000000000000001000000000001010000001010000000000000000100100000000000001110000000000000001100100000000010000011000000000000100100010001100000
0000001000001000000000010000000010000000101110001000000010011000000000010101000001100010000000000000000000100000000100010100000000000000001000000000000101010100000000000100000000110000000000001000000000000001100000000000010010010000010001000000000010
0000001000110001000010001110000000100000100000000000000000111000000000000000100000000000001000000000010001001000000001010000000010100011100000000010011011010000100000000000001000001000000100010000000000100001000000000100000100000100010001000100110000
0000000100000000000010001010000000010000000100000010000001000000010000000000101000100010000000000000000100001000000000010000000000000110000000000000001000000000000000001000000001000000000100000000000000010000000000000010100000010000000000001000010000
0100000010000100000000100001000000000000000100000000000000100000010000000011100000000010000000100000000000001000000000001000000100100101000001000000100000000110010000000000001000000000000010010000000000000000000000100000000010011000000100000000000000
1000010110000100000000010000001000001000000010000000000000001000000000001000000001001000000010001010000100001100000000000000000000010001000010000000000010000101100000000100000000000100000001000011001011000000000100000010001000000000010000000100010000
1000000000001000000001000000000000000000000000100000001000000000000110000000100000000000000011100000100100000000011000000110000000000000010010010000100000001000110000000000010000100001000010000000000000010100000000000010000011101110011000001000010000
0000000000100110100000000010000000000001000000000000010000000001100000000100010000000000000000000000000100000000001001001100000000000100000000000000001000000000000000000000010000000000000000000000000100010000000000000000001000101001100100001000001000
0000000001010001010000010000001100101000000010000001000001001000010100101001100000100001000001000010000000101000101000000111010000000100000000001000000010000000001001000000000000100000000000000001000000000000000000010100000000001000000000000000000101
0000110000000001000010100010101000001100000000000010010000000000000000000000000110000000001001010000001010000011000000010000010100000010000000001000100000000010000100100000001000000000001000100010000000100110000010000001000011000000000000000100001001
0000001100010000100000100000000000000000110000000010100100000000001000010001000010000000000000101000000000000000000000000110000000000000001000010000000100000000000001010000000100000010100001101000000001000000000000000010000000001100100000101000001010
0000101000000100100000111000000100000001000010001000110010010000000010000000100111011000100000000000000000000010010100000100000000010000001000000000000000100000010010001000000000000000000100001010000100111000001000001000000110000000010000000000000000
0000000001010000101000000000000000000000100100000000000100010101100000000010000000010000000011000000010010000000100000100000000000000001000001000000110000011000100000000000000000100100110101000010100000000001000000000100110000000001000000010000000000
0010011100100000000001000110001000100010000011001010100000000110001110000100100000101001001000001000000000000000011010000110100000000000100000000000000000010000011101000000101000100000000000000010000010001000000000001000000000000001000000000100001000
0000000000000000000000100000000011000000000000000000000100000010000000000001000000000010001000010100000100000100000000110010000100000000000100000000000100100000000010000010010000001000000000010100101010100010000000000000000000100000010001000001000000
0010101010101000100010000000000010111001100000000000000000010000000000000000000000000000000000000010110000001010000000000010100000110000100000000000100011000000101001001100000000001100000000000000100110000000000000000000101000100000100100000001000000
0000000000000000000010001010000110000100100010000000010100000010100000000000101000010000100000100000011000000010000000001100000100000001001001000011100111000000000000000000000000000010010000001000100000000000000001000001000001111000001000010000000000
0010100100001000000000000000000001000100000000010000100010000011000000001000000000000001000000001010000000000000110000010000110000100100000000000000010000100000011010100000010000010000100000001001000000000000100101011000000001001000000000101000000000
0000000000110100000000000001000000100100010000001000010010000001000000000000010000000000000000100000001100010000000000001100010100001000000001000000000010111010001100000000001000110100000000000011010000000001010000001011000000010000000100010100000000
0001000000100110000010000000000000000010010001010001000000011100000000000000010000001000000010000000000000000010000010000000000001010001000000010000010001001000001000000000010000110100101000000000000001000000000100000110000000000100000000000000010000
1100100000010100000101000000000000000010000100000000000001000000000000100000000000000000000000000110000000000000001000000000000001001000000000010000110100000001101001000000001000010000000001001000000000000000000010110011010001000011000000000100010000
0110000001000000011100001000010000000000000000000000000000000100100000100000000100000100000000000000000000000010100110000000000010000011010100000000111000000000000000001111000111000000100100000000000000001000000000000000000110000000010000100000000000
0000000000000000001000001000100000000010000001010110000000000000100000010000000100001001000000110000000000000000110100000000000001010000000010000000000000000100000000000000100000000100000010001000000100001000000000000000000111000100000010100010100100
0011000000010000000000010000100000100010000110000000100010000001100110100000001000000010001000000110000001000100000001000010000000010100011000110000000010000000100000001010000000100000000010110000000000101100010011000100000001000000000001010000001100
1000000001000001101100100010000000000001001001000000000000100000000010001000010110100101000100010011000100000000000001000000000000000010000000000010000100001000110000000111000001100000000000000010000000000010000000100101000000010000000000000000000000
0000010110000000000000100000000000000100000010000000100000000110000000000100010000000100001010001000000000000000000000010000001000000000000000010000000000101001010000100000000000001001010100100001010011000100000001100000000000000000010010000000011000
1000000000000010001010000100101000000000000000010000000000000000000000000101000000010010000000000000000010100101000000010000100001000100000001000100000000000100000000000000011010001100000000101000010000000000000000000100010000100000001000000100001000
0010100001010000000011001001000101000010001010000101000100110011000000000000000000000010011000000101000000001001000000000010010011000000000000000010011000010100000000000000100010110000000000100000000100000001000000000010000000001010001000100000000000
0000010000001000000000000000000110000000010011000000001000000000111000100000000010000100110000100100011011000100000000000000000000000100000001000001100000000100000001000011010101000000000000010100000001000001001000100100000000101000000000010000000000
0000010000000000011000001100001010000000000100001000010000001000000100100000000010000100000011000100001010110000000000000000000101101000110000000010010010000000100010000110000000000110001010100100000000000000000010000000000001000000000101010000000001
0000100000000100101000000110000000000010000000010000000000001000000010001010100000000010000000000001000000010000000110110000000010000000000111000001100001000000011110000000000010010000001100001000010000100000000100011000100000000000000000001000000000
1000000000010010000100000000000001000010000010000010000000000001000100100000000001000000000000111000000100010001000100000000000000001001000000000000000110000000000000000000000100000000000001001000000010000101000100001000011000010000000110000010000000
0100000101000010000010010000010000000000001000010000000011000010000000000000000000000001000100110000000000000010010001001010000100001010000101011100000000101001000011000100011110001010000000001000000000000000100001010000010001000100000110001000000001
0000110000000000000000000100001000010100000000000010001011110000000000000000001000000010011001100000000111101000001000000100000100100000000000000011100000010000000000000010001010000110000000001000100010000000000000000000000000100000100000001000001000
0000100000001000000000000100100000000011000000001000000000000000010000000000100000000010000000010010000010100100000000000100000000100000000000000010000000000000000010101010010000000000001000001000000000000000010000000100110000000100010100101000000000
0100100000100000000010001100000000000000001000000000010100000000000000000000001100000000000000010010010000000100000000000000000000000010000100000000100000000100000000100010000010000000000100000000000000000001001000001000000001000000000100010000000100
0000001001100000100000000101010001010000000001001000000100000001000000000001010100000000000110000000000000000000100000000010000100000001100000000000000000010000011000000010000100000100000000000000000000000000011000000000000000000000101000010010000000
0000100001101010000000110000100000001000000000000000000001010100000000000000000000001000000110000000000000010000000000100010011100000001000000100100000001010000000000000110000000001000100000011000000000010001000010000001000000000000010000111001000000
0000000000001000101000000000100000100000000001000000000000001000000001000001100000000000000001000001100000010001000000010001000010000000000001001010001000011000001000000000010100000000001001000000000010100000010010000000000000000100000000000000000001
1000000110100000000001000000010100010100000100100100000000000001001000100010000000001000000010010000000100000000001110101100000000110010000000001000000100000110000000101000010010000101000000000000000001000001011000000010100001000001000100110010000000
1000000000000100000001000000100000010000000000010100100000000000000100000000000010000000000000101000001000000010001000010100000000100100000000111000000000001000100000011100000100000001000101000010000000001000101000000000001000110001000000010001000000
0100010000000100000010000000100000000001000000000100001100100000010000000000101010100000000000000010001010000000000000000000000000000001000000001010010001000000001001000000000100101000000001000110000110010110000000010000100100010000000000001101000100
0011100010000001000000000000000100100100011010000100011000000001100000000000010000100000010100100000000110001000001000000100000000100001110100100000100000000000000000000000100000100000000010100000001000000000000000010011100000100101110000011000000000
0000000000000000010000001011001000000000001000100000001010001000100010010100001000000000000000000011000000100100000000100001000000000100100010000000000000000000000000000000000000000000000000100000010000010010000100000000000001000001000000010000001100
0100000100110001001010010000000010000000100000001010000010000000000000000000000000000000000000000001000000000000010000000000001010000110010000000001000000001100000001001000000001110010010000000010111100101001000001000000010000100110000110000000110000
0000000100010101000000000011000001000010000010000010010000001000000000000100000000000000001010000000000000000000010010111000101000000000000100000100000010011010010000000100001000000100000001000000010001001000000000000000001000010000111101000000010001
0101000010110010000000010100101000010101010010000000000000000000010000010010000000011010000100001000000100100100000000000010110000000100000000000010100101000001000001000100000000000000100001010011101000000000000000100000000000000000000010000100000010
0001000100000000001001000001000010100010000000000000000000100000000000000000011110110000000000100001001000000000000000001000000010000110000010000100000000000000010001001000000000000100000000000000000000000000000010000110001001000001101000000010001010
0010001100010000110100000000010101010100000000001000100001000000000011000000000000000000000000000000000000000000111111000000000000100010000000011000000000000100000000010000000100000010000100000010000000010001000000010000110000000000000000000000100000
0000000010000000000000000100001000001000000000000000000100000000000100111000000101100011000000010000000000010000000000000000001101000000000000000101000110000000000011001010001001000100000000000001100001000000000000000000000000001000001000010000100000
1100000000000000001010000001101000000001000000000001000100000011001000000110000001101001000000001000001011100000000001000000000100110000000000000000000000000110100010000101000001100000000000000000000100000001010000000000001000010000010000101000000000
0001001000000000100000000000000000000000110000000101000000000100000000000000100000000010000010000010000100000000010000000000000000010001010100001000010001000000100000000100100001000110001001000100000000010000000000000100000000000000000110000000000010
0000100001001000000000000000001000000100000000000010001000000000100101000001000100000010000101000000000000010000000000000000000000000000001000000100000000000000000000010011001101000000010001000000101010001100000100110100000001000000000001100000001000
0000000000000000110100000100101000100000010000000100000000111000000001100100001001100000011001000000000001010000000110010000000000000000000010100010000000001000100111101000100000100000110000000101000100000000000001001010100010010000110000001000001000
0010110001000010000001100101000001110000000000000000001001000100000010101000000000001000000001000000100000000000001100000000000101000000000000000000000010000000000000000000001100000111000000000001000000000110010000000000011101000001010100001000000100
1000000100000110000000000000000000001000100000010000101101000010100000100000000011000000000000000011000001010000110001000000000000000010000001000100010100100000001101000000000000000001000000011101100100000000000000000100000010100000011000011000100010
0000101000000100100010000101000000000000000000000110100000000000010000000000010000000000100001001000000000000100010000001000110000001000010101000000100000000001000000010000100001000000000000011100010000000000001010000000010110000000000000100100100000
0011011000001000000001000001000001000010000001000010101000010100000000000000010000000000000000001101110100000010001000100000000100010000100000001000110000000000000010000000000100000001100000001010011100000000010000000001011000100010001000000000000000
0010000000010001000000001000000000010000000000000010000000001100100001000011000000000010100010000001000000100000000000100000000000101000000000000000100000000000000000000010010001100000010100000100000000000100000000000000000000000000000000000001000001
0000010101000000000010001001100000000000000111100000001010100000000000100101000100000001100000000000000010000001100000000000100001000000101000101000100010000000010000000001100010100000000001000000010000101000000000000000001010000001100100100100000000
1001000000100010100000000100011000000000100000010000010000000110001000010000100100100000000010000000001100001000000000010000000101100000000001000000100001000010110011000010000101010000100100100011000110010000000100100000000001000001011001001000000001
0100101100000100000000000010000000100100010010001000000001100000000010001001000000101000000000000001000000000000100000001000000000000010001001100010000001001100100010000100000000000000000010100000100110000100000100000000000000000001001000000000000000
0001001000000100000000001000000000011000000000000010000001000010000000000100001000000000000000000010000011000000000000100001000001110000000000001000000000000000100000000100000000110000010000100000000000000100000000000011000010010010000001010101000000
0000010001000001000000000101010000000000010001011010101010011001001010000001000100000000000011000000101100000000000000000001000001001100101100000010100000000000000000000000001100000000100000011000000100101000000000001011000000000010001100000001001000
0100101000000100000000001000100100000000000100100000100110000000001000000000010000010010010000101000000000100000101000000100000000010000101000000000000000000000000100001000001100000000000000000000000010000100000000000000000000010000000001000001000000
0000000000000010001010000000010000000110100000001000000010001110000110000100000100100001000000000010000000001010001001010000001000010000000001010001000100000001001000000010000000000000100000101000110100000100110000111100100000101000000000010010000100
0100010000000000000000000010000000100100000001000000100000000000001000001000001001010000100000001000000001100000100001000000100110010000000000000000000000001000000011100000101000000000100000000010000010000001001000100000000000000000000000000010001000
0100000000010001000000001000000000000000000000101000010001010010001011100010000000000000010000000000000100000000000000000000110000000110000000100101001100000010000010001000000000000010000000100000000000000010011001001000000010000000011100000000000101
0000000000111000000000000000000000000000000000000000000001000000101000000100000100000001000000000000010000000000100000100000000010110000000000100100000000010000000000100000000000000000000000000100000000100001010100000100000000000100000100000100000001
0000000000000000100000011000000000000000000101000111000100001010000000010101101001010000000000010000000000000000000000010000000000000000000101010000010001000100000100000000000001100000001000001000000000101010000000000000000011001011100100100010111001
0001000000000100000001000101000000000001000010000100100000000010000000010000101000000000110110010010000000000000001000000101000100000001000000000000000000000000001010000000001000010000000000000100001001001000100010110000100001000000011000000011001010
0010000100000000010000000000100101000000000101000000000100000000000000100000000001100001001100010000001000000000000000100000000100000000000110000010001001010000001010000000001001000011000000100100010101000000111110000000000001010011000000000000000000
0011100000000000000000000000100000010000000010000010101001101000000000000000100001000010000100001000001000100001000000010000000100010000010000000110000010000000001001000000100000010110000001000001011000100001000010001000000000010000001001110010000010
0000010000010000000100011000000011001000100000000000001000000000010000000000000000010101000000000000000100010010100000010010001000000000000001000000010000000000000001000000000011010000000000010001000001010000110000000000000000000000000000000000010010
0000000000000000000100000001111000000000001000000000010000001001010000000000000000011000100001000000000100100000010000110100011001001010000000000001000111010000000010000000000101000000000010010001000001001001000000000000001000001011000010000010000010
0000000000000001000000101000001000000000001000000000100000001100010000000010010000000000000000000000000000010100010000000110000000010110000000010000100001000000000010000000000000000000000000010000000001000000001000010010010000010001000000001010000000
0000000001000000100100011000000010010000000100100000001000010000000000000000100000000000000011001000001000000101000001000000000000000110000010101010001100010100000000000000000110100000000111010100001000000000000100001100010100000000010000000000000000
0010001010000000000000100000100011001001000000000100000001010000000100100000000000000000010100000010000110000000010000000110000101000000000000000001000000000000110100000100000100000000000000110100100100000000000100000001000100000000010001010010000000
0010100000000001100000000010000000100001100000101100001010011000100011000100000000110000010010000000000000100010000010110001100000100001000000100011000000000000001000001000000000000010001100000000000000001010000100000000011000100101010000000000001000
0000011111100100000000000110001000000000010000001000001001000000000000010000111000100010000000000000000000100001000000011011000000100010000001000100000000000100000000000001010000100001000000010100000000000100000000000000010000010011000000101000110100
0011000000110101010000000001000000000001000001000010000000100100100000011100000110000000111001000000000000000000000000000000000100000001110100010010000000000000000000000000000000000001000101001000000000010000100000000100011000100000000000000000100000
1100010000001000000000000000010000000010000110000000000000000010001100000010100000001000010100000000111000000000000000000101000010010000000001000100101000100000000010100000000000000010000000000000011001101000000000001000000101000000000000100111000000
0000000100000000101000010000100001100000000100000110000010001000000010000010000100000010000000001000110000110100000100000000010010100011000000010100000001000010000110100000001000000000000001000000000100000000000000010100000010111001000010000010000010
0000000110010000000000000000010100000100001000100000000000000000000010000100000000000000000101100001000010000000100001000101000100000100011100000001000000000000110100000000001001000000000001000000010000010000100000000010000001010000011010000101010000
0110000001100010110000000000000010000101000000100000000100100000000000001011100001010000000000010100000100000100000000101011000010001000000010000000001000001100000000000100000100000000100000100010000000000001000000100000000100000010000000010000000000
0000000000000000100010000000001000010001000100000101000000000000001000000000000000000000001001001101001010011000000100010000100000000000100000000100000000100000100010000000000000000100000110000000000000000000000001001010000010000100001001010100000000
1000100000000000000000000100000000000000001000010000000000010010101000101000000000000000001000000000000000001000000000000000101100000000100000010000001000000000000000000100100001000100001000000010000000000100000000000011000001001000000000010000100000
0000000001000000000001000001000100001000000000000010000100000000101100000000100100001100100100000000000000100000100001010100100011000001000000100001001000000000000010000011010000110000000100100010100010010010000011000010110000000000000000000000110000
0000101000000000110000000010100000001110010000000000000000100000000000000010110001000000001000000001101000010000100010100000100000000000000000000001000001001000100101001001000000000000000000010011010000000110000000010000100010000010000100000000100100
0100000010000100000000001000001000100000000011000010000010100010001000000010000000000000010000000011000010000110000000001000000000100000101010010001010000000000000000001000000000010000000010000000000100001010000000100000000100010001000001001000000001
1100100010100000000000001010000101100000000100000010000001000110000001101000000000100000100000000000000001000000100100001000000000000010000101100000000001001001100000100100001001000000100100011100000000100000000000001100001010101000000010011000110000
0011000001000100000000000000000000010000000000000000000100001010101010000100000100100000010000000000000010100000001100100000100000010001000000000010000010010000000100000000000100001100000001100000000000001010100000001010000000000000000000100000010001
1000001000010000000000011000000000000001000010000000100001001000000000000000001000000000001000100000000000000010001110000000010000001001000100001000000001000000000000100010000000100000000000000111000000000000001010000000000000000000000000010010101000
0010110010000001001000000010100000010000000000000000000000100100000000000010100100000000001010010100001000010000000010000000000000010000010000000000000101000000001100010000000110100000010000000000010000011011001010000100000000000000000100000000000000
0010000100010000000101000101001000011010001000110000001010000100000011000100001000001000000000100000000001100011000000000001000000000000000000000010000000010000000000000000000010001000000000010000000000000000101000000001001000000000010010001000000001
0010011000000000001001000000010000100011000011111000000101010100000000000000110100000000000001100001000000000011011001000000000000000001010010000110000100000000000000000000000000000001100000100000000000000000010100000000110000010010011000111010100000
1010000000000001000000001000000001101000001000010100010000101010100000000100000100000000000000010100011100000001000000000001000000100000100110100110000001000000000000000001000011000101000000000000000000000000000000000011001001000000100000010000000001
0000000010000110000011000100001110000000010000000100010000000011000100000000100000001001100000000000011000000100000100000000000000000001000000101000000100000000000000001000000000000000000000000010000001011100100010000000000000000001000111000000010011
1001010000000000010100001000001000000000000100000100000000000000000000000000000100000000000000001001000000110000000001010100000001000000010000100000000000000110000010010100010000000001111100011000001000011000100000000000010100000000010100000100000010
0001101000000101110000000001000000000100000100100000001001100000000100000001000000000000000000000000001110000100000000000000000000000000010101000000000011100000000100000000001000000001000000000001001001001000010000000000000000000000100010000000000000
0100000000000000000000001000000100001100000000000000000000000000010010001000000000100010000010000000011000000001100010010100000001000010001010000100000101010000011001000001000000001000010010001011000000000110010000010000000001000010001000000000100110
1001110010000000000000000010010100000000001001000000000000000000000000000000000000001000000010100000000010010001011000000000000001101000000011010000000000000101000010100100000000000001000100001000100010000011001000000000000100000000010000110000000100
0010001010000000000000001001000000000000000000000000000000000000000010000000000110001101000000000000000011000000000000010000000000001000000000000000001101000100101001000000100100010100000000000011000001000000000100000010000000001110010000011000001111
0010001000000001101001000000000110000000000000000000000000000000000010000000110000000000000110001000010000000000100100001000000010000010000000010001000010100000100000000000011001000000010010110010010000000000010000001000000101000100100010110000110000
0000000111000010001010000000010001000001101000000010000000100000000010000110001000010100000010100001001000101001000000001000000000100001000000100110100000000100000000100001000000000001000000000000000000000000000011000010000100000000000000100010001010
0100001101000000000000000100000000100010001100000001001000001000000110000011100110000001000000010010000000001000100010000100100000000000010001100000100000000000000100100100000100010000000010110000000000000000001000100000010000000100000000000010000000
0000101000000001100010100100010100110101000000000000000001000000000000000000000110000010000110000000001000001000001000001000000101010010000010000100000100000000010100100010010000010010100000000101000000100001000000000000000000000110100110000000001000
0000000000100100000100001000100001000000000000000000010000000100000000000000000100010100000010100000010010010000000000101000000010000001100000000001100000000011010000010001000000101010001000000000000010010001000000001010100000010000000000000000000000
0010100010000000000000000101100000000010001000100100000001000000000001000000000000000000000001000000001000010000100000001010011001000000000000000000000001000000000000100000010010000000000000000001001000000010100000010000000001101000010100000000000000
0100001100110000010000000000100000000001000000000000000101000001100000100010000010000000100001010000000100000010000000010000000000000000001000000000000000110000100011000001000010010010001000000000000000000000000000000000000010000010100010110000000000
0010001010000111001001100000000010000010010110000001000011100000000000000010000111000010000100010000000000000010000000000001100010000010000110000000000000000001000000010110001001001000110000000000000100001011101000100000000000000000100100000001010000
0001001000000101000000000000000000000000010000000000100000000000000001000001110000000010001000100000000000011000000100000001000110000000000000000000110100000001000000011011001000010010010000100001100000000000100001111000011110000100000100000000000100
0000000000000000101001001000000011010010010000000000000001001001000000000000100000000001000101000000100000010000001000000001000110000000000111100000000100000000000100010010011000001101100000000000000000000000100000000000001000000001001000010010000100
0000001000000100100000000000010010000010000000001000000100001010100001000100000010001000000000000000100000000000000000000000000001000001001001011000000000010010010000010000001000100000000000101000010000000010000001000000000000010100001000000000100010
0001000010000100000001000000000000000000001000000000001100000000010001110000010010000000111000000000100100001000000000000110000000000000000111000000001000000000000000010000000000000001010000000000100100010000000001000001100100000101000000001000010001
154 7
50 53
