250 250
0100000000000100000000000001000001000011000001000110001000001000001100000000101111000000000000000000000101011000000000000000000000001000000101000100001000000000001000000000000000000000000000001000110000010001000001001101000000110010000011010000000000
0000000000000000101000100000100000000011001000010100000100000001011000000000000110000000000100000001010000000000010011100000100000000001000000010100000010000000000010001100100000010000000000000001000000000000000000100000100000000000000101000000100000
0000000000000001010000100000001000100000001100010000000000100000010010000010000000100100000000000000100000000000000001000100001000000000010000000001100000010000100000000000000000101001000000000001010000000100100010001000011001100000101000000000000000
0000000000000101100000001000000000000001001000001000000000000010000000001010000001000000001000010000000011000000010000000100000010100011000000011000000000000000000000001100000000001000000000100000000010000000100000011000000000001001001001010010000000
0000000000100000100000011000000010100010001000000000000000000000001000000000000001000000000000100000000001000000000000001000000001000000010000000010100000000000000100000000000000000000000000001010010001000100100000110000000000100000001010000000000010
0000000010000010000000001000000000000000010001010100100000001000110000100000000100011000100010000100001001000000000010000100000000100000110011000000000000000110000000001000000100000000110000000100000011100010010000100001000000000001011000000010000100
0000000000000000100000000100000010100100000000000000000000100000000011001100010010010101001000100000000000110001000000000000000001100000000100000000000000001000000000000000010100000000000000100000000000101010000000100010010011000000000101000010001011
1000000000000000010100000000000001000000000000000000100000000000000000110000100100000000000100010110101000000000010000100000000100001000010000100000000000000000000000000110100000000000000010000000000100101000000000000010000000100100010000000000000001
1001000010000010000100000011000010011100000000010000000001000000000000000100000001010100000000000000001101001000001000000000000100001000100000100000010000100001000100100000001100000010000010000100011000100100000000101001000011000000000000110001001000
0101000000000000001000001000000010000001100100000000000000000000010010000000100100000000000010001000100010100000001100110001000100000000011000011100000000000000101000110000000000000001010000000001001011000000000001000000010001000000000000000100110001
1000000000000000000001000000000000000000001000000100000000010001100000100000001010001000000111000010000010001100000000010000010000010000001000001000100000000000010000010000000000000000000000000000001110010100000000010010100000000010000000000010000000
0000010101001000010000000001001001000001100000000000000001010010100000000000100010100000000001000000000000000000100000000001000000010000001000101000001000000000100110000000000000000000110000000100000000001010000000001001000000000000000000101000000000
0000001010010000000001000000000100000000100010000010100101000000110000100000000011000100100000000000010000000000000010110000001000001000000000101010100100000000000100000110010000000100010100000000010001000000110100000001000000000000001001010001000000
0000000010101000000000000001000001000010001000000010010001001000000010010010000000001000000101000000001011001001000100010101000000000101100001000001001010000000100001001000000100110010100001010000000000010110000000000100010000000000000110001010110000
0000001000000010010010000000010010001000000010000000110000001000000000000101001000000000010000001000000000000000010010000110001000000000000110000000000000000000000000000000000001110100000000101000000000000001000000000000000001000000000000110000000100
0100000000000000100000000000000000000001000000000000100000000000001000000000100000100000000000000000000011000000100000001001010000001000000100000000000100000000000100000000010000000000100100000000000000100000001000000010100010001001000000001000010000
0100001001000101001000000000000000000000000000000101001000000100001001110010000100000000100010010000000000000001000000000001100000001000010100000000001001100000100100000100000101100010000000000000000001100000100000000010000000000000000000000000000000
0001000100001010000000000000001000000000010000000000000000000000000000001000010000100001110000000000000001010000000000010001000000000100000000000000000100000001000010100000000000000001001000000011000000000000001000000000000100011010000010000000001000
0000011010000010100000000000000000000000000000000000000010000001001000000001000000110010000000100001000100000000000000010000000000000000000001100001000000000000010000001010000001000000000000000000001001010000000101000000000100001000001011000000001000
0010000100000001010000010101000000010000100001001000000010000100000000000000011000001000000101000000000000001000000000000100000000100000010000000110000001100001000000000000101101110101000010000000100100010000000000000100000001100100000000000000000001
1100000000010110000010000100010000000000100101000010000000000000000000000000100100000000010100000000000000000001001000000010000100000001010000000000110010000000000001110000100000001000001000010100000001101000100001000010100100001000000010000001000000
0010100000000000000100000000000000001000000000000001000000000110010000000001001000000000001000000001111100000100000001010110000010001100010000000100000000000010000000000100010000100000000000000000010001010000011001000000010000000000100001010100010000
0001001000001000000000010001001010001000010001011010000000001100000000000000010000000000010100000000000000101100010100100000101010000000101100000000000000000010000000000000000000000010000010000000000100000100000000000100000000000000000010110011000000
0000000001000000000000000011000010000000000110000000000000000100000000010001000001010000000010100000001010000000110000100000000000000000000010001000000100000000000000000001000000000100000000000000010000000000000000000000000000010000001001010110000010
0101000000010110001000001010000000000000010000101000000100000010000100000000000000000000100000000010100010000100001001000000000000000010000000000000000000001000000000000000000000000100000010001000000110000000000001000100001000000010000000010010010000
0000000000011000000101011000000000000010001000001010101000000000000000000100100000001001000101000000000000001000000000000000001000010000010000100100000000000100000011100000110000000000000001000010000000000100000001011010000000010000000010001000000000
0000000001000000000010000010000000000000010001000100000100010000011000001000000000000000000000001000100000000100000000000000000000000100000101000000100010000000100000010000000000000000001000111000001001000000000001000000000000000001010000000000000010
0000010000000000000011000110000000000000001001101000000000010000000000000000000000001000010010000000000110000000011100100010110000000000100000010010010100000000000010000000001001010000000000010000100110010001000100001100010000100000000000010000110000
1000000000010000010000000001000000100000000000110000000100010000000000000000000100000000011001000011000100000000000110000001000001000000000000000000000010000110000000000000001100000100000000000000000001000000000000000100000000000000000000010011001000
1000000000100001000000010010000000000110000010000000000100010000001000000001001100001001010100000101010001001000100000000000100101000001000100000000000000010000001110000000010000000000000000100000100000100010101000000000010010001000000100000100000100
1000011000100000110000000010100000001000000000010000010000100000000000000101001000000010000100000000011000000000000010010110010000000001000000000100001010000000100010000100101000000010100010100010001100000010000000010101101000010000000000100010000010
0010010100000101000000000000000000000000000010010000000001000000000000000001100100001001100010001000000000000101000000010000101000001110100110000000000000000000000000100000000000010010000000000000000011010100111000000000000000000101000001000001000010
0100000011000010011000000000000000001011000000000100011000000000001000000101000100100010010110000000000000000000000000010001010000010000000100001000000011010000000100000000010100100000111000001000000000010000000110000100010010000010001100000100000000
0000001000000010000000010100001000000000010000000010000000000000100000000000100001000000010001000001000110000000000010000100010000110001000001000000100000100010000010000000000000000000000001011000000000000000100000000100000000000100000000010011101000
1000000100011000111011000010000000101000100010000010000001000110001010000001000001000000000000000100001000001000000010100001100001000000000001001000000011100000010000000000101010000010000000000000000000000001000010100000001001000010000000000000000011
0010000100010000000000000000000110001011000110000001000000000010010100100000000000010000000010001000010000000010000000011010000000000100010000010011000010001100000000000000000000000000010000100000000001000000001000010000000000010001000000010000000000
0001000001100001101010000100000000110000010001100000100000000001110100000000000000100000000000000100000010000000001000000000000110000000100000000101110000000100010000000010000001000110011000110000010000000000000000100000000001000000011000100000101000
0000001101101000000010000010000000000001100100010000000000010100010000000011000000100000101010000000100010000000000111010001001000000000000000000000001000001001000100101000001000100110000100010000000110010001010000000001000000010010000000100000010001
1001010001110000010000100000010100000000000001001001000010000001000100000000000010000000000000000010010000000100000000010001000000001000010100000000000000100000000001000101000000000101001000100000000100000100001000000000000000000000000100000100000011
0000000000001111000001000000000001100100100100001001100000100000001000010100000000011001001000010000000000010000000000000010000001000000000000000000010000100000000000010000000011000000001000000000010000010000000000010000000001000010000010000110000100
0000000000000100001010000010011000000000001000100010100000000000000000000000001000001001001000000100100100100000010010100000001000000000000000000000100000000000000000000001100000000000000000000010000001000000000100000000100000101100000000000000101000
0010100001000101100100000000000000000010010010000100000110000000000011000000000100000000000001000000000000000100000000010000000000000000001000110011010001000000000101000000110000000100000001000010000010000101000000000000000000000000010001001000010100
0000000000000010001011010000000000000000000101000000001100000000000000000000000000000000000000000000100000000000100000000000001000000000000101001000000000110011000001001000111100000000000010000000000000000100011000000100100000000000001000000000000000
0100011001000010000010101000010000000000000001001000000010000000010001000000100000001001001000001100000001100000000000001000000000010010000000000000100001000000100010000000000000000010100010000000000000001000000000000100010010000010000000000000000000
0000000010000000000000000000111100000010000010001100000000110000000010000010000000010100100000000100000000100000010000101100000000000101100000100100000000000100000010000000000000010001100000001000010101000000000000000011011000000000000001010000000001
0000000001100000000000000000001000100010100010000000001000001100100010010000000000100111001001000000000001000000000000000000010000000101000000000000100000010000100000000000000000010100011000000000000111001100000000010000000000010000000100000010000010
0000000000000010000000001100110000001000000100101000000000001000110001000000100000001000010011000001000001000010000000000010000000000010000100001000000110010000101101000110010000100000000000000001000000110101000000100000010100000000000000000000110000
0101000000100000100000001000001000000000100000000000000001000000000000001000000100000011000110000000100000000100001001000100000000000100000000100000000100000000100001010000000000001001000100001011001001000000000000000000000000110100010000000000000000
0001000000100001010001000000000000010000000001001000000010100000101000000010001000001010101000001000001010000000000010100011101001001010010001000000000000000010000101001000000000000100000000000000000000000000110101000001100000000100000100000100000000
0000000000100001010000000000000011000000000010000001001000000000000000000100010000000000100000100000000100000000000000010000111000000000000000000110000010000000010101000101010011000111000000000000101010000000100000000000000010000000000000000001100110
0000001000000000000101000000000000000000001010001000100000000000100000100000000000010000100000010100000100010010000000010100000100000000000100000011000001001000100001000001000000010000000000100000010000000010000000010010000000000001110000000000100000
1111000000000001000001000101000010000000001100101011000000000110000000000100000000001001000001000000100000000000000000000100100000100100000000000100000010000010110110000010000100010100000000000000000001000000100000100000000000000000100101101000001000
1000000001000000000111010000010010000001100010000010000000000000000000000000001010000000000000001001100001000010000000000010000000000000000101000100000000001100010000001001000000000001000000000000000000000000000000000010100000100010000000000000010000
0010000000000001010000100000010000000001010001010000010011000000000010000000000000000001001000000000010010001000000000100000010000000111001000000000000000110000000000000001101100001000000100000000000000010001000000000010100010000010001010000000001000
0110010100011000000000000000000110000010000100000000000000000000010000000100000010000000110000000000000000000010000110010000010000010000000000100000000000100001000100010000010000000000100100100000000000000100000110000010100001000100001000000000100000
1000001100001000000000001000010000000010100010000110100100011000000001000100000000000000000100000000100010000001000010000000101000000100000000100011000000010010000100000001000011000100100010001000001000000010001000000000010000001000100000000000010000
0010001000000010000110000010111001100100001000000000010000000000101010000000000010101000001000000001000000000000000001001000000001000000010110000000000100100000110000100000000000010000000000000000000111000001100100000000000110000100010000000010101000
0001000010100001100000000100010011000000000000000001000000000000100000000100000000001000000000000100010001001000000010000100010010000010000000100000001000000100000010111100100000101000110001000000001010000000100000000010000000000010000000000000000001
0000000000000001010000000001000000011001111110000000000100100000000100000001001001000010000100000100000000000000011100010100100000000100000010001000000100000000000000000001000000010010110001000110000000000000001000000101000000000100100000000001000000
0100000000000000000000000001000100000000010010001000000000000000000000000001010000100110000010000000001000001100000000000101000100000000000100000000100000100101000000110000000000000000000000000001000000100001000000000000100010000000000001011000010000
0100000000100011100010001000100011000000000000010000000000000100000100000001000010010000000001100000000000000000010000000000010000000000010000100000100000000000010000000001000000100010000000000000100001010000000100000000000001001010000000000000001001
0000000000000000100000001001000011000000000000000100010000001000100000110000010010100000000010000000100000000111000001001101000000000000000000000010000000010001100000000000011001010000000000000010000000000100000000000010010001000000000000001000000000
0000101000010101000000110000000000000110010000000011000000000000100110010001000000101100101100001010000000000001011000000011000000100000010000000100000100001100000000001001010000010000000000000000010000000101010000101000000000000000000010100000000100
0000010001000110001000000100000000000000000100001011000000000100000010011010100010000000001000000000000100000000011000000000001110010001000000000000100110100010001000001000010010000000110000000000000000000100111000100000000000000001001011000000000001
0000000000010000000000010001000011001110000100000001000001000000001001000000001100000000010000000001000000000010000000000100001001100110000100011000000000000000100011000000001000000000000100100000010000100000000111000010001000010000010000011000001010
0000000001100010000000000010000000000011010001100000001001001001101000000001001001000000001000000001000100000000001000100000010010000000101000010000001000000000000000100000000000100000000000000000000000000000001000000100001110010110000100000001001000
1000000000000011000000100000001001000000100000000001000000000010000000000000001000100000000000000000000100000000000000100000000001111010000100000000001000001010000100000110000001000001000100010000010000100010000000001000010000000000000000001001011000
0010000110000000100110000110000000100001000001001010010001010000100010000011001000100000000000010010000001000000000110000100000000001100000000001000000001100000000000000000000000100101000000000001000000010001010010100000000100001000010000111000100100
0000001000000000000100001000000000010000000100000001001101101100000000000000000000000101000010001010000000001000000100100000100000000000010001000000001100010000000000000000000000000000010000000000000000100000001001000000100000000000000000000000100000
0010110000100000010000000000000000010000000000010010000000000000100000000000000000111000010000100000000001001011000100000000001001110100010000000000000001000000100000000000110000000000000000100000000000000101000000000010000000101000001010000000011100
0000000010100000000010010110000000100010000000010101000000100000100001000100000100001010000000000000000001000000100100100000000100000000001001101000000000001000000000000000110010000100100000010000000000000000010000001000010001010000000000000010100000
0000000010000000001000000000000000000110000001100000000000000000110000100000101000000001100000000000001000000011000001010100001000010101100000000000000110000001000110100001100000000000010001000100000000000000000000011001000000000000000000000000000100
0000100000000000000000101000010000000001010010000000000001000000000110010001010001000010000000100000001000000100010000011000000100000000000010010001000010000010000000000010000000110000110000000001000010001000000010010000100100000101101000000100000000
1000000000010000011000000100100000000001100000110001000000100000010000010001000000000000001000000000100000010101000000000010010000001100000000000000000000000000000000000000010000010100010000000000000100000100000001000000000110010001000000100010000000
1111000000000000011000010001000000100000001001000000101000011000000000111000000000000010000100000010101000010000011011000010000010000000000101000000000000010100000000100000000000000000100001000100101000000000000000000000000000000000000100000100000100
0000000111110000000010000010011101001000000000000000000000010110001001000000000000001100000000001000010000000000011000000000000010000000000001000100100100000000110000010000000000000001000100000100100010010001000100000000000000010100000110000000100000
0100000100000100100000100000001000000000100110010110000000000010000001000011000010000000000001010000000100101000100000000000001000001100000000000010000000000110000010000000000000000010001010000000000010100110001000100000001001110110000000001000000010
0000101010000011100000001000100000000000000000010100001100100000000000000100000000000100010000010100000000000000000001100010010000001000000001000100001110100011000001001000000001000010010010000000000010000000001000100001001000000000100010001001000001
0010100000000000000001000011010001000001010000100000000011000000000100000000000100000000010001000000000100110000100010000000010100100000000010010000001001000001001000001010000000000000000000000100000000000010000001011000101000000100000000000001000000
1001001000000100000001000000000110000000000000010010000000000000010100000000000001010010000000000100000000000010000000000000000001000000100000000011000000000110110001000010000000100010001100000001010000000000000001010010000000000100000000010000000000
0010000000100010100000000100001100000100000100000000000100000100000000010000000100100000100010000000001100000000000001000001100000100100001000001010100000011000000000000000000000100100000010111000000000110000000000100000000001000000100000010000000001
0100000000001000000000000000000000000001000100010000000000000000000000000000000000001000001000000000000000001000000100000000000000001000000000000000001100000000000000000001000010000000000100000000000001100000000000000000000001100000001100000010000111
0001000000000000000000000000000000000000001100010000001000010010010000000000000100000000000101100010000001111100000010010000000000000011000000000010000100100010000000000000000001000110000000000000000100010100000100000000000000000100000000100001000000
0010010010110000000000000001000001000000010000001010000101000000000000000101000000000001000100000001100001000000010010000001000110001000000100000000011000000010100000001001100100000011001000000010001000100000100001010001000101011000110000010000000000
0100000000000100000000000100001010000000100000011000000100000100000000010100100000000000000000000000010000001100001000100000100000000010010110000010000000000000000000001010000010000010000100000101010110001000000000000101010010000000000000001010000000
0010000010001000001001100000000000000000000000000000101000010010000010010000100000000000110010000000000000001100000100000000000001001000000000000001000100000000011010001000001001001001000000000001001100000100100000010000001000000010000010100011000000
0000001000000000100000011000010111010000000100100000001000000011000000000000000000110000000000000000000100010100000000000000000000000000010011010101000010000000000100000100110000001010000000000100000001000011000001010011000000000000000000100000000100
0000000000000000000000000010010000000000000010000000110000000001001000000000000000100000000010010000010000000000000000000001110100000100000000001001010001000000000000001100000001000000001001000001000000000010000000000000010000000000001001010000001000
0000010000000001000001000000000010000000000000000001000001000000011000011100010100111000000000100100000010000001000100000000101000010010101000000100000100001000000000000010010100010000000000011000010001100100000000000100100000000000010000000100010000
0000000010000000000000110000000000000000000100101000100000010000000010000000001000000000101100000000000010000000000001000000100001000001110000000000100000100011100001000100000000000000000000001000000010000100000000101000000000000001000000000000110001
1000101000001000010011000001110000000100001000000000000001001000010000100000001000100000000000000000000000001000000000001100001000000000000010100000010000001110000000100010100000000011000001010011000000000000001010000000001010000010011000001000000000
0000000110000100000000110000010000111000001000001010010100010010000000010100000000000001011000000110000101000110000000000000100000000000000000000000000000011000000000000000000000000000001000110000010000100000100010001001001000000000011110001000010000
0000010000011000101001101000010000000110000000001000000100000000000001000001000010000000000000000000100000001000101000010000000011000000000100010100000100000000001000000000000010000000000100110000000000010000000010000100000001010010000000001000000100
0001000001000000101000001000010000001010000101000000111100010000000000000000000001000100000101100000001000000000000001101000000000000001000000110000101001100000010001000000001000000000011001000000011000000000000001010001010000000100000000000000000001
1110000000000101100101000001100000000000100000001001000000001010000000000010101100000001101000010001000010000000000000000001000000010101000001100100000000100100001010000000110000100010000000000010000001000000000000000000000000000010000000000000001011
1000100001010000000010000000000000100000100100000000000001000000000000100001000010000110000101100000000000100000100000010100001000000001001000000010000000000000001000101100000100000001000000110000000000000000010001000000100000110000000000000010000100
0000011010000000000000011000001000010000011110000000100001001000000100001000000000000010000000000000000110010000000000001001000010010000000000100000101000000000000010000001000000110000000000000100000010001010000000001000100001100001000000001000000000
0000000000000000000000000001000000001010010010000000100000000010010001000000000000001001000000000001101000000000000010100000001000001000000000001000001001000101100000000000000000000000000000000000000000001000001100001010000000100000000001010100001010
1000000010000001000000001001000111000010001010001000000100000010010000000000000010000100000000101000001000000110000001010111000001000000100000000000000001001000000010000001000000000000010100000000000000000010000000000001010000001011000001001000000000
0000010100010000010001000000100010000000000000000010010100001000010000000000000000000101100000000000000000100000000000000000100000000000000000001001001100000000000001000000010000000000000000000000000000000010010100000000000011000010101000000000000000
1100101100000101101000010011001001011100000000100000010001001000000000000000000000000100000100001001000001000100000000000010000010010100000010000011000000010000000110000010100000000010000000100000000100001100000100000100000000010010001101000000010110
0000100100010000000100000011100001000100010000000000000000000000010000000010000000100100000000000000000000100100001000010000111000000000100000000000100000000000000000100000010000000000000000000000000000000010000000000100000010000100100000000000000010
0010100000000010000000000000001000001000011000101000000000000000000000000101000001000000000000100100000000000000010100111010001100000000001000000000000000000000100000000000010001000000000000100000010000000000100010000000010000000010010000010000000011
0000001000000001000001000000000000000011000000100010000100010000000000010000000000100000010000000000100000010100000000100000000100001011000000000001000000010000000101000000000000001000101001000001001000000001100101000001001000000100000010100101010000
0000000000000000000000000100000010001010001010010000000001000001100000001011000111100000000000000000010000011000000000000000000000000000000000000000000000011001000001001101000000000101000010100000001100010010001000100010000010000000111000000000000100
0010000000010000000001000000000000000000010000001000010100010000010000000001000100000010011000000000010000000000000000001100001000010010011000100001001100010100000000001000010100000001000001000000000000010000000000000011100100000010000000000010100000
0000001000010000000010000001001000000000000001100100001000010100100011010000010000000000010001000000000000010000000010010010100000000000000101000000000010010000000000000101100110000010000000000011000010101010000000000000000000000010001000000000000000
0000000000000100000000000000000001000000000010001000100110010000001000000001000000000000001000000000000000000000000000000110000000000000100010000100011000000000000010001000000100000000000101000001000000000010001010000000010110000000000000000000001100
0010000000000001000000000100001000000101010001010100010000001000010000000001000000000000001001000100100000010101000100011110001001000000000000110000000100010000000000001100101000000000000000000100000011010001010000100011110100100000000000000000000010
1000010000000000000100000010000100100001000000000000001000010101010000001000001000000000000000001001010000000100000000100011000000011100000100001000010000000000100000100100000000000000000100000000101011001001000000011000000000101010000000000000000101
0001000101000000010000010001010001000110100000000010111100000010001000001000000100001000000001010000000100000001001000000000000000010010000011000000010001000000000000000000000000001000000010010000000001100000100000001000100001100000000000010000000001
0000010001001001000100000001000000110000000000010011100000001000001010010010000100100010000000110100100000011010110010000000000000000100000001001000010000000000000000000000000000000000000000000000001000001000001010010100000100001000000000000000000000
1000100010000010000000000100010000010100000100010000000000000100100100100000000000000000000001100000100000100000000001000001000000010000000000010011011100111000000011000000000010010101000010100100100100101110000000010000000110000000000000010010000000
0000000100100000110000100000000000000010010000011010001000000000001000100100000001001000000000100000100010000000000000000100000000110000011000000001000000000100000000011000000000000000001010000000000000000001000000101010010000000000000000000000000000
0000000100000000000000010011010001000101110110010000001000101110001101000001000001010000001000010000100010000010010000000000000000010000000000000100001000000000000000000010001000000010000000100000010011000001000100010010100000000001001001101100001000
0010000000010000001000010000000000000000000100100110000000000000101000110000000000110000000001000010000000000010000000110000100000000100000010000110100010000000000000000000000000000010000000100010100010100001000110000100001001000000000000000000000100
0000000000000000000000000001000000001100001000010100000000000000000000000100000010110000000000000010001000000000100000000000000000000010000100001110000000000000000000010000001001101100000010000000000010000010000000000001001000001000000000000000000001
1000000000000100000000010000000101001000000000000000000001000001000000000011001000000001000010111000000010000110000010010000000000011000100110000000000010000101000000000000010100000000010000001001001000000010000000100000010000000011000000010100000010
0101000000000000000000010010000000010000000000000100001000011110000000000010000000100000100000010000101000100000001011010000100010000001010100010000000100000000000001100010000000000010010000010000010000000000000000000000000001100000000001010000000000
1000000000000000000001000001010100100001000000001010000100000000000000000000000100000010000000000000010000000000010000100001100000000011000000001000010010000000110000000000110000000010000100000000000000000001000000100000001000000001010010000000100001
0000110000000001010100000000000001110110000011000000000100100000000000001001000010000000110110001010000000100000010000000100000000000000000011000000101010110000100000000010100000010000000100000000000011010000000000000011100000000010001000010000000101
1010001000011001100000000000001110000000000100000000110010001000000000000101000100100000000000000000001000000000001000000000000100000000000000001101000100000000010000001100000000000000000010000000000001000001001001000100100000001100000101000000101000
0100010000100001001000011000000010000001000000000000000110001100010000000000000001000100000000000010000000100101010010100000100011000000000000000000001011000010001101010000000100011100000011100010000000000100000000000001000000000000001100000101010000
0010000000000001000001010001001010001000100010001001000100000000000000000000000100000010000000000001000000100000001010000000100000000000000000000000000000110101000000100101100000100001000000000100010101000010000000110010000000101110010001000000000000
0000000000000000101010010100000100000001000010000100000001000000110010010000000000000000000010100000000000000000100001000000000010001000010000010001010001000000001000000001000000000000101000110110000000010000000000000000100000000000000000100001011000
0110000000001000001000000100000000100000000001100000000000100010000000001010000110000010000010000001000101001001000000000000001000000000000000010011010000000001000000000010001000000101001001000000100000000000000000000000000000010000000000010000000000
0001000000000000101010110000010110000000001000010000010000100000000001011010000000000110100000100000000001000000010000000000000001000100000000000110001010100010010000001010100011000000010010000000000000000001100000001000001010101010000000000000000000
0000100100000000101000000110001000000011000000010100001000110100000010000100100000000000000100000010000000000001000001010000000100000000000100001001100110000000000000110010110010100100000000000000000001000100000000000000001000000000100000000001010001
1000001000000000001000000010000000000000000000000000100000000001000000000000100010000100000001000010000000000101000110000010101001100100000100000010000010000000111100000000010100000000000000010000000000101010100100000000000000000100000000000000010000
1000010000110001000000000010000100000100000010100000001000000100100100000000000000100000100000010000000000001001001000001000010001000000000000000000100100010000000000000000001000010000000010001000000000100000000000101010000000010000000100000001000000
1000001000000000000000010001000000001000100000000100000001010000000000010001000001000000000000100000000010001000000010000000000100010000010010000000000000001000000000000000010000001000000000000000100000000011001010000000000000100000000000001000001000
1100000000100001000000000100000000000100000010100000000000000000000000000001000011000001000000100000000000000000000000000010000010000000000001010000000010100000000000000001100000000100000110001010100000100100001100000000000101000010010010000000010000
0100000000010010000000000000000000101000010000100010000000000100000000100001000010000000000010000100001000001000000000010000000010000000000001011000010000000000100001001011000000110110001011000000000000010001000100000000000001010100000001000001000001
0001001000000100001100000010000100000000000010100000010100100001000000000000001000000100010000001100000010100110101000100000000000000110000000000000000100000000000000000100000000000000100000000000000100000010100000110110000000000100000100010111010001
0100000000000000000000010000000000110100010000000100100010110000001100000000011001110000000010010001000000000110001000001001000000101000000000000000000000100001000001000000000000001100100001000000100000000000000000000000000010000010000100110001000100
0010010010000001000000000000110000001110000001000000000000010000000000100000000000001000000000000011100010000000000000000000000000000000000000000001000101000000000100111000000000100000001001000001000001100001001010011001110000000000011000000000000110
0000100000000010001010000000000000010101000000001000010000000010000001010001000000000000100010001010000101000000100000000000001000100000000000000100000000000000000110000000000010000000010010001000001000100100100110000000000000100100000001000000000010
0000100000000000000000000000100011010001000000000000000000001000000000100011000000000000001110010011010000100000000001100000100101000000100000010000000110000001100011000011010000000001010000000000000010000000000000000100000000000001100000000000000011
0000000000000000000000001000110000000100010000000001000100000000000000010100000010001000000100100000000010000101000100000000001010111000010100010000010101000011000100010000000011001100000000000000000100000010001000000000000101000110100000001000000000
0000100000000000000000000001000000000000110000000100010001010000000000010000000000110010100010100010000000010000001100000001000000100001000000000010000001001000000000000000001000000100000000110000001000000000001001001000001000100000000100100000000100
0000001000001000010000100001000101000000000100010000000001000000000000000000000000010010000000000000100010001000000010000100000100000000000000001010100000110000000100000000010000110001111100000000001000000010000010110000000100000000010100001000001000
0000000001000000000100000000000000000001000000001000100000010010000010100000001000000000000000001000100010100010000000000000101000100000000000010000000000000100010010000100110000010010000000000111000000000000010011010001000000001000000000101110000000
0000000000001000000000010000100000001101000001000011000000000000101000000000000001100100011100100000000000000000100000000000000100000000100010000000000100000110011001000100001101000100000000001100100000000100000000001010000000000001011000000000000000
0000000010000000000000100010000000010101000100000000110000000000000000010000000000101011001000000000000001100000000101010010001000010000100000000000001000000001000000101000000000000000000000000101000000000010000000001000000000100000110000000001000100
0000010010010111000000000010001001000000010000000000010110000000000010100000100001010000000000000000000100100000100011000000110100000000000001100000000000000010000000000001010000011000000000000000010000000000001000000000000000100000001000000000000000
0000000000000010000010000010010000001000000000000001000011011010000101000100000100000000000000000000000000000000000011100010000000010000000000110000000000000110001010000001010000110000000010000001000000010000000100000110000001000000000110000010000001
1000000000000000010000000000000000000000000000110000000100100000000000000011100000010000000110000000000010000010000000001000000000100000100100010010000000100000010000000010000000001000000001110000000000100000000000000110001000000001001000100000101101
0001000100000000001001100001100001000100000100000000110000000010000100000000110000000000001000010010010001010000000000011001000000010001010001000010001000100000001000000000000000001000000000000000010000000001000111000110000000010011011000000000000010
0000000010000000000010000100000001000001000000001000000111000000010001100000000001000000000000000010100000000010100010000100000000010100000000101000010100100000000000000000000000010110000000010100001100000000000001000100000000010000110100001000001000
0000000000001000001001000000000000010000000100000010011101000000000000011100000000101000100000011100100000000010000010011000001001000000000000000000000000000000100000000011100000000010000000010010110000000000100000000000010100001010001000000000100000
0000000000000000000111010100100010000000000110010000000000000010000000000011000000100000000000010000000010000001010000000000000000101000001100100001010000000000010100000000100000000001000000101000100000010010000000001000000010100000001000010000011010
0001000001010000111000000000000000000111000000000000000000000010100000000010010000001000000000100000100100100000000010000000000010010100000001000000000010001000001000000100000000100000000000000100010000000001000010000010000000000000000000001000000000
1010000010000000100010001000000100000001001000000000011000000011100000000010000000000000000011000001000100101100010000010100000000010010000001000000000000101000000000000001000000011000000000000001000100010000000010100000000000100100000010000000100110
0000000000110010010000100100000100000000001100000000010000000100001000001000000000000000100000000010010000001000001000000100000001001000000011100100000000000000000000000000000000000000100100000001000100100000000000001001000110000001000001001010001000
1010000000000000000000010010000000000000010010001000000010101001100001010000000000000000000000010000000000000010000100011100100000000100100010100000000000000000000010001000000001010000100000001000001000000101010000001000001100011000000000010000000101
0000000010101000100100000000100000010000000000000100001101000100000111100100010000010000001110000000001101011000000000010001001000000010001000100000000000100100010000000000000100100100000100000000000000000001010101001000000000000010000000000001001000
0010000000000000000000000000000000110000000101110000000000111100000000000000000010101010001000100000000000000000011100000101010000000001100000010000010000001000000100001011000000010001000010000000001001001001000000000000000010001001000000000000000000
1000010010001000000100000100000000000000000000100000000000000001000010000000000000001000000000100100010001000000000000000010000110001010100000010000000000001001001000000000000001010001010000000100000000000010000000000100000000000000001000000010001001
0001100000000000010000010001000000000011000100010000000000010000000000010010000000011011000101000010010001000000010000110000000000100000001000000100000100100000000000000000001000000001000000000100000000000000000010000000000000000000000000000000000000
0001000000000000000000000001001000001000000001000000100100000001100000100001001000000111001100100000000001001000000000100000000000001000010010000001001000000010100001010000000011010001000011010000000010000000000010000000100000010000011000100100110000
0000000000000100010000000010000011000010000000100100000000001000010001000000000001110000000000100000000010001100000000000100100000001011111100010001000100001001000010001000000000010000000000000010001011000110000000000010000000000010000000000000000101
0000000000000000000001000000000001101000000000001011010000000000000001001000000110000000000000000110010000000100000000000000100101010010000000000000000000001000010000000100001101000000000001000000100110101000010000000100000111100001000000000010101010
1000110000000000000000100010001100001000000000100000000000001000001110000000100000000100010000100000000000010100000010000000000000001000010000000000000110000000000000100000000000001001000011000001000000000000100000010000000100100000101000011001000001
0000000000100010000000000001001010000100000000111100000000000000000000000000000010000100000000000000000000000000000000010000000000000000010000000100010000000000000000000000000100000000010000000000000000010100000000101000000100000000000010000000010010
0000100000000100000000000010000011010000011010100000000000000000000000010100010001010000000100001000000000000000000000000000110001000001000000000011000000000100001010110000000000100100000100000010000000001000000001000000000000000000000000000100001000
0000100000000000100010100000000101001000010000000000011000000001001001010000100000000000010001100011100101000010000000100001100100010010000010010000000001000001100100001010000100010000000000001010000000000000010000000100000000000000001000000110000000
0001000000010011000000001000000000100000001100000000110000000010110100100000100000000001100010100001100000001000000000000000000000000000010011001000000100100000000000000000000000000000100010000001100100000101010011000000001000000011001100000000000010
0010000001000000001000100010000000001100000000000001010100000000000100000001100110000110010100110000000000000001101010100010101010000000000000000000001001000000000000000101001000000010001000000000001000010000000000001000100000000101001001010000100000
0000011100000000010001001001100000001001000000111000000001001001000000000000000001000000000110010001000000000100000000010001111100011100000001010000000010000000000000001000000000011110000000000001010000000010000001100000000001000001010000001000000000
0011000000010000100000000101000101100000000010000000000000000100000101000000001010000000000000000000000000100000000000001100011000010000010110011000010000000100000010001000001000000000001000100110010000011000000110011000000000001000010000100000000000
0000000001000000001001000000000000000000000001000010000001010010000000000010000011101000001100000000000000000100000010001000000001001100000010000000001000000000001001000010100000000001000000000000000100000001000000000000000000001000000001011000001001
1001000010010000000001000000010000000000100000000000000010111000001010001011000010100100000000000001000000100100100000100010000000100000000000000100010000000000010000000000000000001000010000100000010000000000100010010100001000101000000001010100000000
0000100010011100000000000001010000000000110100000100000000010010001011000011010000000000101100011100000000000000000100000001100010000001000001000110000000110100100000000000010100000000000001010010000100100100000001000000100000100010000000000000100000
0000010010011000001100100010000000001000000010000000000000010000000000100000010010001000000010001010010000000001101000000000000000000000000000000000000000001011000000000010010001000000000000000000000000100011000000000000000100001000000000100100100000
0000010100100000000100000000000000000100001000000001000001000000000000000000001001000000100000001010000010110010000000000000000000000000101000010001000001000000011000000010001100000000000010000000000000000000000010010000001000100010000100000001001000
0100000000000010000000001000010000000000000000010000000000000000000000000000000000010100000001000000000000001000100100010000000000000001000001000111000000010000000000001100010001000000000001000000011000010000010000010000010110010000000100001100000000
0000010100010000000000000000000000000000000000101000000000000000100100000000000000010010100000010010000000101001000100010000010000000100000010010000010001000000000000000001001000001011100011000011000000000000000011000000000011001000000010000000001000
1100100000000000000001111000000000000100011000001000000000000010100010000010000010010001000001000001010000011011000000000000000000010001000000001010000000000000000010000000000000000000100101001000100010000001000000001000000001110000000000010001100010
0000010000000100010100000001011000000000000000010001011110000000000010001000000010100010000000001001100000010000000000000000000101000000000001001101000010000000000000000000011000000000101000100000000000100001000001000000000000101000000000100000000000
0000000001000000000001000000001101100001001000101101001010100000000000000110100000000000010000000101000000010000000000101010000000000000100000100000000000010101000000000000001000000100000110000000000000001100000010000000000100000010010000000001000000
0000100100001000000001000000000100000000000100010010000000000100000000000000110000001000000000000110000000000000001110000000000000000011101100000111000000001001000000001000000000000000000100001110000001000000001000100110000001000011000000000000000001
0000000100000000000000000000001000000000000000000000001100000100000000001000000000010010000000010111000010000000000110000000100001000100010000010000000000000000000000000000000000001000000010000000001000000000000001010000100000000000000000000000000100
0000000000010100000100100100000000000010100110100000000000010000000010000111001000000010100011000000000011000100000001000100010000010010000000011000010000000000000100001001000000000100000000010000000010000000000000000100111010000000000000000000000001
0000000000000010000000010101001000000000000100000110010000000001000000000001000010001000000000100001000100000000000000000111000000001000000000000001010000000000000000000000000000000000010000000100010001001000010000100001000100000100010101000000101010
0010000100000000000001010001000000001000000100100000100101010100000101000000010100011000000000000000000001010000001000000000000000000010010010001010000001000010000001000000000000000010000000001000011000001000000000000111000000000100001000010111100000
0000000000110000000100100100000000000000000100001000001100000000100000100000000000000000011100100000100001000010000000001000000000010010000100000100001100000000000000000000001000000100001000000001000111000000100000100000000000010000100010110000001001
0100000000000000000000010000000000011000000000010000000001000000001001000000000000000000000110100000000010000000101010001000010000000000000100000001000010100000010000000000000000010010000000000000000001000110000000001000000000100000000000000000000100
1000100000000001000010100100000101101000100000010000000000000000000101000100000001000110000000000000000000000010010000000001000010000000000000110000001000000000001000100000000001101000010100000000000000001100000000000000000000110011000000001000010000
0001100000100000000001000101000000001000000100101000100001000011011000100000001010000000000001000010010000000000100100110000000000000000001000000010001100010110000100000000100000010000010000000000000000000000000100010100000010000000011000000000001001
0000000100000100001000100010000001000100000000000001010001001001010100110001000001000000000010000000000000000010000100000000000001000100000010000000000000111101000000000000000000000011001000000000000000000000000000010000100000110100000101101100000000
0000100101100000000000101000000011110010000010010001000000110000000001000000000010000000000000100100110001010110010000110101100001100000000001000000001000000000000100001000000010000001001000000100100000001000000000000000100100000000000000000010000001
0000000000001001010000000001000000000010111000000010001000001001000000000000100010010000010010000000010000110000000000000001000000000001010000000010000000001000101100000000100001000100000000001001000000001101000110001000000000000010010000001001010000
0000100000000000010000100001000001101010001100011000000100000000000100010000010010000000000100000000000010001011000001100101000111001000010000000110010000010001100100100001010011000100000000000000000000000000000111010100000000100001000000010000001000
0000000000100001000010100000100000000000001001010101010100000000100000010000000000000001000000000010001100010000000000000000000100000100010000001000010000000010000000000110000000000000100000100010001000001000100000001000100000000000000000000010010011
0000000000000000000000000001010100000001100000000001000100000000000000100001010000000010100010000000000000000000000000100001000000000000000100000001000000100000000000000000000000000000000010000000100000000000000000001001100000001000000011000110000001
0010000000000100001000000000000000000100110001000000010000000000001000001001000001101010000000000010000100010000000010010000000000000000000000000000000101000010100000000000000010010000100000010000001000001000000000000001011100011000000100000001001000
0000000100000000000000000000100011000000000001000001000001000000000000000000000000010000001000001000110000000000000001000000001000000000000000000000010001010000000010010100000000010001000000100000000000000000010100000010010000100000001101100000001000
0001010001000010010000000000000100011001000000000000010000001000100101010011000000000000010000001000000100000000001000100000000100011000001000000100000001010000000001010001010010010000000110000000000010000101100110010000000000000000000000001000100000
1000000000110000001000000010000000000000000000100000011010000010000100000000000000001000010000000010000000000000001100000000000000010000000000000010000001000010100000100000010000000100000010001101000001000000001100010010001000000010000001000000000001
0010000000000110000000000000010000000001000000010000000000000000000000000000000100000000010000000000000010000000000000000000100000000100010000010100001000000000000000010000000000010000100000000000000000100000100010000010000000000000000000000001000000
1000000000000000000000100000000000100001000000110001010000000010001001000000111000100000000001001000000000000000010000001000100001000100000000000000001111000100010011000010010000000000111000000000000010001001100000001000010110000010000000000001000000
1000000000001000000100000010000000000000000000011100000000110000000100110000000000000000000000000000000000000001101000000000110011000000000000010010000010000100001000000100000000000000000010000000010001000100000000100010101010000000100000000100100001
0000000010000001000000000001000000010001100000100000110000000000000010000000100000000010000000000001000100000000000101000000100010001000000010100010001000000000000000000000001000000101000000000000100000000000000010000000100000000000000010000000100001
0100000000001000100010000000000000000000011001000000000000001000001111000000100000000000101100010000000100000011000000011010100000000011010011100000010011000011000000000000000000000010000000000000000000000000101110000010000001000010000000000000010000
1000000000111000001001100000000010000000000000000001001000011100110000000000000001101000100100000010011000000000010010000000000001001000010000010011000000010010001101100010000010010001000101000000011000010010001000010000000000000000000001101000000000
0100000001000000000000000000000110000000000000000000100000000001000000001100000100100010000011000000100000100000001001001010000000000010000100000010000000000000000000110000010001000000010010000000000010010000000000000000000000000001000010001100000010
0000010010000000000000010000010000000000001000001000001100000000001000100001000001100000010100000000000001010001001000000001000000000000010100000011000001000000000000010100100000010000010010000000110000000000000110000100000100000000100000001001000011
0000000000000000100010000001000000000010000100000000010001000001000000000000000000000000011001000100000000110010010000000000000000000100000001001000010010000000010000000000100010000000000110000100000000010000000010000011000000110000001000010000000101
0000000010000000110010000000000000000000000000000000000000001000010000100000010100010001000100100000001000000011000000000010000000000000010000000000000100100000000000010000000001000000000100100010000000100010000010000000000000000000000000000010010010
0000001000010001100101000010000001011000000000011100000000110000000100000001000000010000010000000000010101001000000000000000000100001000000010001011000100000101000000000000000001000000000000010001000010000010000110000010000010000000000000000000010000
0000010000000100010000100010000000110001000100001000000000000001001001010000001100000000001000010010000110000100000001000000111000000010000010000000000010000110000000000000011000001001010001010000010000010100000000000100010000000001011100111010000101
1100000000000000000100000000000010110000001000000000010010000100011100000001001000100000100100000000000010000000000000000001100001000100000000000001111001000001110010000110000101000010010000000000010010000000001100110010000010001000000100000011000000
0100000000001100000000000000001000001001000000010000000100000010100001001000000000000000000001000000100000000100100011000000010000000010000000000000100000000000011000000000110000000000000000000111010010000011100000000101000001101001000010000001010000
0100000000010000000001000010000000000000100010010000100000000000010100000000011000001001000001001010000100000111010001101000000000010000000000000001000000001011000100010000100000000000000100001000000000000000100001000000000000000001000000000100001000
0000000010100000010001110000000000000001001000001001000100000000000000010110000000000000000001100000110010100000000000000001000000100000100010000000000000001000000000001110100000000000000000000000001000010000100100001100100100011000000010000101010000
0001000010000010000101000000000000100000001000000000000000100000000000000000100011000000001000001010000001100000101110100000000000000000110110000001000000000000100000100100000000100100010001000100000100001010000001000000001000011110100011010110000000
1000010100000000000100100101000000000000110010000100000000010000100000000000010010000100000010001000000010001000000100000000010000010000001110000000000000000001000010100000100000101000000010000100010011000010000010000000001000000010001011000000010100
0000100000000000100100000001100010110001010000000000000010010000000000010000000101001011000000000011010100000000010000000101000000011000000001100000100100000101000100000000000000000000000000001000010000101000000000001100000001000000000000010000000100
0000000000000000000100000100001010010100000000000010000000010000001010000000000010000000001100000000010000100000100110000001001100010000001110000100000001000100000000010010000101001001000001000000011100010001001000010100100000001001000000000000000001
0001001000001011000010001100000000010000100011000010100100000000000000000100000001000000100000000000000101101000000000000000000000001010001001010010000010000110000100001010000110100000001000000010001000001000000000000001000100001000000000001100010010
0010000001000000010000010000101000000000000000000000000000000000000001000000000000000001010010000010000000000010010000000000010000000001001000001000000000000010101000000001000110000000101011000100000000000000000100000100001000000000110001000010000001
0011010100000100001000000001000000000000100000000001100100000001000100000000000100000000000000000100001011000001000100100000000001100000000000010000000100000001000100000010001000000000000000001100000000010000100001000000000010000000000000000011000000
0011100010010000000100000000000001001000001000001101010010000100000000100000000010000000000000010000001000100000010100010000010000110010000000000000100000000000010101000001000011010010000000100001100000111010100100000011000010001100000011000000000101
0000011100000000010000010000000000000000001000000000000000010000000000000000011100000010100000000000000010010001010000000000110000000010010000000010000000000100000000000000000000001000001010100000000100000001100000010000110001000011000011000100001000
0011000000000010010000100000100100000000100100000000001000001011000110111011010011110000000000100000010000000000000000000001000000000000000000000000000010100001001000101000000000010101100000010000000000000000000010010000000100001010100000000101111000
1001100000101001000001000000100000100001000000011001001100001100010000001000010000010000000000000000100001100100000100100010000001000000100001000000100000000000010000000000000000000000000001001000000000000111000100100010000000001001000000000000000100
0100000100000000000111000000110001000000000000000100001100000001010000000000000010001100001110100000000000000001000000000001010000100001000000001000000000100001110000010110000000100010100000000100010000000000000000000010000000000000000010001000010100
0100100100000000000100000010100000000000001001001001000000000100000000000000000000100000101100001110010000000000000100000100110000000011000100000100000000100110000000000000000010001000010010000010000000000000000100001000110000100110000001000000000100
0000000100000010100000000010000000000001000110010000001110100000000000000000000000100001111000000000000101001000000000000000000000010110000000000010100000000000001001000000010000000000000010010000000000000010000000000001100010001000000110010010100010
1000001111000001000000001000000000100001000010000010000000000000100000000000000000001000010000010001001000000010101000000000000100000000000100000000000100001000001110100000011001010010001000100000000000000000000000001000001000000000001000100000000100
0000000100000001000001000000010011000000000000000000000000000000000000000001000000000010001100111001000010000000000000000100000000000100000100101000000001000000001000000000000100100000000000000100000000000000000000001000010000000000000000000000100001
0000000010000000100000100000000000010000001100000000100000000001101000010010111100100100000101100001000000000000010110001000000100000010001010001100000000001100011001000010000000000000001000000000000000000000000000100000100000000100000000000000000000
1000000001000000000000000001001000010000001000100010000000000100011100000000000010001000010000000001000000000100001000000110000000110000010000000000011000001001000000000010000000000000010000000011000000000000000100000000000001000000000100000000000000
1000011001000000000000100000000000000001000000001000000010000000000001000100001000110000010000000100100010100000000000000000001000000001000000000001010000000001000000000000000010000001001000100010010000000000000001000100000000110100000000100010000010
0001000000000000100001001001000000000001100100111010000000001100000000100000100000000000100000110000000000101010000000000000000001010000000000001011011100000000001000010000000100100100000001000000000000000000000011000100000000101001000001100000000000
1000100100000001010010000000000000011001010000010100000000010001000100000000000000010000100000110000001000010010100000101010000010000001000100101000000100000000100101001000000001000000000110101001101010000000101001000000000010010000000000000000000010
0000000000000000000000000000001000000000000000000000000011000000000000000001000001101010000000001001000000000001010000000010010010001000001000000001010010001000100000000011000000101000000001000000100010000000001000001000000001101010001000001000000000
0110000100000110000001001000000000100000010000110100000100000010000000010010000011000000000000010100000000000000000000100100100100001010100110000001000000101000000011001010000000000100001001000000000000010010000000001000100000111000000000000010000000
0000000000000010001000100010110000000000000100110000000000000000010001000000001001000000001000000100000000000000000000100001001011001100000000010000101000110001000000000011010100000000110000000000000001000000000000000000100100010100000000000000000010
0000000000000110011100000001000000010010000010110000001000000000000000100000000100000100000000010000011000000110101100000000001000000010010000101100000000000010001000010000010000000100001000001000000010100000000000000010000000010000010101011010000000
0000000110000001110000001000000000000000101000110010111100100000000000001000000001010000001000000010000000000000000000000010001000000000000000000000001000010000000000000100000000000010100000010010100000000000000000010100100001000000001100000000010000
0000001000000000000000000000000000100010000100000000000000100000000000010000000000001000101000000000000000000000000000100100001010000100000000000100000000001101000000110010100101000000000000000000010000011000010000100001010000000000000000000110011000
0000010100000001000001000000010010110100000000100000000000010000100000000100000000011001000001000010000100010000010000000000000000000001001000000000000010010100010000010000000000000000000001001000000001001000010101010000001001010000010000000000000001
0000000101000000000101000000010001110000000100001000000101000001000000001110000000000100000100010000010000000101100000100000001010000000100000000000101000000010101010010000110000000000010011000101010100000000000001100000000000000100000000000100000000
0011010000000010000000000000000000000000000000011000000010000000000101000000000000000000001001000010010000000000000000000000110000000010100100100010100010000000000000100000010000010001001000000000010000000000100000100001100010000000000000000001100000
0000001000000000000000000000001000000000000010000001001000000000000000010000011000000001000000010001000100000000000000010010000000100011000000010000000000000011001000000000000000000000001000000000010110000000000000010000000101000001000000000000001010
0010010000101000000000000001000000010000000000000100000100010000000000000000000000000000010000000100000010100010001000000001000000100010010101000010000011010010001000000001000000000100000000000011010000100000010001101000010000000001010000010010000010
0010000000100000000010001000000001010000010001000000010001000101000000001000000001000010000000000010001000000100100000000000010000001010000001100000000010000001001000000000000000000000000100100010000000010000100000000000000010000000000000000010000100
0001010000000010000000000000000000100001000100000000001000101000100010100010000100000001000000010000010010001100100000000000010100000001000010000001110000000010001100001000001000000000100000100100010010000000100000100000111000101000000000001000100010
0000001100010000101000100001000000100000000001000000000000101000000010000010000000001100000000010000000000100001000000000110001010000000001000001100011000000000000001000000101000000001001000000000000000000000001000010000000111001010100001100010000000
130 35
186 204
