250 250
0010100000001001000000000000000000000000100100100000000000100000000110100000000001111000000000100000000100000000100000000001000000010000000110000001000100000000010000000000000000100010010000011100011000010000000001110000101001100001100000000000001000
0010000000000000010100010000000100110000110000100100000100000000010010101111000010000010000000000000000010000000011001001000000000000000000000000000010010010000000001010110001000001000010001000000110100001001000000000000010010000000001100100100000000
0000000000000100000000000000001000000000000010010100000000001010001000000001100000001110000000000001000000000000000000000001000000000010010000000000000000000011000000000010100000101000100000001010010000000000000000011000000000101100000000000010011010
0100000000000000010000100000101000100000000010100010000000101000000100000000010000100000100010000001000100000100000000100010000100111001101000000000000100111000001000000000000010010000000001001000000100000010111000000010000000000110000001100100000001
0001111000100010000010001000000000010000000001101000100000000010000000101000000000000000000010111001000111001010000000000001000100001000001000010000100010100000110000000110001010000000000000000000000001010000000000000000001100000001100000000000000000
0000110000010000000100000000001010010000001000000000000001100000000000100000000100001000100101000000010000010010000000100100000000000000000010000000100000000000000100000000000000000000001000000010000000000001000100000000000010001001000000000000000000
0000000101100000000000000000000000001000001000000000000000000000100100000000100000000001000001000010000010000000000000000010100100100000110000100000001100000100000000001000010100011000010000111000000010000000110000110001000010000100000100000010000010
0000000100011000000011100000101000000000000000000000100100000100000000000000001000010000100010001000100101000100100000000000010000000000000010001000000010000000000000001000000000000000000000000000011001000011001000000110000000000010100001000001001010
0001000000000000001000001001000000100000000001000000000000101001000000000100000000001100010000100010000000001000001000001011000000000010000000000100000000000000000000000010001000000000100000011000011000100000000001001101100000100000000000001000101000
1000001011000010001010000000010000000100100010011010000010000000010110000001100000000000000100011000110010000000110000000100010000000000000000010000000010010000100110000000010000000000010010000000001001000000000000000000000000000000000000011000100000
0000000000000000000000101000000100000000001001000010000000000000101100010000001010000010000010000000000000000000000000000010011111000000011000000111000000000000000001100000000100111000000010000100000000000100010000000001000000100000000000010001000000
0001000000001000010000100000000000000000001000000001000100000100000000001001000000100000000000000000000001010000000000010000000000001100100010000001100000001000110000010001000000000000000101101000000100110000000000100010100010001011000001000000000000
0010000000100000010000000000000000000000000000000010011001000000000001000000001110100100000000011011000000010000010000000000010100000100000010000110100000000000000111000001000000000000001000001010000100000011000000011001000000100000000100000000110000
0100000100000010001001001000001000010010000000000000110001010000100010000101010000000000000000000000000001100110000000001001000000000000000000000000100000000000000100000110000000001000100100100010000001000001000000010001000010000000000110000000000010
0100000000100000000000100010000010000000000100000000001001000001010000000000000100000010010110101000100100000010000000100000000100000000000000000000000001000110000000000000100100001000001100000000000000100000100000010000101000000000010010100000000000
0100000000000001111100010000000000000000000101000000100000001000000000110000100100000010000000000000100010000001000000000000000100000000000000011000011000000000000000011010001010000101010010010001010010000000000000000000000000001100001000000001100000
0000001010010010000011110000000010000000100000000001100000010000001000000001000000000000000000000000000010100000000100001000001000000101000000000100000000011100101000000000000100000000000100000010000000000001100000001010011010110000001001001000100000
1000000100000000001001100101000100000000000010101000000000000101000000100000000001000001000000000100010000000000000000000000000000000000000000001000100100000000010000000100100011000100000000100010010001001000000001000000000000010000000000000010000000
0000000100000000000000000000000010000000000000000100010000010010100001000001000001000000000000000010000000010000001001000000000000000100000000000110000001000100000011100000000010000000000000000100001010000001000000100001100100100000000010100010000000
0000000000000000001010000000010010001000100000001000000000001000000011000010100000000000000001100000000000000001001010000000000100000001000001000000100000100000000000000001000001000100010010000000000000001001100000000100011110000010000000110000101100
0000000000100000000000001000100010001100000001001100001000010000000001010010010000000001000000100010000011100100000110000100000001000100000000000010000000000000000000000001100000100000000100000000100001000000000000011000010000000000000001000010010000
0000101000011000010010000010001101000001000000010010001000010001000000001000000101010000000010000001011000000000000000000000011010000001001001000000101100100000001100000001100001010000000000001000000000000100000000001010001000000100000000010000000000
0000000000010100000000000100000000010000010001000001001000001100100010000000001000000000000100000000110000001000000000000010100000010010010000011001000000000000110000001000010010000000010000000110000001000000000010001100000111010000000000011111001011
0010000000000000100001000000000000100001000010100110000000110001001001110000001000000000000010000010011000000100000000100000000100010000110010010100000000000000000010000000000000000100000000000000001000000001000000000010101000100000000000010010000000
0001000000000100000000000000000000000100100000000000000101000000010000000000000000000000100000100000000000100100000000100010000000100010001010000000000000000000100000100000001011000000000000000000000000001000010000000100100011000000000000000000010000
0010000011000000000001000100100100000010000000000000000001011010000000100100000101001010010010001000000100000000001000100001000110000100100000001000000000000001100000000010010000000001000000010000001000010001000101010000100001000000100000000011100010
0000110000001110011010100001000000010010000001000000000100001000010000000001100100100000010000100010010001000000000100100000000100000000001000000000000100101111100000000001100010000010000000010010000000000000000001000000100000000010001000000010000011
0010100000000000000000010000000000000000000000010000000000000000010000000000010000011000000000000000010000010100001100000000010000000000001000000100000000010001000000000000000001001010100000000000100000000000010100000010000101100100000000000000000000
1101010010000010000000000001100000000000010000001000000010000000000110000100000000010001001011100101110010000000001001000100000011000010000100000000101000100010000110000010001000000000000000000110000000010000001000000100000000100100000000000000010010
1000000000000100000001001001100001000000000000000000000000000000000001000000010010000000000001000000000000001001100110000000110000010010000001010001000010100000010000000000000100000000001000010010000000100000100000010001000000000000000000100000000000
0000100000010000000000000000001000100000000100000010000000010100100001000000100011000100001000110000100010100000000010000101000000000000010000100000000001010000000001000000000101001100000101011010010000100100000000010000001001000000000000000100000010
0000011000000000000100000100000100001100000000001111000000000010000000000100000010000000000000000100000000100000010000000001000000000000001000000000000010100000011001100000001010111000000000000000000000000100000100000000000000000010001010000100100001
0100000110010100000000100000000000000100000000000010000000001001000000101010000010010000100010011000010011000000100000000001000000100000100000100011000100101000000000000100000000001000100010000110000001000100100100010100000000000000000000000010000001
0000001000000000100001000001000001000011100100010000000000010000101110000000010001000000000001001010000100000000000101000000100110000100001000111000000000001001001010000010001001000000001101000000001000001100100100000101000000101100000010100100100000
0000000001101100001000000010000010000100100000000000000010001010100010010010000000110010000000000010000000000000001000000000000000000000010000000000000001111000000100000010001011000100001000010010000000100000000000010000000000111110000000010000000000
1000000001000000000000000100000000000000000000100000000010000001010000000010001010010000000001000011100000100000000000000100000000000000000000000000100000000000000000000000000000010000001010000000000000000000110000010000000000100001000000000000000000
0000000001001000100000001111000011000100010010000000000000000000010100000000000000100001000000100000000100110001000011000110000001000000110001000101001010000000000000000000111000100110100000000000100010010010000001100000010000000000001000001000100000
0000000100010000000000000001100011010000010000001010010000000100100110110010001000000000000000100000000001100100010100010010000000000000000000000000000000000000000000100000001100001010010000000000000000001000000100000001001100000001110000001000010000
0001000000000011010000000000001100001001101000100000000001000000000000100001100000010100010001010000010000000001000000000001010001000000000001100000000000000000100010010000100000000000101000000010000101000101000001000000001010000000001000000000010000
0001000010000000000010000000100101000000000000010000100010000010010000001000000101000000000000000000000110000001010000000001000001000000000010000000010000000101010001000000001010000000010000000101000000100000000000001000000000011000100010100010001100
0000000011110000000010000110000000000000000000001000000010000010000100000010000011011000000100000000000001001000001010000000010000011000110001000100000010000000000100000000000000100010010000100000001000000001001001000010001000100000010001000000001000
0001000000010001000001010000000000001010011000010000000000000100000000110100001100010000000000010100000000000010000000000000100010010000100000010000000001001000000010000000000101001010001010001000000000000011000000010000100010000010000010000000000001
0000000001000000000000000001000010000000000000100100000100000000001011100110001000001100000100010011000001010000011000000000010000001010100010100000100000000000001000000000000000000000000010010000000000000000000000100100000010000000000000000000100000
0001000010000000000000000000100000011010000000000000101000000001000000100000000010100010000010000000000010000010000001010100011100000000100000000000000000010000100000000000000010011101000000000001000000000000100000001000000000011000100000000000000000
0000011000000010000000000001100000000001001010000000111000000001011000000010100101000000000000000000010000000000010100010010000010000000100001010001000001000000010000000000010010000000000011100000000100110000000011010110000000010011000000010000100000
0000110100000001000100000000000100100100010000000000010000000000001000000011101100000000000010111001000000000000000010101000000100010000000000100001100100000000100001000010001000000001000100000001000100000010000000100000000001000000000110000000100000
1000000001000000100000000001000000100000000001110000001001000000010000000001000011000000000000011000100000000000001100000000100001000000000000001000000000001001000001000010001000100110001000000000000011000001000010000000000000001000100010000000000000
1000000000000000000000000110000000011110001000110000010100001000011000000000001001000100000000000000000001000000000000001000000100010001000000001000000101000000000101000010101100000001000000101100000100001100000000100000110000001010000000000010000010
0010000100110000001000100000000000010001000001000000000100001000000010000101000011000000000000001101000000000000000000000010000000000000000010100000010000000001010000000010000100100000000000000000000001000001000001001000000100000010000000000000000010
0001011101010000000000001000000001000000000000101000001000000000000000000100000001000100000000000110010001011100010000000000000000000000000010000000000000000001000000000000001000010000000010000000000010011100000000000000001000001000100000001100000010
0001000000000000000000000110000000000000000010100000101000100100010010010100000100010110000100000010000100111100000000001000000100010000000000111000000100000001100000000000000101100100011000001010100000000000000000000001000000000000000001001001000100
0000000000100001000000000000000111000000000000000000100110000010000100000001001001000000000100010100000101100101001000000001000000010101000000001000000010010001000000000000000001000000000000101000100001000000001000000000000000010000100100010000000100
0000000100000000000101100100001000010000000000001100101100000010000001000000010000100001000000010011000000000000100000000110010010001000100000001000001000010000000010000001000000000000000000010000101001010000000000100000000110000001100000011010000000
0100010010000001010001000000000000000000101000000001011000000001100000000000000000010000110000000100000000010000000000000000010000001001001100001000000000010000000100000010000000001100000001000000100010010010010000010100000100000000000101011001010000
0000000111000001010000000001001000000000010010000000010010011001010001010000100000001000010000000101000010100010100000000001010001101000000000000000000100000000010010000000010000000000100101000000111000111110000010001000000000000010000000101100101000
0000000000000010100000000000001000000100000010000100000011011000100100000010000111001100000000010100001000100000110000100000000001000000000000001000000000000000000000000010000111001000000000000000000100010000001010000100001000100001100000000000000010
0000000001000100000000000000000000000001001000000010001000000000010000010000000000000100000000000010000110000000100000000000000000000010010100000000100100000000000010010000000001000100000000001000010000010000000010000000101100010010000101000000010000
1011001000000010000000000000000000001001000000000000000100001001000001000000000000000011000110001000000100100000000010100000000000100000000000000001000000000000010000110010000000100100000000000000000000000010000001001001000000000100001000000010000100
0000000000001000010110000001010100010000000111000000000000000000000001100000100000010000000010001000011000001000000100000000000000000001010110000000100010000000000100000010000010110000000000000010100000000000001000000110110000000000001000000000000000
0000000001000001000000000000000100100000100000000010010000010100000001000000000010000010000000000000011101000001000110100000000000000000000000001000001100000100000000000000000000100010011000000000001000001000001001000000100000000000000001001000000100
0000000000010000100000000001000010000010000010001010100000001000000000000000000000000000010000000000000000100000001000100010000000001010010000000001000001001000001000000000000000100000000010000010000000000000001000000000001011000000001010100000000010
0001011110000000000000000100100100000000010000100000000100000000000000010000000000100110000000100000000100001000010010100000000000001110000000000010000010100010000100001000000001001000000000010000000000100010000000100100000000001000101010000010000000
0000001000000000010100110100000000101000000000000000001010000001010000001100000000000000001010000000001000010000001000000000000000001001001000000000000000000000000010000010100001100001000011000010000000000001010000000000010110010010000100010010000001
0010000000000100000000100011010000000000100000011000100010000000000000010010000001000100001100000000000010000000000010000000000010011010001000000000000100000010001010111000100000000000101000000010000010001000100000000110110000001000000000000000000000
0000100000000000000000000101000000000000000010000000000000000100001100000000000000000000101000110000010000100000000000000000000011100000000100001000000010000000111000001010011100000000000000000000011000000000010000000000000001000000000110000001000000
0100001001100000100001010001000010001100000000010000000000000000000000000000000000000100000000001000000000010010010100000000000010001100100001101100000000000010000000010000000010100101100000000000100000000010000100000100001000010000000000000000000000
1000110010001010000010000000000000000000000001000010100000100010010000000000000000000000010001000000001000000000001000001000000100000100100000010101000000000000000000000100000100000101001000000010000001001000000101000000000001100010000010000000000001
0000110000000100010010100001010000110000101001000000010000001001110100000100000000000100000100001000101000000100000010001000001010001100010000000001000000000001000001000100000000001110000011100000000011000000000001010000000010000000000100000000100001
1000000001000100001000010000000100001010000000001000000000100010000000000100000100000000010001001001000001100001000010010000000000010001000000000000100100100000010000000000000000000000000100000010000000000100010000000000100000000000010000110000000000
0110000010000100000000000110001100000000010001000000000000001000001000000000000000010000000000000000000000001100000101000001010000000000000000001000100000000000001000000000001000100001000010011100000001000000010001000010001000000000100100000100010000
1000000011100001000010100000001000100001010010100010010000000000100000010010101000010010001000000001000000100000100110010100001010100000000100000000000000001010000000000000010000100000000010010000000000100000100000010100100000000101000000110001001000
0100010100000001101000000000100010000000000010000010000000000000010000000000000001000000001010000001000000000000100100000000001010000100110010001000101001000000000010100000000001000100000000000000000000100001000100101000000000010100100000110101000000
0000000000010000000000000001000000000100000000010000001100000000001101000000000000000000000000000000000000000100000000100000010000000000000010000000000000000000101000000000010001000010001001011000010100000001000000100000000000000100000001001000000001
1000000100000000001001010000000000000100011000000000000000000000000000000001000000010000011000010000000000000000001000100000001000000000000101000000000001011000100000011000000010010010000000001001100001000000010000001000000000010000100000000010000010
0000000001000000100000000000000100000010010000000000111010100000000000010010000010001010000000011000010000001000000100000010000001000000101100000000001010000000001001000010000000010001110001000010001000001000000100000000000000001000110000101000000000
0000000110000100000000001000000010000001100000001010000110000000000101000000001000001000000101010100010100001000000001000000000000000000000000000010000100001000000000000000010000100100010000011001000001000000000100001100000010000000001000000001000000
0101000000000000000000010000000110001100101000000000100010000000011100001000010100000000000011000101010000100000001000100010010000011010000011001101000000000001000000000000000000010010000001000110000001000000101000001000000101000001010000001000001010
0000000000000000001000010001000000000000000000000001001001000100101100101000000000000000010001000100010100000100000000101100000000000000001001010000000001010000100000001000100100111010000001010001000000000001000001001000001010000000101000010100000010
0000011010000100000100001000000000000000000000000110011000000000000000100000000000001000000001000000010100000000000000000000001000110000011010000000001001001010001100000000011000000000000011010000001010010000000100000100000000000000000000110100100110
1000000001010000010000010000000100000000010000001010000001000100000000001010000000000010000000010000001000001000000000001000000000000010000000000000010000000110001000000000001000000001000001000101000000000000100100010000010011000100000000110000001000
0110000000000100001001001010000100010010000100000000000000001000000000000000000001000000010001010000000000000010000000001000000001000011001010100001010000000000000011100000000100000000100000010001000001100000010000111000010000000000000000000000000100
1000001000000000000000000000010100000000000001001001100000000001001100000000000001100000100000000100000011010000000000000000001000000001110000000000010000001001001000100000100000001000000010011000001011001000000001000011100001100000001000000000100000
0000101000000000010000010000000010000000010000011000000011000001000000010000000000000000110000011000000001010000000001000010000001000000000010000000000101001000000100000010000000001111000000001011000001000000000000000000010010000100000000000000110000
1100000000000000100000101010000000000000000001001000000010001010101000000001000000010000010000000101000000001000000000000000001100010000000000000001000000100000100000000000001000000000000001101000000010000000010001000000001100101000100000000000000000
0000001100000000000001110000010000000000010000000000000000000000100001000100000001110001100001010000000001100101010000100000000010000001000000001100000000001010010000000011000010000010000000000000000010000001010001000001010100000000100000000001000001
0100000000000000000000100000000110010000000000000000000000101000001001001000000000000000000100000000000100100000000000000100001000010000010101010000001011101000101010000001000001001011000010000000100000000000000111010000100001001001000100000000001101
0000000000001010000000010000000000000000000000000000100000010100000000010100010001000010001101000000100000100010000100101000100111010100100001011000010111000010100010010000000000000010000110001000000000000000100000000000000000000110000100000000000010
0010010000000001000001000000100000000100011000001000001101000010001000010000000000100000010000101010000000000000000010000000100000000100010011000000000000100010001000100000000100011000000100010001100100000000010000000000110000000000001000000000000100
0001000001000000000000000000000010000001100011100100011000001100000000000000000000000000000000000111100010100000001000001001000000000001100010011001000000010101001000001000000010010000000000001000000000000000000100001100000100000000000001000000000100
1001000001000101000000000000000010000101000000011010010101000000010001000000000001000000000100001100000000100101000000000100000010000000000000000010110010000000001000000101000000010100000001010100010111000000000000000000001000000101100000000010000000
1000001000000000000000000010000100010000000001101000011100001000000101000001000000010010000000100100100000000000001001000000010000000000100000000000001001000000000001000000000010100010000110000000100000000001010000100000010000001000010000000000010010
0100011000010000000000010100000000000000000101001001111000110100000010100000000000000000010000000000100100000000000001010000000010001000010000000001010000000001011000110010011000000000010111100000100010001010000000000000000000000000001000100010000000
0001100000100100000000000000010000000000000000000010000100110000000000000000101100000000000100000000001001110001000000101000000010000010000000001000000100000010000000000000010000010000000001110000000000100000000000000000000000000000000000000000100000
0000001000000000000000000000000000000010100010100100100000000110010101010100000101000000000010010000010000010000100010000100000000000001001100000000000000000000000000110000001001000100000000001000001000000000000001001100000000000100000000000000011011
0100000001000100000100000000000001000001000000000000000001000000100001000100001010000000000000100000010000100000010100010000000000000000110000000100001000000000010010000000001000000000000000001100001000000000000100000000000000001000000010000000000000
0000010010000000100100000001100000100001011010000000000000000000000100100100111000100000100010100000000000010000010000000000100000100000000000010000010000001100001001000000100000000001101000100100001100010000010000001000010010011001000001000100000000
1000000000010000000100000000000000010110000000010000000000000000000000010010000000000000000000000000010000000010000110000101000000010011000000000001101010000000010000000000000010100000100000000001000000000010010000100000000000000001100101100010000000
0100000000000110001010000000010010000010000001010000001000000010010000001010001100000000000000001000001000000000001000000000100000000010001000000011000000000100100000100000000000000010000000001000011000010110000100001000000000001000000010010000000000
0100010000001000111000100000000000000101010000000001010000000000010100000000001000000000000000000000000101000000010100001000010000000000000000000001110000000101000000010000000010000000000010000000000000000101001000000000000001100000000000000001001000
0000010100000001000110010001010000000000000000000000011000000011110010000000000000000000000000000000100001100000001001000100000000000000000000100000000000010000000000000000010000000000000000001000100000000000100010000000000000010010000000000000000000
0000000010111000000010010000010000100000000011000000100000100000000100000000010000010100100000000000000000000000000000000010000000000000010101000100010000110000001000001010011011100000100010100000010100000001100100000000101000000011000010000100000000
0000000010001000001000000000001100001000001010000000000001000000000000000001000000000000110000011000110010000000000000000000000110000010010101000000000000000001001000000010000000001000000100000000100001010100001000010100100000000000000100110000100000
1000001010001000010001000000001000000100000000001000000000000110001000010110000011100101001100100010000010001000000011000000000000100000110100000000100010100000010010001001000000000010000100000000000010000001000000000000100000001000011101100000000001
1000000000000100000000101001000000111101000000000000000001000000000100100000000000000100000000010010100000001000010000100000000000110010001000000010000001000010010000000000000000100000001000000000011000010000000000000000001010001000000000100000000000
0000000000100010000001000000000000000000100010110000000000000000001000001010100000000000000000000000100000000110010000000000000001000000000000000000000001000010001101100000010000100000000000110010000000000000000000000000000110000100000000100010100000
0100000000001110000000000000110011100010100001100000011000000000000000100000000001001000000010000000000000000000000001000100110010010010010110101000000010000000000000000000000000000000000000000000011101000000000101000000000000010010100000000000000000
0000100000000000000000000001100001000101001000010010010010011000011000000001000000000000001111010001000000000100000000000100110011011000000000100100000000000000000001000000010100100000000000000001110000000100000000100000010001001101000100000000000000
0000000000000010001000000000001000000000000000000000001100000000000001000000000000000100001000000000001000111100000001000000000001001000010000010010000001100000001000000100000000000010000001000000001110001000000000000100000000010100010010000000100010
0110000000000100000000000100010000000000001000001000000000000000001001000001011010000001000100000000000000000000000000010100001000000000000000000001000000010000000000000000000010100000100100100000000001011010100000011000000100000011000000000100000000
0000000000001000111100000001000000000000010000000000010000000110000000000100001010010000000000100000000000010000011000000100001110100000001000000000000001100001000000000101100000000000000000000101010000000010111000000001100000010000000001000000100000
1010000010000101001100000001000000101000001000000011001000000000000000010000000000000100010000000000000000001010000001100100000000010001010000000000000110000010000000000000110000000000000010000000000000010100000100000000000010000000100010100000101000
0001000000000101010100001000001000001000000101000000000000000001000000010010010000010000000010010100000000010010000000000001010010000000000001000001000000000010001000010011010110000000100100100001010100001110000010000000001000001100000000011001000010
0000000010000000010000000000000000000010000000011001010000000000010000111010000000000010000010000001000000001100000011001100000010000110110010000000000001000001000000000100000010000001000000100000000100001000000000000000000000000000100110010001110010
0001000000101000001000000000000000001100100001000010000001000010001000000000000000000100000000001110000100000000000000000100000000000000001000011010000000000001000010000000000001000000000000000110011100000010001000010000001001000000001001010001000100
0000000000000000011001100000111010001100000000100000010000100110100111000000000100000000000000000000000001100001001000000000000000000001010000000000000000000010100000000100010000000000010000000001000000100000000001000000000100000000000011010000001000
1000000000000000000000000000000000000000110000000001000100000000101000000100000100000110000100000100100000001000000010000110000000000000000000100000000011000000000101100000000000001000000110001000000000011000000001000001100011110000000010000000001110
1000000100000001100000001010000001000000000000100000001000010100001001001110000000000001010000010100110000000001000000000000000000000000000100010000101001100001000000000010000000101001010000000000001000000001000000001001000000000010000000100100000010
1100000000100001000000010000100100000011001100000000100000001000011000000000000010100001000000001100001000001000011001010000000011000000000000110000010011100000100000110001010001000000000100010100000001000010000000001000001000000000010000000010010100
0000010001101000000000000000000000000011110000000000111100000000000100011010100000000000001000000000100001000101100001100010000000000000001000110110000010001100000100101010100000000000000000010101000000000000000000000000100000000010000000001000010000
0100000101000000000000000000000000000001100011100000100000100000100000000000001000100000000000100000000000011001010010011000000000000000100010000000100000000000000110000100000000000000001000000000000100000000001000000000101011000000011000001010010000
1000100010000011000000000010000001000001000001000000000011010000001010100010001100000100001000010001000001000000000000000000001110101000001000100100000000000000000000100000010000000010000100000000000000100000001000000000000001001100001000100000010000
0001000010000100000000100010000000000000010010001000001000010010000000101001000010000100000010010001000100000010000000000000001001000010000010000000000001001000100010010000101110011100000010000000000001010000001000000000000000100100010100000000000000
1000000010000100000000000100000010100001000000100010000000100001000001000001000000000100110101000010000000100000100000100001100001000000000000011000000000010000000001000000000000000000000010000000010010000000000000000000000000010000001010000010000101
1110100001000000010000001100100010010000000000000000010000000000000000010000010110000100011000001000000000100000000000000100100000000000001001100001000000000001000000000100000100000000001000000001000000000000001000101000000001011001000010001000000010
0100000000000010000100000100110000000000010000000010001101000000000101000101100000000100000011100000101000000100000000000000000010001100000000010000100100001000001100000000000000000000000000000000010100000001010001010010000010000100000000001000100010
0000000001100001001000000000110000000000100100001000000101000000000000000001000101100110000101100001010000001100000000000000000000000000000001000000000001000000001000000011000001001010100000000001110100010000000000000000000001000000000101000010000000
0101000000000010100000000001000000000111010000010000101010000000000000000000100000000100000100001000000000010000000010000000000000000110000110000000000000000001010000000000010100011010000110000000000000000010000001110000010000000000000100001000000000
0000000101000001100000000000000100010000010010010001001100000000000000010001000000001010110001000010000000100010001001100000001000100000010000001000000000100100010000101000000000000001010100000000000100000010011000000001000000000100011000000100011000
0000011110000100010000011000001000001000000010000000000000000110000000010001000000000100000000000001000100000010000000000000000000001000001100100000000100000000110110000000000000011000000000100010000001001001000000000000000001000000111000000000000010
0000000100000010001001000000010000000001010000000010010000000000101100000010011000000000001110000010000000000000110100000000100010101001010000000000000000000100001100000000000010000010000000100000010000000001000000000000000000011001000000001011000000
0100100000000010000100100100001110000000001010001000000010001010010001000000000000010100000000000000001010000101000000000000000000000000100100000001001000011001000000000000100011000000000000000001000001100000100000000010000010010000000000101001000000
0000001010001100010000010000000000100000000110000000000000000000000010000000100000000010000010011000000000000000000000010000010000100000010100000010001000001011000000010010000001000000010101000000010000000000000000010100100100000000100000000000010000
0000000001000100000000100110000000000001100010000000100000000000001000000000000000000000010000000000100000000000010011010000000000100000000000000000000000100000000000100100010001000000001000000100000000110010000010010000101000000110100000100000000000
1100001100000010000001000000001000001000000100000000000000100000100001101100010010010000000000000001000000011010000000000000001100000000000010000100000000000000010010000000101000000000010000011010110000010000010100000000000110011010000000000100000100
0000000010000101000000010000101000000010100101000000000000000101000000000000010000000000000000001000000000000000000100010000000000000100000010000010000000000110001001100010000000000000000100010000001000000000101000001000000110000011010000000000000000
0000001000000000000000000100000001100100000001000000000000000000000101110000100000000000000000000100000000000000010000000010100100000000000000001000011001001000000000000000101100000010000001000001000010011010000100010000000000100000000010010001110010
0000100000000100000000000001000000100100000000000010000000010010100110100010000000000000010000000000000100000000010000100010100101010000000000000000100100000000001011000000000000001000000000010000000100000000001000010010000001100000000000100010001010
0010100000000000010000000010101000000100101010100000000010000000000000000100100000010000000001000110000000000000010000000100011000000000000100000000000000010001000000001001000001000010100110001000000001001000000000000000000100000010000100000000001000
1010001000000100100000000110000000000110010000000000000000001001101110000000101000001000010001010010001000100010001100010000100110000010100000010011000010000000000010000000000000011010000100010000000001000000000001000100110000000010000110000000101100
0000001000000000000010000000000000010011100000110100000000000000000000000000001010000100000000110010000000010000000000010001000001111000010000001001000010000100100000110000100000000001100000100100000000000000000000000000001000010010110010000000000001
0000000000000000000000000000000000000000100000100010000000100100000001000000000000010000100000101000001000000100011000001001000100110010101100000000100010010000100000000001001011010010000010000110000001000100000000000000001100000000000001000000000000
0000000000000100000000000100100000000000000000000001101000000000000000000000000100000010000101100000100100000001000000010000100010000000000010100000100000000100000001010110101100100100110010100000000001100000000001000000000000000000100000010000000010
0000000001000100001000100000000000010101000001010000100100000001000000010100001111110100000000000000000010010000000000001000000100101000000100001101111001000010000001000000000000010001001000000000000000010000000101000000000010101000000011000000000010
0000010001110000000000001011001000000001000000000000000000000000000010000110000000010001000000000000010000000100000000001010001010001000000000000010000010000100001100000010000000000000110000110100001000010000000000000000000010000000101000011010000000
0000000001000000000000000000000000000000111000000110000011100011100000000001010000000000001000100000001100101000110110000100000010001110000011001000010100000000101000010100000100000010001000000001000100000000000000000001010000010000000000000001000100
0100000111000000010000100010000000001101000100011000000000010000000000100100100001000001000000001000000010011000010000000110000000000000000100010000100010111001101000001000000001000000000000000000000000000000011000000000101000000000001101001000000100
0000010000000000100010000000000000000011010000000010001100000010000010000000001101010001100000000000000010010000010000000011000110000010100100000001001001000000001110000000101001000000010000000100001010000000010000000100001000000010000000010010000100
1010100000001100100010000000000000000100000001101000000100000011000100001100010000100100000000110000000100010010000000100001001011000000000000100000001000000000010000000001000000000010100000010001010000100000000000010000001000000010000000000010111010
0000000000101010010001010000000001000111000100100011000000000010000000001100000100001000000010100101000000000000110000000100000000100000101000000001000011000010000000100000100100000010000000000000000001100110000000000000000000000010100000000001100001
0000010000100100010001100000100000110100000100000010000000100001000000001100000001000000000010100000000001000110000100000000000000100000001110100010100000110000010111111000000000000000000100101010010000000100101100001100100000110000000110100010010000
0001000100000111000000000001010011000100000000100001010000100000000000000001100000000000001001000000110001000010100000000110000000000100000011100000100000100000010000110000000000000001000000000000100001001000000000000000000000000000100001000100000001
0000000000000000000000000000001001000011000000000001010010001000001110000000000000000000100010000000000000100000000000000100000000000000001000001000000100000000010000000000000000000100000011100000000010000000000000100000000000000001000000000101001001
0000001000010000010001010000100000000000000100000001100001001100100000010000000011000000000000000010100110100000000000000000100100000000011100001001000011000000000010000000001010100011010000110000000010001000000101001000001000010000010110000100010000
1000000100010010000000010000000101100000000000000101010100100100000101000100000000000100101000010000000001010000110000000001001000001100000000001000000000010001001101000110001001000000110000010000010000000000000000000100000000000000010011000001000100
0000010110000000000000000110000010010000000011100101000000000001101000000000100000000000000000010000000001000000000001000000000000001000000111010000000000000000100100010000000000000000010011000001101000000000000000001000000100010001001010111000000010
0101000000001001001100000100000000010001100000000010000000000001010001100000001100100000000000101000110001011000000001000010010100000000000011000000001100000000110000000000100000100000010000000000100010000000010010001000000000000001000010000000001000
0100000000100110000000000011010000000000000110000000000000000001011000000000000100011011000000000100000000001000100000010001000010010000000000000000000000101110100000001000000000010000000000000000001000000000010010010000000010010010000100000010110000
0000000000001000010000000000000000010000011000000100000000000000010010000000000010000001000100000000100000000000001010000000100000000100000000011000000001000000100000000010001100001000001111000000000000000101000010000000100010000000001000010000000100
0000000010101000100000100000000000011000000000000100000000000010000000100000000010110000000100000100011001000010000000000100000000100000100000000000100000000001001010000100100000100100000101100000100001100100000000000000001101001000000000000100000000
0000000000000000000000000000100100010000010000000000010000010000000001000001000000000001000000000010000000000000010000000000100001000000000000100100000000000000000000000001000000000100000100000000000000000000010000100000000001011000000001001000010000
0000000000000100010000000100000000000000000000000000000010100000100000000000000000010110000100010100000001000010000000100100000101000000100000000100000000010001000000100001000100000010000011000000000000111100010000000000010000000000000001010100000100
0000000000000000010001000010101000101000000010001000000100000001000000010000000000001010000010000100000000000000001001000000100000001000000100000010000000000100000100001000000001000011100001001001000000000000000000000000000000000000000100001010000000
1001000100001000100000000000000010010010000000011100101001000000010000100010100010100001000000000000000000000000010100010010100000010010000000000000000000000000000100010000100000100000010000010001100110001100010000101000000001000111010000011000010000
1001000000000101000000000000000001000000000000000010000100000000000000000010000000001110000000000000100000000001000110000010000001000000000000000000000100001100010000100000101100000000001000000000000000000000100000010000000000000000110001000001000000
0100000010100000001100010000000000000000010000000100000000100000001000000000000000000001000010101000010000000101000010000000000000110101000000000000000000000000100100000000000000101000100000000000010000000000001000000000000010001000000000000000001000
0100010000000000000000101111000000000101100000000000000000000000000000110010100010000000000000000000000100000010000001100001100000100100000001001000000001000010001000000001000000000000000000000000100001110000000000000010010000000001000000000001100000
0000010010010000000000000001000100000000000000000110100000100000001000100000000100000000000011000100000000000010000000000000000000001000001000000000000000000010000100010000000000001000010000000010000010000000000000010011000011010010001100000001100000
0010100000000000100000001010000000101010001001010000000000000000010100000011101000000000000101001011000101000110000001010001010000000010000010000110000000000100000000110010010000000000000000100001001100010000000000000001010000000001000000001010001100
0100000000000111100000000011100011000000000100000000100000010000000010000000100001010100001000000001000010000100000000001000000100000000000001000000000010000010101000001000000000000000001010101000010000000000100000000000010000001000000000010000100010
0010000010000000000101000110000000010001000100000000000000000000000000001010001010000000001000010000010101000000100001000010100000100000000000000001001010001000010000000000000000000001000100000000000100010000000000010010101000000000000000000001001000
0000000000000100001100001000010010000000000000000000000010100001000000101000100000000011000110000000010000101100000000001000011001000000000001010000000000001100000000000000000010000000101000100000010100000100001001001000000000000000001000010000100000
0010000000000000000000001000000010000010000010101100000000000010010010000100000001010000000000001100000000000000010000000000010100100000001001100100000100100000000000001100100000000010000100000000000100011000000010000100000100100001000000010100000000
0001001010001010100100100000001001001110000000001000000000100000000100000000000000000100000000000010000100010100000000000110001000010000010001100000000100000000000000000000101000101000001001000010001000001000010000000100000000000000000000000000100001
0001100000000000000000000000100000100000100000000100000000000000010100100111001100000000010010000010000000000000100000000001000000010010000001000000000110000000110000000000000001000000010010010001010000001100000100010000000110000000000000000000000000
0010000010000010000101100100010000000000100000001110000000001000000010000001000100000000000000000000101000001000000000000010000011000000000010000000001010000000011000000000110000000010100000000010000000010000000000000000001000000000001000001000101000
0010001000000100000000010101000100010000010000000001000000000000000000000000000000000100000000010000001001010000000000100000000100011000000000000110000000000100000000100110100100000010101000000000000110100100000010000000000011000100010000000000000000
1000000000000100000000000000000000001001001000000000001010100000000000001001001100110010000100000000010100000100000001000000010110001000000011110000000001000001000100000011100000010000000010000100000000001000000000001000010100110000000001100000010001
1000000000000000001010000000000000000110010000000100000000100100000000000000000101000000000000000000000010100001001000000100000100000001000100010000000000000000010100000000000000010000000000000000000000000000000000000100000000101000001110000001000000
1001100100000000100001010000000001000100011000000000000000010000011000001001001000000000000000000000000001000010000001000000000001000000010000000010000000000000110001000010000000100100000000001000000000000000101100000000010100010000100000000000000000
0101000000000101000001011001000000000010000100100001010000011000100000001000101100000000001010100000100000100000100000110010000000000000000010000000010001000010000101000000100000001000000000000000000011100001001010010001100010001010000100001010000000
1100000001000000000001000100010000100000010000000100000110000000000000000100000000000001000001100000000001000000010001100000000000000000100000000000000001001000000000001101000000100001011100010000000001000001001001000100000010000000000100001100000010
0000000000000000100000010001011000001001001000000000100000100000000001010001000001001000000000000000000000000010110000001001000000000100001000001010010000000000000100100000000000001100000000000101000000000000110100000000000001110101000000000000000000
1000000000000000000000000010000100000000000100000010010010000100000010000000010000001000000000100101000000000000001010001010000001000000111011100000000000110000011100001000000000010000000000000001000001000010000000001101010000000000000010000000000001
0000000001000000101001010000100000100000011001010001000001101100000100000000001000000000010000101100000000000111011000000001000000000000000000000001000010100000000000000000000000000101011000000100100100000000000100100000000000001000000000100001000010
1000100100001000001000001100001000100010000110000110000011010110000110001001001000000000111000100000000110000000000000100001000000100100100000000000000001000001100000001000000000000100101000101100010010001000011000000000000010011000010000000000000010
0010000101001000001001000000000010000000110001010000100100000000010000000000101100000010001010000000000000000001000000000000000000010000001111100111001111100010000000010000011000000000000000100000001000001000011000001000100000100010000001000000000000
0101000100001100000010110000001010000010000000010100000001001000000110000000010001000000100000001000101000000000000000000000100000000001000000000010001100000000001000011000001000000001000010000010100010000000010100010001001000100111000101000010000011
1100000000011000000000000000000000100000000000000000000000100000000001000000000000000000001010011011000000000010100000010100000010000010000110000000000100000000000010000000010110000000001000000001000000000000110010000000001100000000000100000000011000
0000110001010100000000000001000000000000000000000001000000000000001111000000001000010000000000000000100100000000001000000001000010000000000000010001000010000010000000000000000000001010000000000000000000000100000010010001001010011000010000000000000011
0010000100000000000010000101000000000000000000000010001000010000001100000010000011000011000000000001000100100001011010010000001000000001001101111011001000000000100000000000000001001000000000100100010010000000001000000000000000010000000110000011000110
1000010000000000001000001000000000000000000000000010100000000101000000000001000001000001000000000000000000001000000001000001001010000000100000100000000001000010000100000100001100000100000100100000000001010000100000011000011000000010000000000010010010
0000001000001110000000000000000000000000000001000000010001000001000000000000000000011000000000000000001000111000010010000000000000010001001010100010010000000000010000011000000000101000000001001100000001000010000000010100000001001000000000110000110000
1000001010000001000000000000000010000000100001000000000100010010000000000100100010100000101000010000000001000001000000000000001000001000000000000100000100010000000001000000000000000000000000000000000000000001000110000010000100001000101001000001010000
0110000100000000000000000100000000000000001000100000000000000000000100000000000000001100000000000000000100100001000000010000001100001000101000000000000000110101101010001011100000000100110000001000000001000000000011000100000000010100000100001010010100
1110000000000000000000000000100000000010000100011000000001100010000011011010000110000001110000000010000100000000010000000000100000000100010000111010010010000000100000000000100000000000001000100010001000010000010000001100010010010000010000000000001000
0000000000000110010001001000000000000010001000100001001100000010000100010010100000010000000001110001100000000001000001001000001000000000010001100000000100110011000000110001000101000000010010100000000000000100000000001001000000100000000011010000010100
0000000000000000010000001001000000001000001011110000001100000010000100000000000010001011000000000000001000000110000000010010010000000001010100110000110000000000000100000001100110100000000110100000001000000010000001000110000000000000000000000110000000
0000010101001001001000100011000000001000000000000000001000000001100000010000001000011000000100100100010000000000100001000011000001001000001000000010000011000000000000000000000100000100000000000000100000000000011101011000001001000000000000100010000100
0000000000000000010000100011000000000100000000000011010010010001001010000000000000000100000100100001001000001101010011100010010100010000101000011000010010001010000001000010010001011010000000000100001110000100010010000100010000100010100000010000001000
0001000000000000010000000100010100001010000110000001000000000000000010010000000000010100010000000000000000001000000010010000110100100110100100000110100100001000100000000100000010001000000010000000100000110001000001001000000111001001000000000000000000
0010000100000000110000000100100000100001001000001000000010000000000011100000110000000000011000001000000010001000000000000000000000101000000000000000000000000010000000001000000010100010000001001000010000010000000010011000010000000000000001011100100000
1000000000000000000000000001000000000000001000000000000000000100000010000000000001000000000000101000000000000000000000000101000001000000000000111001000010000001000000000000001000010010001010000000000101000000011000000010000100011000100100000100000001
0000010000100011100000000000000000000010000100000000000000000000001000000010101110000000000000010011010110110100000000000001000000000001101000001000100000000001100000000001000010100000001000000000000010000001010000000001000100011000000000000000000110
0000000000000100000011000000000101000000001000000100010000000001010110010000000000000001000000000001000100000000010000000000010100000000010010000000000000110010100000100001110000000000101000100000110001000000000000000000000001010000010000000001100000
0000000000000100010000010000000000011000100000010000000000101010101000000000101000000000101010001000001000000000000000010100000100000000000100000000000010000000001010001000000000010000001100000001100001100000000100000001000100000000100000000000011000
1000000000000010000100000000000101000000000001000000100000000000000011001000000100000000100110010011100000001000010001000001001001000001010000001001010000010111000001000000000000001000000010010000000001000010000010010000000000001000000000000000000000
0000100001000000001000000000000000000100010000000001100100000010100000000100000000000000000000010110110000000100000110010000001100000110000010000001001010000101000000000000010101000100010001000000000000010000001010100000000001000000000000000010000000
0000000010101000000000100000000000101100000000000000000000000000001001000000000010001100000101000010010000000000000000010000100001000111000011000000000000000000010100000000100010000101000000000000000100000000000001000000010000001110100000000000001000
0000000000000001001101110000000000001000000000101000000000000100110010100000000000000011000100100000111000100000110100000000001000011000010000100000010100000100000000010000010001101100000000000000001100000000000110010010000010000010000000000000000001
0000000000000000010000110001000010000100100001000000001000010000000000000000010000101000100010000000000001001000001110000100000000000000000000001100000100000000010010000000000001001000000000110100001000110000111001101011001000100000000000000010100110
0000100001100010100000100101101000110110010100100101100001000010100010000000000000110000110101111001000000000000100000001010000000000000001000000000011010000000100000100010100000000000001000000011100100000000001011000001000000001100001000000010100000
1000101101000001000000010000101000100000000000000110001000001010000010010010000110000000010010000000001000010000001101010000101001000000001000100000000000000010000000001000000000000010000000000100000100000000000100000000001010010000010100010000010000
1001001000000000010000001000101000010100000010000000000000000000100100000000000000000001000110010001000000010011011000000000010000000000000000000000000000100000010000000100100000000000101011111100100000100000111000110000010000010000001000000101000000
0000000010000000001100010000000100000100000000000000011001000000000100011000000000000100000101000010010100010001000000000000000000000000100000100000100000001000010011000000000010000000110010000000010000001001010011000000000000000001000000000000000001
0000000010000100010000100100000000000000000000001000001000100000000000000000000100000000000000000000100001000000000010000100000000010000000000000000101110101001000000000000000010000001010000000000000000000000000000010110010000010010010000000010000000
0010000000000000101001010000001110100000000100000000000000011000000000000010000001000000001000000000110000001000001000101000000000000000010000100000001100011111000000000000001001000000000000001000000000010000000000010010000000010000000000000000001000
0000001000010001001010100000110000010000000000000100000100110010000010100100000010000000000000001000000000000001000000110100001000000000010010000000000000000000000010000000101000100011000000000100000000010000000000010100001000000000001010000000010010
0011010010000000001000000000000000000000000000001000000101001011000001001000000000000101000000000000000101011000010111001010000100000000000000000000001000000000000000000010000000001100001000000000001010000000010000001000001001010001000010000000000000
0001000000000011000000000100010001100010000010001100111010000000000001000000000000001000000100000000000000100000000000000100000000100001010000100110000010000000100010000000000000011000010000000010000001000001000001001000001100000000010001100000110000
0001000000000000010011000000010000011000000000110000000010000000100000001000000000000000000000100000100010011110000010000000000111000000000000000000100000000000000000000100010000101010000100001000000001000000000000000000000000000000010000000000000000
1010010000100001000010001000000000000000100000000000000110000010000000001011001000000000000001000000000110010001001000000000000001000000000001000110001000111010001000001000000100100101000000000010000100000001000000000001000000001100000000000000000000
0001000000000000010000001000000000000010000000000000010000100000000010000000000000000000000011010000100000000000000000000000100100001000010000000000001110010000000000110000000001100000000010000000000000000000000000000000001000000100000010100010000000
0000000000110000001000100000000000000000100100000000010000000000000000001000000000000000001000000100000010010001100000010000000101000100000000000000000000101000000000001100000001000001000000000000100010001010000000000000000001000001010010001000010000
0000010011010100001000000001100000000000100000000000000010000100000001000000000000010000100000000000100000000100000000010000000010000000000010000100010000000000000000000010000000100000000011000000001000000010110110000000011000010000100000001000000000
0100010001000000100000000000000000011001100000001000001000010000000000001000010000000000000000000000110000110000000011000100100000000000001000000110000010100000000000001011010001010000000000010001000000100100000010000000000101010001010000000000010000
0001110000011000010001000010000100000000000000011000000000001000001000011010001000010001010100000100000001000001001000000000100000000000000100000000000000000000000001100000000000100000000000010000000000001000000100000000010110000000000000100000000000
0011010000000000000000000001000000000010010110010110011010000010011010111100000001010101000000001011000001001001000100010000000000010000000000001000000100000000000001000000001000000000001000000000000100001100110011000000000000001000000000000001100000
1000000000000000000100000000001000000100000001000100000000000000001011000000000000000000000000000100001000000100110100010000010000111100110001000000010000010100000001000010000000000001100000000000011101000001010000000000000000010000000010000000000001
0000000010000000000000000000000000010000000000000101000000000000010000001000000000010000000000001001000000000000001010000001000000000100000000000000001000111001000010000000100000010000000001000010000000000010000000001000000000000000000000000100000000
0000101000010000000000001000000101010000100100000000000000011011000000000000100000100000010010000000000011100000000000100001101000101010000000000000100100000000000000001010110000101010000101000000000100010010010000000000000000000000001000101000000000
0000100000000001000110000000001000000000010001000110010000110000000110001000100000011010000100000000000010001000000000100000011010000000001010100000100000000010100000000000001011010000110000000010000100010100000100000000101010000000000000001000000010
0000000000000100000000000000111010000000101000000000000010000010100000001000000101000010000001000000001000000000010010001001000000000100100000001000000100001010010000100100100100100010000000000000000100000100000000100000001010100101000100100010000110
1000000000100000010000010000010010000001000100000001011010000101000010000100000000000100100000000010000101101001010000100000000001000101000000000000001000000100000000000001000000000000000010100000100100000000000100000000000010000000001000000000000000
0000000000100100000100000011000100000000000101000011000000100000100000010000000000000001100000100000100100000000100010000000010001000001000001010000000100100000101000000000000000000000010000000100000000000101110000000001010010000011010000000000000010
1001000000000000001110100000010110100011010000000011000010010010000000000000000000010000000001010000000000000001101011000010001000010100000000000101010000000010000011010000000000000000000000001000000000010000000011100010000001000010000011000100000000
0000100000000110000000000000000000000011000000000000001000011000010000101100100000000000010000010000000000000000100000000000000100100010000001000100000000000001000000000000000000100011010010000000000000000001100000000000001000000000000010000000110001
1000000000010010100001000000000100110110010000000011000000010000001000100010100000100011000000010000000000000000000110100000000000000000100101000000111010100100000000011000000001100000000001010001000000100000010000001001010000000000001000000100000000
0000010110000001000000000000000010000000000000000000000000000000100010000100000000000010000010000000000001001000000000010001001001000110000000000000100000000010000001000100001000000100000000000000000000010000010000000100000001001000000000000000000010
0000000001101000000000000100101000100100000000000000001100100100000000000000100000100000100001000100000000000010001000010000000010001000001100010101001011000000001001000000100000110000000000000000000000000000001000000110000000011001000000000000001000
0000000100000100010000001110100000000000000000000000000001010000000000000000000000000000100000000000000100001010000001010000011100000000001000010000010000000000000000100000000000010000000000101000100100101010001001000000000010000000000110000001100010
1000000000000000001000011000010100000100000000010001010000000000000000100000000001010100000000000011000000000000000110000000000000100010000000000000000100000000001000100000000000000000011000000000000000000100100000100000000000100011010100001100000100
0000000001000000001001000000000100110000000010001000000110100001000000001001010010000011100000000100000000010011000001111000000000000000100000000000000000000000001100100000000000000000000001001001000100010000111100000000000000000000000000000000000000
0001000000000011010000011000100010101010000101000000000000101010000000000000001000100010010010000011000100100000000100000000010000000010000000000001000101100000110010011101000100101000000000010100000010001011000000000000001000001000000111001000100010
0100000000000000100000000000000000000100000000100100000000000000000001000000000001000000000110000001000100000000100101000110000010000000000110001100000010001000000000011010000100001000000101001001100000000001001001100000110000010000110000000000010000
0000000011010000010000000110000100001000010000000000000001000000001001110000110000000000001000001000110000000000100000000010000001000000000100000000000000000010000000101000000010000101110100100101001001011001000000100000000000000000000000000001000000
0000000000000000000001000000000110100000000001000000000100001001000000000001000000000100101000000101100100000000001010000000011000000010000000000000100000000000001000000000001000001000001000000100010001000000000100000111000010100010010000001000010000
0000010000011100100000100000000000000000001100001000000010010000100001000000000101000000000000010100010110100000000010100101000010000000000000100000001100000011000011000000000000101011001000000101100000011000011000000001000000000000000000100000010000
0000000100010001001011001010010001000000110000000010000100000000100000000000100000000001100000001000000000000000000000001000010000010000100100000000100000100100010010010100000010000100000000000000000000001000001110001000000000001010000000000000000010
0001000100000011000000000100100000000000010110100000000000000001000010000100000000000000100001000000000100100000000000000000100001000000000000000000000010001000000011101000000000000000001001000010000000000100010000010000010000010000000000000000000000
0000000010100000000010000010000100000000000011000000000010000000000010000000000010000100000000101000001000010000010000010001000000000000000100100011011010010000000000000001000000100001110001000001011000000011000000100001010000000010000000000000000000
24 73
196 189
