250 250
0000000001001100001001100000100001100001000000000000000000010000010010000000101010000000101011100010000000000000000000000000101000010000010011001001110000000001000010000000010000000001011011000000001000001000100000001000000110000010111000110000001000
0010000000000000001001000000100000000000001000001110001110000000000000000010001000000101100001000010001100100000000000000100000000000000001000000100000000000000000000000010000001000100001010000000001100110000001000000000000100100000000000010000010000
0101000000100000001000001100000000000001100100010000000000010000010001100000000001000000000000001101001000000000010100000000000000000000000010000000000000010000000000000000000001010000000101100000011000001001000000010000000101000001001101000010000100
1001100000110001010000000010000010000000000000001001000000000000000010000001000001000000000100000000010101000001001000101001100000000001100000101100110010000000000100000000100000001010000010000000000001010000000000000000000101000001000000000000001000
0000000000100010000000000000000011000000101100010001000000100000000010000000000100010010010000000010100000101101011000000000001000000010000000001000000110010001000100101000000000000000000000100001011000000100100000000000000000000000000001000000100001
0000010100100000000000001000010010000100010000000000000000000100000000000001000000001000001000000100001000000000101110010000101000000001000110000000101000010011000000000000001000010000000100011000000001000000001100000000001000101000001000001010000010
0000001010100000101000001001000000100000100000010001000001000000010000000010000000000000001010000111100000000000000001000100000010000000010000100000000100011001101010000000100010000000000010000000000000000000000010000000100010000011000101001000000100
0000000010100010000000001001010000000000000000000100101100000000010000000000100100000000010000001000001000000000000000100110100000000010000100000000000000100000001000100001000010100001010001000001000100000100000000000000000000000100100000100000010010
0000000011110000010010000100000000001010100000000010000000000000000001101000100000000010110001000000000000000100000100110000000000000000000000000000000000000000000010000100110100000000000000101000000101000000001000000100000100000000100000000100100110
0000000000000000000001100110000001001000010000000001000000000000000100000001000011000000000110001000000000000000000000000010000000011000100010000110100000000000000000000100001000101000001001000100001110100000000000000100001000000000000010000110000100
1010100000100000010000000100000100001001000000000000100110001100000000000000000011010000001000100010000010100000000000001000000000000000000010000000001001000000000000010000010000110001111000000000000000000010000000110000000000001000000000000000000000
0000000000101000010010001000000000000000001000000000000000000000000001001000000000001011100010100000000000001000100101000000000100001000000001001000000000100000000100000000000000000010000000100000010010001000001010000100000001000000001000011000000000
1000000000000001110000000010011000000010000000000000001000010110100000000000001010010000000000010000000000000000000000000000100011000010000000000000000010000000000101000000101000010001000111000100001101000000010000000000000001001000100001010010000000
0000010000001000110000010000000010110000010010010100000000001110000001101000010011110010000000110101101000000000001000000000000100000000000010000000001110100000000000001000001000001000000000000000010010000000000100000000000001000000110001000010000100
0000000000000000100001000000100000000001010110000110000011000010010000000000010000010000000001000000000000000110100000000010100000000000000000000010000000000001000000000000000000000101100001010110001100100000000100010011000110001000000000000000010000
0100010000100000000010001010000101000000001101010110000000001001000000000000010000000000000000000011010000000010010001000000000000010000000001011010000010001010000010100000000000010000000000000100000000000000000110000010000001101000000000100000000000
0001010010100001101000000001111000001000001001000000001110100100000000000100001000000000000000000101000001010010000001000000001001000000100000010000111000000000100000010000000000000100000000001010000010100100000000010000001001000000000011100000000000
1000000000000110000000000010000101000000010000000000010110000011001100010000100000000000000001011010000000000000000010000000000000000000010011000000000110101110001010100000000010000000000010000110100000000010100001100010000000010000001000001010001010
0000001000001000000001000000001000000100010000000000000000000000100010010001000000000000010011011011000000011000010100000000000010001000001100100010000000000000001100001000010000010000010000000010000010100001100000000010101000000010000101000000001000
0000001000000000100010010001001101000000000000000000000000001100001000100000100000001000100100000000000000000001001000101000100000000000000000000001001000000000000000000000000000000000000000001010011000011000101000000000000000000001000110000100000001
0000000000000100000000000100001000001000000000000010000001000000000000000000011000001000000000100000000001100100000000000100100001000000100110001000000000001000000100000001010110001000100001000010001100010100001000010100000000000010011000000001001000
0010000000100000000000000000000000000000000000000000000000000000001000011010100000100101010100100110000100000000000100010000000010000000100001010111100000000000010000000000001011000010100011010000010000001000010000010000000000000000001000000001010000
0000000100000011000000010000000000000010100100000001000000000000100000110000010001000000000000000100000010000000000000100000000000000000100000010000001000010000010000000001010000100010010000001100010100000010100100000000000000000000000100000000000000
1000101000001000000000000000100000001010000100000000010110000001001000000001000000000000110100010000000000000000100000000000100000001001000000000000110001100000000000000000000010100010001000000000000000000000101000000000000000100000100001010000000010
1010000001000000000000100000000000011000001000100000000110000000000100100000010001000000000000000000110000010100000000000000000000000100001000000000000100000000010000010010000000010000100000000100000000000000000000000010000001010001100001100000000000
0000000111000100100000000000000000001010000110010000010000000010100100001010000000000101001010000010100000000000010000010000000000111010010100000001000000011000010000000000000000000001000010100110000001000100100100000001000000001100000001000000100001
0011100100100000000000100100000001010000100000010001000100000001000011000000000001010000000110000000001000111000000001010000000001000000110010001000000000001100100010001001000000000000000000000100000010110000000001100010001010000001000100000000100000
0100011000001000000000000000000110001100000000010100010010001010001000000000100000000000000000000000000000000010000000101000100000000000001100000000000000000000000000110000001011000000001001000001001001000101000000001000000001000000100100000000000010
0000000101000000010100000000100000000001000000010000000100000000001011011000000110000010100000000110000001000000101000000000000010001000000000000010000000100000010000000000001100001000000001100000100001000000000000000100000001000001000000001010011000
0000000000000010000000000001100010000000001010100000000100000000000100000000000000000000001010001100000000000000000101100000000010000000000101010000000000000010010000000000000000000000001000000000000000101000000010000100001011100000000000000000010000
0000000010000000100000001000000000000000000000000010000100000100000100100000010000000011000000000100000000000000100100000001000000000000000100000100000000001001100000100000000110000001001000000100001010011000000010000000000010000010000001010000010001
0101000000000000000000001001110000001010010101000000000000000000000000010000001000001000000000000000100000011010000100110101010000000000000000000000000001001001001100001000111001000000010010000001001101000100000000100000000000100100000000110010110001
0000000101000000010000001000011001000000000000001000000000000010000000000000000010011010100000000000001000000000000010000000000000100000000000000000100110100000000000000001000000000000000000001000010000000000000000001000001000000001001100000100000000
0000000000111000001001100001000000000100000010011000000010000011000010001100000000000100101000010100001000000000000001000111000000100000100000001000000100100000000000101010100001100000001100000000001001000000010000000000000010010000000000000000001000
0000000000010100000000000000000100001000100001010010000000000010000000010000000010000000100100100000000000110000100100011000000000100001100000000000000000110000000000001000110001000010001000000000000000000100000010000000001110000001010000000001000000
0000000000000000100000110010001001110000000010000000000000000101000000000000010110000000000010100000000000010001000111100000001010101000100000100000011101101001001000100000000100000000100110001000000100100100100000000000000000001001000000000000000000
0000000010000100100000000100100000000100001000010000010000000000100000000000000000010000000000000000010000000010001001010001100000101000100100000000000000000000000100000000000000000000000100000000011001010010000010000000000000010011010000000001000000
0000000000000000000100000001000001011000010000000000100001100000100000100010000010000100000001000000000000000011000000000010001000111000100000011000000000001000000100000000010000001000000001000000000000010000000001000000000000000000010000000000001100
0100010001110001000010010010001000001000001000000010100000000000000001000100100000001100000000000000000100100100011000000010000001100010110000011000010000110110000000010000011000000000000000000000100010010000000001000000000000000101000000000000000010
1000000000000001001001001110000000011000100010000000000000000100000100000000000000000000000000000100001000100000100000000100010110000000000000000000100100001000000000010000000100000000000000010000000100000000000000001100000100100010000001000010000000
0110100000001010000001001000000100101101001000000010100000000000000100100110000100100001000000000000000000000000000000010001101000100100000000100010000011000010000000000000000010000000000000000000000000000010100000000000000000000100000100010001000001
0001000000000000000000000000000000000000100010000101011000001000000000000000000000001001000000100000000000010000101000010100000000000010000000000000010100000000000000000000000000001010000100000000100100010000001000001000000100000000000000010000000001
0000000000001010000010000000000100000000000100000010000100000000000000000000000100100000011000100000010000000001000000000001000011000001000011100100000000100001010000001000100101000000010000010000000100010000000000000000010010010000001001000000011000
0001000000000000000000100001001100100100010000001101000000010000001000001000010000010000010100000000000100100000000001010100010100000000001010000000000000000001000100010001000000000101000100000000010000000001000000000001000001000000110010000000001001
0100000100000100000110000000000001000000000000000100000000100000001000000000000100001000000000100000000010010001000100001010000000000001000000010000010010000010100011000000001000000000000000001000000000111000001010000000000000000100000001000011010000
0100000000100000000000100000100010010000000010010010001000000000010000100000010011001000101010000000000000000010010100010000000110000000000001000000000000000010001000000001101000000000100000010000001001000001000000000011000000000000000100001010011000
0000001000001000100000000001001010001000010100011100010000000000000001100010100000000000000000000000000010000000100100110000001000100100000001000100000000000011000000000000000001000000100010001001000100000000010010000001010000001000000000110001000010
0000000100000000000000000000010000001101000000010000000010000010000101000001000000000001000000000110010000100010100000001000001000000010000000001010010010100001000100010001000000000000000010000000000000000001100000000100000000010010000000000000000001
0000110000000000000000001101000000001000001000000000000000001100000110010100000000100100010001010000000001000010000000010000000000010101000000001001001001000001100000000000000010000000000000000001010010000000000100000000000000011001100000100010001010
0000000000000000000010000000000000101000001000010100010000000000000000000000000000010010000000000000100000000100110000000000010000000001100001000000100001000010000000010000000000000010000000000010000001001000001100000000000000000000010100010000100000
0101100100000000001000000000000000000000010000000000110000100100000001010110000000000010100001000100010100101000010101000000000100000000010000000100000000000010001000010101010000000000000100010000000000000000011000000001000000000000000001000000000000
1000000000000001100000000110100000011100100100001000010000000100010011000111100001100101100010000000000000000101000101100000001000100000000000010000000000000000000000010110100100000010000101101000010000000100101111000000001000000000001000001000010000
0000001000001000001000100000010100000000000000101000000100000000100000000000010001000010000010000000000100000000110001001100000000011010000000000000001011000001000111000001010000001000000001000100000000111001000000100000010001010010000000000000000000
0001001001010010001000000110100000000000000110000100010100010000000011100100000000000000010100000000000000000000000000000001001010000000000000000000000000011010100110011010000000100000011010101000000000000001000001010010000001000000001110000000000010
0000100000010000000001001000100000000000000100000001010000010010000001001000000000000001000000000000000000000010000000100000010010010000000000110010010010000100000100000001100000000111000000010000110000010000010000000000010111010000000000010001000000
0000001000010000000100001000000100011000000010000001000000000000000011000000110100000000000100000000000000101000000001001010000011001000010000000000000000000010010000000000000100010000000001000011110010000100000000110001000000000001000000000011000000
0000000000100010000001001100100000100100000000100001000010000000001100000010000000100000000000000110000000000000000010000001000000001000010000000000100100100000001100000000001000100000000101000101000000000000000000010001000000000010000000100000000100
0000000000010100000000100000010000001100000100000000011000000001000000000000000000011101010010000100000010000000001000010000000001101001000010011000001000000000000000100011000001000010000001000000000001000000000000000100001000000000000000001001000001
0000010001010000000000000000010000000000000110000001000001011000000000000001100000000011000000000001000000000100100010000000001010100010000000000100000000010000100000000000000000000000010000000000000000000000100100000010100001000000001010111011000010
0000000001000010000000101010100110000100110000000001001000011100100100101110000000101000000000101000001001000010000000000010000110000000010100001000000000000110001010000000001000000000000000001001000000010010100000000100110000000000000101000000000000
0100000001100000000000000000001000001000010000000001000000101000010000000100001001001000000010001000000100100000000001100000000100000100011100011101001100000000000000001000110010101100100100100000010100000000010000000010000000010100000000000000000000
1000000010000000010000000010000000001000000000010011001001000000000010100000000000100100000000100110000000010010001001000000000100001001000100000000010100110000000000000010100000000000001000001000000110000000000010000001010100001010011000000001101000
0000000001000100000000000000100000010001000100010000011001111000000000000010100000000001000000100010000010100000000000000000100010000000000000110000001010000010001000000010000000010000000000000000000111101000000010010001000000000100000000001001100000
1111000000001001000101100100000000100001010100110100010000001000011001000011000011001000000000000000000001101000000000000000000000000000000000100010010001000001000001000100001000000000000000000000000000010000000000100010101010000000101011100000000110
1110100000000000000001001100000000101000000100000000000101101001000000001000001000001100100001000000011010000010110000000000001000001000100000000000000000000010000000100000000000100010010000001001000000000000100010001000000101000100010000000001010000
0000000000000000000000000000100001000000000100000000000000000000010000000101000010000000001000010000000100000000000000001011000100000000001011010001010000000000001000000001100001000000001000100000001000000000000000001000000000001000000000110101100100
0100100000000000000000100010000001000000010000000000100010000000111000000101000000010000010000010000000010100100000010010000000100000010100100000000011000010010010110010000000000100000100000000000000000011000110000110000101000000001010001100000001000
1001100000000100000001010000000011100000000010000010000000000001000010000000100000000000010000001000000000000000000010000000010010110000010000000100000000000000000000010110000010001001001100110000010000001010101000000000000000000010001010100010100001
1000000110000000000000000000000000000000100001000000000001001000010010000000000000100100000010000000110001000100000100100000001000000000000001001000010000000010100001000000000000000000000000001100000000111100100010000000000110000000000000000000000000
0000001000000000000001011000000110000000101000001000010011000000010000000100010000000000001100010101000100100000000010100100100010010100000010000000100100001000000000000100001001000000000000000010000001110001000100000001010000001011000000110000000100
0000000000000000000000000000001001000000000010000100000110000110000001000000001000010000010000110000000000000100000000001010010000000000100100010011000100000000001000001011010000010100000000010000000010010000100000000101000001000010000011100100101000
1001010000000000000000100000000000000000000000000000000000100000000001010000001000000000000000001000000110000101000100101000000000110000000001010000000100100000010010001000001000000001110010010000000100000001000010000000000100010000000000100000000000
0101100000001000000010001001000000101010000101110000101100000010011111000000000100101000000000100000010000000000111000000000001001100001000011100000100000000001100100000000100011100010000000000000011010010000000000100110010101000000001000000000000100
0000000100000001100000000000000001100000010000000000001000100110000001001000001100100000000000100000010101000010010001010000000011000000010010000010000001000010000000000000000001000010100001000000000001000000000000001101000000001101001100011010000000
0000000100100111000000100000000000010000000000100000000000010001000000001001001000000001000010000000011100000100000111000000000000000000000110001000000000000001100000000000010000001000000000100001000000001110000000000100100000000000000000000000000000
0000000000000000000000000111000000000000000000100000000000000000000100100000101001100001001011000000000010100000010000000000010000000000000000000000000000100001000001000001010000001000000001000010000000001000010010000000000000011000000000001000101000
0000000000000000000000010000010000010100000000000010000000011001001000001001000001000000000001000001000101011000000000000000000000000000110000000000000000000010100000100110001000000000000001110100000000000011000000001010101010100000001000001010000001
0010100001000000010110000010000001000000001000000000000100000010000001010000000000000000000000100000001000010100000001010000000000001010011001000000000001001100000000000001000000000110011000101010011000001000000010001000100011001010000000001100001100
0000000010100010010000100100000010001000000010100000001000010000010000010000010011000001000000000001000100000100010000010000000000000100000000000000000010000000001000010011010000000000000000000000000010000000000000000010000000000000000010000000000000
0000000000000000001000100100100110000010000000010000000000010100000000001000000000010111000000000100000001101000011000000100010000101100000000000000010110000000000001001000100001000110110000000000000000000100000000011101000000000000000100001000010001
0000000000000000000000000001000001001010000000000010011100001000100000100000100000010010001000000000000000000000001110000010000000000110000000000101000000001000010000010100110000011000100010110000000100100000001000000000100110100000001000010000001000
0000010111001110000000000001000000010000000101000000000010000000100000000000010100000001000001110000000000010000000100001000000001001001000010000000001000100010000010000000000000010000000000000010000000100000000000010011000000100000000011001000000011
0110000010000000000010000000000010000000010010000000010000000010000010000100011000100000000010000000000010000000000000000100010000000111100001000000000000000000001000000101000000000000000100001010000001000000011100000110010000100000000011000000111000
0000010000000001100000011001000010000010000000000000000000000001000000001000001000001001000000100100101000000000000101100000000010010000000001000000001110000000010100001100000001000001000000100000100000000000010100000000000000000001000000000100000000
1010100000100000000000010100100001000010000010000100000000000100010010000000100000100000100000010001000001000000000000100010000000000000000000100000000000100001010010000000000000000000010000000010000000000000010000001000110010001010000000000000000000
0010000001000000001000000100010000000000010100000000000000000000100010000000110000000100001100100100000000010000001000000111000001010000000000000100101001000001000001010000000000000000000000100100100000000000100000000000000000000001000000000010100000
0010011000100001000111100000100100000000000000001111001011000000000000000010100000000000001001010010000010010010000001000000000001000000000110110010110000000000000000001000000000000000000011000000100000000000110001000000000000100000101000010100010010
0011000000000010000001100000000010001010001001110000000000001000000000011000100000100000010100000000100000000100000100100000000000000011000000100000000001100000010000001001000000000000001001010100000001000000100000100000000000000000000000000100000100
0100001000010000000000000000010000000000000100000010100001000000001001010000100000000000000000001010100010000010101000010001001000000011000000000000000000001110010000000000100000010000000000000001000010010000000000000000000001010000111000000000000100
0000100000000000000010000001000000001000001100000000000010000001001101101000000000000000001000101000000000000100100101000000000001000100100000000000011000000001010010010100001000000001000000001000000000100001000100000000000000000000000000000000000110
0000000001000000100010000000000000000000001000000000000010000000000000000001000000100001000000010001001000000000000000001100000100000010000000000100000100010000010000000000001100000110110001000001000000100001010000110000110000100010000010000000100010
0000000100010000010000000000000000000000000001001100000000100000010000000000100010100000000000000000000000000001000010010000000000000000000100101000000000000000000010000010000001000000000000000000000000000100000000000000000000010010100000010000010000
0001011000000000000000000001010001100000100000000100001010010000001000000000000000100000111000100000000000000001000000010000000110010001000000000000000001001000110000000010010000100000000000000000000000001000001100000000001100000000010011000000000000
0000000100100000010000000000011010000010001000000001000000000100000000001000010000001100000000000100000000000100000000000000000010100001000000100000100001000000100010010100100111000010000011000110000001000010010000000100000000000000001101001000010000
0010110000000010000000101000000000110010000000001000000000100000000000000000001000000000100000000010110000000000010000100000001000000010010000001001000000000000000001000001000000010000000000000100010100010000000000000000000000000010100000000000000110
1000000000000000000000010000000000000000000100000000000001000000001000000101001010110011010000000000110110000000100000000000000001011010011010000001000000000011000001000010000000000000000000000101010100000000101001000000001100000100000100000100000000
0010000000000010000001000001010000000000011001000000000000110010110000000000000001000010000001001000010100001000000011000000000000000010000001000000000000000000000000000001000100000000001000001000000000000000000000000000100100111000000001000000000001
1010000000100000001000000000010001000000011001000001000001000000000010000010000001000001100000110000000000000000000010000000000010100011000001000010000000000000000100000000000000000100000010000001000000001000000000000000100000000000000000100010000010
1000000000000101000001000000110000110010000000000000001000010001010000000000000100110000000010111001010000000000000010110100010010110010100000010000010000000000001100110000000010010000000000100001101010000001000000110000000000001011000001000000100000
1000010000001100000100000000000010100001000000000000000001000000000110000000000000000001001000000000000110000000000000000000100100000011000101010000000000001010000010000000000010001000000110000100000000000001000000100000000000000010000000000101100000
0000110000000000000001010001010110001001100101000100001000000001000001000000000000000000100100000000000000100000000000010000000000010000100000001000110000000001000000000000000001011010001010001000000000001000101010000000000000000000001000000000000000
0010000000000010100001001000000001000011010100000000000001000000000010001010001000010000000000001110000000000010100000101010000100000010100000000011000000101001000000000000000000101000001000000001000000100001000000101000111010011100000000000000000000
0000000000000000000100000100000000010000001001000000010000000110000101100000000100000110000010000000110101000001100001100001010000000001000001000100000000000000000100000000000000000000000000000000100000011000001001010000000000000001001000000110000010
1000101100000000000000010000000100000010000001010010100010000010000011000001100001001000010001000100000001000110011000100100000010000010000000001010100000010100000000000000000010000000001101010001000000101010000000000000010000000000000100000001000001
0000000100000000000100000000000010000000000001000000010000000000000000000001000000100000001001100000001001010101001001010100010001000010000000001000001000000000000000010000110000001000111000100000000000000000001000000000000011010010000010010000000100
0000000000000000000000001010011000000000000100100001100000000101000001000000000000000000010010011100001000000000100000110000100000000001000000000010000000010000000011000011100110010000100000000000100000010000000110000001000000000001000010000000000010
1000001000001000000000000000000010000000000000000000001000000000000100000000001000000101001000011000000001100010001100000010010000000000101100000100000000000011000000010100010010000010000000000000000110001001000000000000000001000000000010000000000000
1001000000000000000001000000000000000000000010000000001000000100000100010000000000000010000010101100000011000000010000100000000001000000100110100000100000000000100010100000000000001000000000000000000000000010000000001100000010000000100100001101000000
0010000001000000000000010000000011000000000000010000000001001001000000110001000000001100001011000000000010000010000000101011000000000100000000001100000010010100000000100000000101010000110100100001010110000000010000100011100100000011010001000001000000
0000010000100000100000000000100011100000000000001000000001001000000000001000010001000000010100000000000000000000000100101000010001000000100100110010001000001000000010000010001010000010001100010000000000010000001000000000100000000000000000001001001100
1001001000000000000010100000100000100100001000100001010010100001000000000000100000000100100000000000000000000000001001011010000010000000000100100001000000000000000010000001000000100000110000000000001000101001000101000000000010000000100001010000000000
0001100000000000010000000100000010010000100000100001010000000100001000000000000101000000100000000001101000000000000000000001000000000111010000011001000100000000000000010100000001000000000010100000000000100000100001000000000000001001000000100100000100
0000101100100011101000000011100000000001000000000000010010000000000000001000001000100000000000000001100000011000011000001000000001000000000000000110010010000000000000100000010000000101000000000000001000000001000110011001000110000000000000000000100100
0000100000000000000000001000110000100000000001000000000101000000010000000000000001010000010000000000010000000001010100000000000001001010000100110001000100100000100001000000001100100000100001100010000000000000000000000000100000000010000000000000000000
0010000000000000000000000000001000000000000000000000000000100000100001100000000000010000000000000000000010100000001010011000001010011000100000100100000000000001101001000110000000010010000001000001000000000000001000000000000000100000000000000010000001
0000100010000101000000000000000100100001001001000000000100010000000000010000000000000000000100000100001000000001001011001000001000000000000000000000000000001100010000001000010000011000000000000110000100001000000000100000101000001000000000000000100000
0000000000000011000000000000000000100100000010100010000100000010000000000000000000000000001000001101000010000101000010000010000000000000000001000010001100001000000000101000000001000100000101001000010011100010100000000100101000000000010100000001010000
0110000000000100011100001000100000000000000000001100001000000100000100010000000000000000000110000000000000000001001000010000001001000010000000100000101001000100001000000000000001001100101000000000000111100000001000010101000000000000000000000110000000
0000000000100100001000001001000001001100001000100000000000000100000010000010001000010100000000000010000101010000000001000000000000000000101010100011000000000001001001100000010010000000100000100000000100000010100010101000001000010000110000010000010000
0110010010001000000100000010000010000100000001010000001000000010000000000000100000100010000000010000000010000010000100110000010101000000010000000001000001000000000010010001100000100010100000011000000000000000010000010100000000000000000000000010000000
0000010001001000010000000110011000000011100101000110001000000001001000100011010000000100000100100000000000000000110110000100001000100000010000000000010111000000000000000000010100000010010110000001100000001000000000010000000100001000000000000000000000
0000001000000100000000000001000010000001000000000001010010000000000000000000000000100001100000000000000001001000100000000000000001100000001001001000000000000010000000000000110001001010101000001010101001000000000000001000000010000000100010000010001000
0001110000000000100000000000110000001000000000000000000000000000000011000000000000000001000000000001001000000000000000100000001100000000010001100101100010100000000110000001000001100000001110100100000000000000000000000001000000100000110010010000000000
1000000101000100000101000000000000010000110001101001000000000000000010110110001001000000100000101010000000001010000010000001101000000000000001000000110011000101000000001000100101010100100000100000100000000000000001000000000000000000000000000000000000
0001000000000011000010000010001100100000001001000000000000000000101000000001000000000101000000000001000000110000000111000100000000001000010000100000000000000000000000100000001000100100110000010000000000000000100001010000000010000100011000001101100100
0000100000001000000000000000011000001000000000000000000001010001000010000010000010000000111000100000000000000000010100000000100100010000100000000011000001000000001000000011001010000000100000000000000110000000001000000000001010000010000010000000100000
0001000000111100000000000000000010100001001110000000100100000000000101000000000110000100000000000000000000000000010000101000110001010001000000000001000000000001000000001101001000010000000000010010001000000001100000001000000000100000010000000000000000
0000000000000011001000000000000010010110101000001001000000010010010000001010001001000001000000000100000001000010101000000000000010100000000000100000000000001011110100011000000010001100000101000010000000101000000000000000000101001000000000000000001000
0000000000000001000000001010000000000000010010011000000000000000000110000101100000001001000010100000000000000001110100000000000001000000000010100000000000100100010001000000001010000000000000000000000000000000000100000000000100001000100100001000001000
0001000000000000100000100000001000000000000001000000001000100000100000100000000000000011000010001000100000010001000000000000000000010000001001000000001011000000000110000000000000000000100000000000000010011100000001010000000000000001000000011010000000
0100010001000000100110000100000001000100000000000000000000010110100110000000000000010000000000010000000000000100100000100000000100000000100000100110110000100000010000000000000000010100110001000000100000100000000000000010110000000000000000010000000000
0100000010000000010000100001000001001000110000010000101000000000001000000010100000010000100001000010010100000000100000000100000000111000001000100000011000010000101101000010000011000000000000000000000000001000001010000001000000000000000100000001010000
0000100000001000000101000000000001000010000001001010001001000000001000100100000000000100100000010000000100011010110000000000000001000001000000010010011010100110000000000001000000000100010000000000000010001001000101000000001000010000000000010000000000
1000010000000100010000000000100000001000000000000000000000001000100010000000101001001000101100000000001000010000001000010001010000001000000000000010100100100000010001000000001000000000000000100000001100000100010010000000000000010000000001000100000010
1100100001000100000000010000100000110000000000100000010000001001100000000000100000100110010000000011000001000000100001010010000000001000000010000001000000001000000000000010001010011001000000001011001000000000001000100001010001010001000100000001000010
0001010010100010000100000000000010000000010000001100010000000001010000000000000000001110000100100000010000010000000000001000000000001010000000000000100001000010000000110110001100001000100000010000110001000001000000000011000000000110010000001001000011
0000000010000000010001001000010000000100000000000000100000011000000001100000000100000000001000100000000000010000010000001000000000000100100010000000000000000000010111100000000000001000001000001000000100100100000001000000001000000000100000100100000001
0110000101010000000001101000000000001000100000000010000000000000000000000000000000000010010000000000000001000000000000110010010100000000000000000010100000000000001100000010000000000110000100000001010100001001000010000001010000000100010000000000000010
0000010000000110000000000111000000100001000101100010100001011000000000010000001100000000000000000000000110100101000000001010000000010000000000100010000000010010111000000000000000000000000010100001000011100000100000000100000010100000100010100000000101
0000000010000011000010110000001001000000010001000000000000000000010101100000000101001000000000000000110010000100010000000100000010000010100000000001000001000000010000000001110000000010100000000000100000000001000000110000001000010100011000000100110000
0000000000000010000000001000011010000000000000100110001000000010000110100000000000000101001110000000000001000001110000000010000000001011000001010000000000000000000000000000100100001110000000010010000000100000100001000000001000000010000000000000100101
1010101000100001010000100001000010000001000000000001011010000001000110000000100000001000000000000010100001000001000000000000000001000101011100000000000000001011010111000000000000000010000000000000000000000000000011000000001110000000001001000000000000
0000000000010101000000001000000001000100000001101001000010000000001000000000100000010000000000100010000010001000011000000000000010010000001000000001000000000001010100000000000000000100000101000000100000000010000000000000010001000000001000010010100010
0001000000000010000000000000000000100000000000001000010000000000110100001000000000000001101100001000000000000000000100000100000000000000000000000000000000000000000000000100001010000010100000010000001000000001000000000000000000000000000010000010000000
0001000000000000101100000000001100000000000000000000000100000100010000001001000000001000000000000000010000101000110000000000000000010000000000000101001000000000110000000000010010000011000010000000000001100000010000000100001100000000000000100000001000
0000100100000000000010000101000000000000100001000000000000000001000001010001001000000011000010000001100000000001010000000010100101000110000000011000001000110000000100000100000000100010000000001000001000000000000000000100000000010000001000000010000000
0000000100000100000000010000100000000000010100100000000010000000100100101011000000001100000000000001101000100000010000010000000000000100100100000000000000000110000000000111101000000000000000100001000000010000000100101000000000010000000000110100000000
0000000000000000000000010000000001000000101010000100100000000000000100000100010000000000100000000010100000000010000000000000011000010000000000000010000001100000000000000110000000100010100000000000010000000000000000000000000000001000000001000000010001
0100000001000001000000000011000000000000000000101000000000010010100100001010001100000000000001001100000000001000010000000011000000101000101001000000000000000000000100000000001000000000000000100000000000000000001001100000000011001010000000000010100010
0000110000000000110000000010001000000000000010011000000010011010100000000000011000000000000001010000000000000100110000000000000000010000000000010000000010001000000010010000101000000000000000001000000000001000000010001000000110100010000000100110000000
0000011000000000001000001000100000000000110000000000011000010000000000010000010000000010000000000000000000100000100000000000000010100000000000000100000010000100000010100000000100011001001000000010000000100000000010000000100010000001000000001000000000
0001000010000101010000000000000000000000100000010000010000100000000000100100001001011001000011000100001100011000000000000001000000000010000000000000110000000010000010011011000000100011000000000110001010000000000000000110000010000100011000000100100000
0001000001000010000000000110010000010010000000010000010000000000000000000100000000001010101001000000110101001001001000000000000000000000100101000010101000000000000000001000010000010000000101010001000000011000001100001000000000001000100110010001001000
0000000000000000001001100000100000000000010001000000010000000110000000000000000000110010000001000000001101000000000000000001000001000000000000000100100101000001100000000001100000000000000001010010010100000100000000010010000010100101001001000100000100
0011100100000000000100100000000000110000010000100011001000000000000000000000000001000001000100000000100000000000000100000001000000110000111100000001100000101000100010010010000101000010000000010000000000000000100000100000010010001000001100000001011001
0000100001000000100000000000000000100010010100001001000000000100000001001010000100000000100000001000000001100010000000000010000000000001000010000000000000000101001100010000000000000000000000001000110000010000110000000000000000100000000100000000000000
0000001100001000000000000000000011010000101000000010000000101000000000000000000010010000001000100000000000000000010000000000100000100001000000100000000011000000000001010010100000000000010000000000000000100100000000011011010000000000010010001010000000
0000010100100010001010000000000000100000000000000000000000000000001110010000000000000000010100011001001010001000000100010010000000100000101011000000000000000000000000100000000000100001000000001110110010000100101000000100001011000000010000000000011000
0000000100001000010000010000001110000101000000000000010100000001000000000000000000100000010000000000001001110000110000001010001000000000000000100000010000000001110100000000000111011000001000100001000000100000000001000000000000000101000100000010000000
0001001011000000011100000000100000010100000000010001000000000010000010000001000000000100000000000000000010000000000100000010100010000100010000010000001000000100000000000001001000000000000000000110110010000000000100000000001000100000000100100000000000
0001000100000000001000010000000001110110000100100000000000000000000010100000000000010001000000001000011000010000010000100000001000010000010001000001100000010000100010000010000001000000010000000000000000001000100100000000111001001000000000000100100000
0100000000100000000100000000010000001000110000000000000000101000001000000010100000000000001000000100100010000000000000000010000101011000100010000100000010100000000100010000100100010110010000010100000001000100101000010001000000101000000000010010010000
0000100000000000001000100000000000000000000000100001000000100001000100100100010000000100010001000001001010000000000000000000000001000010000001000000000000000100000000100000010001011100000100010000000100001100111010000000000100000001000100100000000000
0011001000000110000000001000100000010001001000010000000000101000001000000001010000000000000000010000100000110000000010000000000000000100100011000100100000110010000000101000010000000100000000010010000000000100100010001000000000100000000001000100000100
0010000101000000000000000000000000000000010000010000010000000001000000000001000000001000000000000000010000000000100000000000001000000000000001001110000010000100010000010000000000010100001000000100000000001000101000000001101000000000100001010000000000
0001000100100000010000010010000001000000000001000001010010000010000000000010000000000000000000000110001000000010000001001100000000010000001010110000000100000010000000001010000000000000000001000000000000011000100000010010000100000000000000000100100110
0000010000000001100010001000010010001000100000000000000010000001000010000000001001000000101000000100000100011010000000000000010000000000000000000000001100001101000000011100000001000101000001100000000010010000001010000000000001100010001000001000010001
0110010001000000000001000010000000000000000001000100000000001100000000000100000100010001000010100000010011000000000100001000000000010001001000000000010000000010100000000000000000000000000000000000100100000011100000100000000000000000000000001000000000
0000000000000010000011010010000000000000001001100000000000010000000000000001100010100100010110000000000000000000000001000100000001010010100001010000000101000001000100000000000000010010000000000000100010000000000000000000110000000000010000100000000000
0010000000000000000000000000000000100000100010011000101001000010000000010001000100000000100000000000000000000010000000000100000001010000000100100100000000000000010000000000000000000101011000100000000000000000110000000001000001000000000011010100000001
0100000000000011000001001110000000000000000010110000000000001000000011000000001000000010000000000000000000000001001011000010100100001000010000000000101000000000000100100000000000001000000001001001100010101001100000001001001100001010000001000000000001
0010000100000010000000000000010001010000000100000000010101001000100100110000000000010000000000011111000000000000000001000000000010000000000100101000000100000001000010001000000000000000001100010000100000100000000010000001001000000000000100001110000000
1000000000000010011000000000001000000000000000001000000000000000001000101100010000000110000000100011100000010000001100001000000010000000000010001001001001010000000000000100000010100101010010100000011000010000000001001010100001000100010000100000100000
0000000000000000010000000101000001000000000100001000010000100000010000001000000000011000000100011001000000100010000010000000000000100000000000000011000100000000000001000000000000000010000000000001000100000000100000100000000000100010000000001010000000
0000011000110000000000100000000001010110000100000010000000010000100000000000010000000001010001000000000000100100001000101010100000000001000000000111001010000000001000011000000101000110001000000000100000001000000010000000000000000000010010001000000100
0000000000001001000010000000011010100000000000000100000100000000000000000100101001000000100001000000000010000000100000000000001000010010000000000000000100000000000101000001001010000000000010100000000100001000000100010000001000110000000000100000100000
0000000010010000000000000001100111000010000110000000000000000110000000000000010100010100000010000000000000000000000001001000000000010000100010001000001000000000011000100100000001010001000001000110101000100000000100000000000000000100000001100000001000
0001001110001000001000010001000000010000001000001000010010100000000000000000000010000000000000000000000010000001000100100011100001000101010010000000000000000000000100000000000010000100100100000000100101001000000000000000000010000000001000000010000000
0000100000000000101001000001000001000010000100000000101111100100000100000000000110000000010000001001000000000000100100000000000000000100000100000000000000000100000100000100000010000000000001001100000100100001001000010000010000000000110000000000001000
0000000110010000001100000000100001000000000001000010100100111100000001011000000000000000000000000001000100000000100000110111100000000001000000000000000000001000100000000010000001000000000000001000000110000000001000100000100010001100000100010100000000
0000010000000000000010010011000100000100000001100000000000100000001000000010000000010001000100000100001000000000100000000000010100010000001000000000000000001100100000000000000000000000000000001100100010000000100010000000010100011000000100100010001000
0000100000100000010000100000001000000000000000001010000000010001000000001001000000010000000100101010000000100000001111000000000000000010111000010011000000000000000011000011011000001110001001000000000000000000000001000101000000000101000001100001001100
0001000000010000000000011000000000000000000000000100100100000110000100010000000000001000010000110100000001000000001000000000001100000100000001000000000100000001000010000001011100000000000000110001101001000000000000000001100001000000101000001000001000
0010000000000000100010000000010100001110110010001010000001000000010101000000011010000010000001000000000000001100000001000000001000000011001001000010010000000000100001000000000100001000000000000000000000111000010000100000100000000000100000010101000000
0100010000101101000100010001000001010000000010010100000000000010000000000000000000000010000000000100101000100100010000000001000000000100010000100001100110000001010000000110010100100100011010000001000000000110000000000000011000000001110000110101110000
0000001000000000000100011000000000000000001000011000000000010000000000000001001001010000000000010000001000000000001010000000000000100001000000000010000011001000100101000000000100101000010000000000101100101010001100000001000100000000110000110000000000
1010100100100001000000010001101001101000000001100000000000010010000100001000100000000000010001000000001000000000010101000000001000010110000000000000000000000000000001000000100000000000000000010010000000000100010001000000000001001000000110000000010001
0010000000000110100000100000001000100100000000000000010000000001000000000010000001110001000000000001000000010100010000000000000100100000000001100001000100100100000100000000011110010000100100010000000101000000000000000000001010000010010000000000010000
0000000001000001000001100000010010011010000000000001000000010000100100000000101000000100000000001100000001000000011000000000000000000000001000110000101110000001010000100100100000001001000000010000000000000000000000000000000000000000000000010100000100
1000000000000000000000011000001000110001000001011000000000000100100010111010000001000000000000000000000000000000100001000100000010000110001001000100000000010001000100010000000000100100001000000000000000001010000001100001001000100000000000001010000100
0001010000000001000001010010000000011000000100010000100100001000000100100000000101001010001010001010000000010100001000000000110000000001000000000001000101000000000101000010000001000001010000100000000000000101000000010100000000100001100011001000000000
0010010110010001000000000010000100000101000000001000110000010000101010000000000000010000000010000010000000000000000000001000010000000010000000000000001000010010001010010010010000000010100000000011100100001100000010000000010000000100000000000010001100
0101000000011001000001000000100100010000000010000100000000000001000000010000010100000000001000100110000010000000001100001000001100001000001000001000001000000001000000001000000010000010000000100010001001000000010010000000110000000010100001000000001001
0000000000000000100010001000000000010000011011000000000100000000000011000000100000000000000000000001100000000101010000000000010101100000000010000000001100000000000000000001000000001000000100000001000001000000000100000000000000000100000000100000101000
1100000010000000000010000000001100000100000000000000101001000000000000010000000010000000000110000000001000100000000100100000000000101000000010000100000000000000010000010010100000000000000000000100000010000000111000000000001010000000101000010100000000
1000010110010000010100001101010000101100001000000000000010100001000000001000000000010000000000000010000100100100010000101000111000101000100010000100000000010000000000000010000000011000000000001011100000000000000000000000000001000000000100000011000000
0100100000000000000000010000011000101000000010010000000010001010000001000000100100000010000000010100000000000010100010000000000100100000100000000000000000011000000010100000000000000001001010000010001001000000000000000000010000000000000000010001000001
1010000000001000000000000000000011000000110010010010100000000001000101000000000010010000000000000100000000000000100100101011010000000000000010000000100010000001000000001010010000010000000000000000001000001001000001000000100100010000000000000010000000
0000111100000000000000001000100000000000000100010000000100001110000000000000000100000100000000000000000000000010100000000000001110001000001000001000000010001000000000000000000000000010000000001000010001000010000001100011000010000000010000000000000000
0000000000100000100100000001011100100000011000101100000100000000000000000010010000000000101100000001110000000000000000000100110100000000010110000100000000100010000001000000000001000000100010010010000000100000000010001001000000001001000000000000001000
0000000000000000000010000000110001000000001000001000000100000000000000000000000000001100001000000100010011110000000000000000000000000000001000000000000000010000100010000000010000000001000001000000100000010100000110000000110100000000011000000001001000
0110001000010000010001001001000100010110000000000011000101010000000110000000000000010000000001000000000000001010000010000000001010000000001010010010000100000000100000000001000001000011101000000000000001000000010000000000000010000000000000010000000010
0000000000000100100001000000000000001000010010000100000000100000100000000001000000000000000000000000000100000011001000100000000000000001100000000000000010000000000001000000000000000000100000100000000000000000010001000000000000000000000001000000000000
0000000100000100000000000000010011000000000000001000010000000000110001000010010000000000000000001000000000001101000000000000100101000000000000010001000000001011000000001000000000000001000011000000000000000001000010001001100100101000100000010101010000
0010000110000000000000000000000001111100000000010010001001100000000000000100000000000000000000001001000001010010011011000100111000100100001001000001000000000000001000111000001000001100010000001100010000001010000001111000000000011000001001010000011001
1000000001100000000000000000001000000010000001100000000000000000001000000000000100101000000000110000010001000000100010000000000110000000000000000011100100000000000100000101000000100001000000000000000001000000000000000000010000010001010000001000000100
1000000000000000000000000110100000000010000000010000001010010100000010000000000100001001000000101000100010000001000000000000000001100000000010001101000001000101000000000110000100001001000000000000000000000100100000000010000000001000000010100000000001
1000011010000000100000010000000010010100101100101000000110000010001000010001000010000000000100101010000010000000000100001000000001000000000100000000001101000000000101000000000000010001000000000000100000000000000000000100100000000000000000000000000000
1000110000010000000000000001000110100000110000000000001010001100000000100000000000000010000000001000100000000000101000010010010000011000001000001000001010000000000000000000100000000001001001000010000000001101001000000000000001000010010100100100000000
0000000000000000100000000000001001001100110101000100000000010101001100101000000000000000100001010010100000001000000000100100011000000000000000000101110000000000000100100000101010000000000000000000000101110000011010000000000000100000000000000010000110
1100000000000100000000000001111100000001001000000010000000000000110000000100000001000001000000001010001000000000000000000000001000000001001000010100100000001000001011000000000000000001101000000001010001101000101000000000000000010000101000010000010000
1000010010001000001000000000000000000000110000010000100000100100000100010000100001000000000000001000110010010000000000000100010000000001100001100010000000100010010000010000100000001000000000010000100000000000000000010000000000000000000000000000000001
0000000000000100000100100011000011100001000001010000000100000001000000001000101000010010010101000000000000000000000001000000010100010000000100000000000101100000000000010001010000000000010000000001011000000000000101010010001000000010010010010000000001
0000000000010010000000000010000000000000001000101000000000000000010001000001000000000000001100000010011010000001101000000101000100000100101000100100011001000000000010010000000000101100000000001000000100010000000000000000001100000010111011000100000000
0000000000101000000000100000001000010000000001001100000100000000110000000100001010000100000000000000100000000100000000000001000001000000100000000000000000000000000000000000000000110000010000011000100000000001000010000000000010000000110000000001100100
0000000001010000001000000011000010000000000000101000000000000000101000000000000100010000000010000100110101000101001000000000000000000000000010100100000000000000000000000000000010100000010001001000000001001100000000000000010011000000000010100100101100
0100000000000000000110000011000000000010000000000000100000001001001000000000000000001000010000000000000001000001001000000000000000010000110000000010000100000000000000000000000000000000010110001100000000001000001000010000100000010000110100000100011001
1000000010000001000000000001000110000000001010100000000000000000000101000000000100000011100000000100000001000110000010100000000000000100000110000010001010100110000011100000110000001100001000101000000000000000010101000000000000000000001000000000000000
0000010011000100100100010001000010010000010000000000000100000000000000000100000010000011100001100000000001000010000000000001001000011100000100000101000000000000000000000000000000000000010001000001000110000000000000001010010001000001100000110001000100
0001000000000001011000000001000001000000000000000010100000001001000000000010100001100100001001000100000000010010011000000001000000000000010001000001010000010000001010100000000000000000000010000001011000101101000001000000010010001110000000000000000010
0000000100000000100110100010010100000111000000000000000000100000000000000010010010000000010000000000000101000000000000000000000010000000000000000110000000010000000000000000000010010100000000001000000000000000000001000001000100100000010000000000010000
0101100100000001000100000110000000101001000001000010000001000000000011100000001000000001100000100000000010010100100000000000011000000000011011000000000001111000011100001000100001000000111000000010001001001001010001000000000000010001000000010000100100
0000000000000000000000010000000100100000001100000000001010010001001000000000000000000010010100000000010000100000000000100000000100010000001000010011100010000000001010000010000000011000001100001000000010100000000100000000000000000100001001001010000000
1000001000010000000100100000001100010000000000100100000000000000000000100100100000001000000100010000000000001001000000000000110000001000010000000000010010000000000101001000100010000000000100000000000000000000110000000000000001001000000100000010000010
0000010000010001000000000000010001001010010000010000110010000100000000000000001000010110000110000100100000001100100001001010001000101010100100000100000000011001001000000000000000000100000100000000000000000011000000100000000001100100000101100111000000
0010001000010100001000100000101000000000000000000000000010000000000010100000000000000000010000000000001100010000001001110000000001000000000100000000010000000001000000000010100000000000000000000000100000010000000000000000000000000001000001000001000111
0000100100000000000100000000001000100001001010110000010010100010101000010000000000000000000101001000000001000000001000000000001000000000000000011000000100011001000100000000000100000000010101000000110000101000000000001010000000000100000000000000000010
0000100001000000100100000101000000001000010000001000100100000010000000101000010000001100000100000000000010000000000100010000100010010000010100000100000100001000010100000000000000000000100100111000001100000000000000010000000001100010010010000000100000
0000000000000100010101001010000000000000000000000000001100010000000001001010101000000000000100000000000000100100100000000000000000011000010100001100000001100100000000001001001000001001000000000010000100000000000100000000000010000000000000000000001100
0100000000000000000011000000010100100000010000000000000010010000001000000000000100000000010000010001000011000001000010001000000010111101010000000010000000000010000000100000001000101010110010000011000100000100000000000001000000110001001111100100000000
0010100000000000000110001010000000000011100110000000000001001100001000000000000001000001000000001000110100000000111100000100001000000000100010011000000001010010010000000001001000000001001100001000000111010001001110010010000000000001000000000100100011
0000010001000000010000010100000100100010000010000000011000001001000000010000000000110000101000010000010000010010000000100010100000000100000000011001000000010000000000000000000100000000000000000100000001011000000100010000000000000010000111000000000000
0000000000000001100000000000000000000000000000001000000000100000000101000100000000000000100010000001000000000100000011000000010001101000000000000000001010100100100111001000011000000010000100100000110001001000100000000100000000011010001010001000000001
0000000000000001001001100000001000000000011001000000000000000100001000001011001000000100001010000000000001000000010011010100010010001110000100010000000000001001000100000100000000000000000000001000000000000000000001000000000001000111000110010100000100
1000000100000000001000000000000100000000001000100000000000011001000010000010100000110000000000000000100000000000010010100010100100001110000000000000010100000100001000000000100000100100000101100000001000100000000000100000000011000010010001010100000000
1000001011010000100000000000001000000000001010000000100000110000000000010001000100100000011000001100000000000000100010011100000100000000000100000000001000000001000000100101001000010000000011010000010100001000010000010000001010100000000010001000001000
0000000000000011101001010001000010000010000100110000000010100000000100000000000000000010011000001000000000000010001000010100000010100100010000000000010000000000000010000000100000100010000100000000000111000000100101100000101000100000100101010001000000
0000000000010000000000000000000000000011000000001000001100000000000000000000000000010100000000011000100000010100011000010000000000001000000000010001010000000000000000000000100000000000000000011000001000001000000000000000001001001000010000000010000010
0000010000000000100001000000010001000000000000000000000000100110000001000000000001000010100001010001001000000000010100010000000110101001100000000010100000000000100000000000010000000000000000001000000000001010000000000000001001000000100000000000001000
0000000010000000000001001001000000010011010010000000000000100000000000000100000000000010000000000000001000000100000000000000000000001101010000000100000010000000000000001000100100101010000010000100000010000000010000000000000100001010000000111000000000
0001001000100000000110010000000000000000010000000000000000010000000110000100000000001000101000000000000000101000000011000000000000000000011000001010000000000010000000000000000000001011110100000000000000011010100110001000100010001000000000000000101000
0001000000100100000000111000000001000000000000000000100000100000000000000010000000001000000000001010001000100000010000000000010000000000000000100010001010000001000110000000000000010110000000000001000000000001001100110001010010000011000001000110000000
0000001000000000000000000000000100000000000101100101000000100001100000000001010000000000000000000000000000000011100010001011000001000110010000010000000000000100100001101000000000100100100010000101000000000000001000100000000000000001000000000011000011
1000010000000000000000000011000101001000010000000000010010000000010000000010111110000000010100101000000000000001101001110000001000000000000000011100000100000000000000000000000000000000100000000000001000000000000000111000100010000000000000000000011001
0001000000010000001001010010101000110000010000000010000101100101000100000001001010001000001001000010100000000000000000010010100001001000100000001000000000000000000011000100000001000000010011000000100000000000000000011000000000000101000001100000000000
0100000000000000000001100001000000000010000000000100000000100001010000000011000000100000000000000000000000001000110010001000100000000000000001000100000000000100000010100010000000000011000000000100000000001101100000000010000000000000100000100001000000
0100000110100001100001000000010000000000000000001001000010000011000010001000000000000000000000010000000100000011001000000000010011000000000000000000000000000000000110000100000010000000000000000000001001000000000010001000000010000110100001000000000000
0000000000000100000010010001000000000001000100000000010000001000000001110000000010000000000110000000101001001001111010000001000000010000000000000100000100010000111000000000000000010000010100000001000001000011001000000101000000000000000000000000001000
0010011000000001001000001100100000010000010010100011000010000100000000001000000000000000101100000010110001000100000000001000110010001000000010001000000000100010000010000001001000000110000010000000010001000000010000010100000100010000000000000001000010
0000000011000100000000010000000010000100100010000000000010000000000010100100010001000000000000011110000010011000000000100100000100010011000000000010010000010001010001000000000000000000010000010000010000000000001000000000010000000000000000000100000010
128 45
36 137
