250 250
0100000000010000000000000000010000000001100000100000011011000100100000000000000000000000100000100000000011001100000010100000000000110000000100000000000000110100010000110010010010000010010001000010000010000100000000000000000101001000000101000000010001
0000100010100100000000011000010000000000000000000011000000110000000101000010000101010000000000001000000000000000000000100000000000000000010010000000000000000000100100000100100000000000001000000000010010000000000000000001000001000010010000000000000100
0100100000000000100000000000110110001000100000001011000110000000000100000001010000000000000100011000000100000100000001001100000000000000001000000000000000000100010001000001000100000000000000000011100100110000000100000000000010100000100001001000000000
1100000000000000001100100000000001101000001010100000010001000001000001101000000010000000000011000000100000000000000100100101000010000110010000000010010000000000000000000000000001010000001000001000000000000000000000001000000000000110000001001000000000
1000000100100000000000000100000000100000001000000100000000000100000000100000000000001000100100110000000000000000000000100000000000000101001000110100000010000100000100000000000100000000001000000000000110000001111001010001010010001100000000100011100010
0110000000001010000000000000100001000000000100001000010000000000001000100000100000000001010010000000010000001001000000100001000100000100110001000000001010000000000001000000000000000000000000000010110000101100000000000000100000010000000000000000010000
0010000000001000000010000010000010000000000000001100001010000100010001000000001011001000000010000010001000000000000100100100000000000001100000000001001000000010000000010100001001000100001010010101000010010101000100000110001110010000000000000010000000
1010000001010010000000000000000000100100000100001000001000100000000001001100010001000001000000010000010000001001000000000000000000000001000000000011100000000000000010000000001000100000101001000100001000101000000010100000010000100100000001000101000100
0000010101101001000000000001000000010010101000100001011000001000000010000000011000001011000011000001100010001100000011000000001100100100000010000000100000000000100100000000000000101000011000000000100000000001000011000000000010000000000000000010000000
0010000100010000000000101011001000001000100010000000110000000000000000010000010000000000000100000001011000000000000001100000000001000000100001101000010001100000010000000100000000000000100000000000100000000000000000001100000001100100000100000000000011
1000010000000000010001000000001000000011000000001000000000000001110000000001000100000000101000000000000100010100000000000000000000001000001000100000001100000000000000001001000000110010010000010001001100000000010000000010001000000011000001000000000000
0000000000000100100000000011000000100000100101000110100000100000000000000000000000100110001100000000100010010000010000000010000000000000000001000000000000000100000000001100100000011110000000010010000000000010000000000000001001011001010000001001001110
0000000010001000000001000000000011000000001000000001000010000000001000000000000100010000000010001000010000011000100000001001000000011000000101010001001000000000000000010000000001010000000000000001000000100000001001100000000000111000000000000000000100
0000000000000000000100000000000100000100001100000000000000001001001100000000010000000000001000000010010000000110001000000001000000100100000001010010000000000000000000011000000001000101000000000010100000001010000000000000000001010111000000000000010010
0000001001000000010000010000000000000000001000001000000100000010000000001010000010000000000000000000010000000000010000010000000000001001100001000000000000101010000100000000000000000000000000001000001100000000001100100010000000010001000000000010000001
0010001000001000010000000000000000000100011001000000000100000000100000110000001000000000100000001001000000001000001010101100100000000010000000000000000010100100000000000000000110000100101000011000000010011011010100010000000000011000001000000000010000
1000000000000000000010000000000100000000001000000000000010000000000011000010110101110000000010000000000001010100100100000100100100000011000000001000000000000000010000000000100010000000000010100001010010011000000000000000010000100000000001001000000001
0001001101001000000011000100000000000000000000100010000000000100010000100000000000010000001000000000000000000000000000000010100000000001000000000000110000000000100000000010000000001000011111100100000000010000001000000000000000000000000000100000000000
0001010000011100010000000000001000010000000100000010000000000100010000000010001001101000001010000010000000000001000000100000000100000000100000010000000001100000000001000000000000000010110000000100000000000000000000100000000000000001000010000000001000
1000110000000000000000010000110001001000000000000000000100010010000000011000001000000100000000010000110100001000100000000000000100100000100000010000000000000000001001000000000000000100011000100000000000000000000000000100000100000001000000000001010010
0100001000100001000110110010001000000100000100000000000000001000010000000001100100000000000000000000001000010000000000101011100000011001000010000100000100100100001000010101000000000000000011100000000001001000010001010100000001101001000000000000001100
0000000000011000010100010001010000000000000100000000000000000001000001010010000100000000000000001101100000000000000000000000000000000100100000100000000000000100011001010000000000010001000000100000000000000000111010100100100110010000000100000000000000
1000000000001010000000000000010100000000000000010000000000110100100000000100000000000000000000000101000000000100100000000000000010000000100100000000000000100000001000001000010010000110000010101000000000000000000000000000001000110100001000000000001001
0000000001000101100100010000000000000000000000000000000000000000000100001001000000000011100000101000110000000000011010000010000000010010000110000000001001000001001000000000000100000101000000000000110000000001000100000000000100000100000000010000010000
0100001010100100100000000000010000000000000010101000010001000000100100001000000000000101000000000010000000100000000001100000010100000010100000000000001100100100000000000000000010010000000000000100000000001000000010000000010100010000100010000010000000
0010001101000000100000000000000010000000000010100010000000000100000000000000001000000000000000000000000000000011000000010000100100000001000000000100100000100100100000101000010000000000101000000000000010000001010000001110000000101000010000001100001001
0010101000000100000010010000010000000000000000001100001000010000001001010001000000000000110000000100000100000010010000001001010000111000000010000011010000100000010000010001000000100000110000001001000000000000000010000000001000000000011100100000000000
0000110000000010110101000000000000011000000000000001100100001000000100100000000001101110100000100010000000000100010011010000010000010000100000000000100000011000001000010010000000000100000000000010110001110010000000000110000000000000000001001000000010
0000010000000010001000000000010000000000000000001000100010000010010000100010010010000000000000001000100000000000001010000000000001000101110000000000000000100000000000010000100000000001010000000001000100001011000000001000000000010100000001001000000000
0000000001000100000000100000000000000000000000100100000000000000010000000000101000010000000000001110001000000000000010000010101010100001010011000100000001011101000000100000000000011000000001001110010100100010010110000010000000100010000000000000000000
0000000101100000001000000001100000001100000100001000100000000010010001000100000100000000001010000000000000000000010000000000000000011010000001000000000000000000011000000110000001001000000100000000000000000000000100110100100000100000100000000000100010
1100001000001000100001000000110000000010000000010000010010000000000010110001010010000000010000001000100000100000000000000000010000000000000001000000100010000000100000000000000001010001100000101000010110000010000001001000001010111000111000101011000011
0100000000000000000000000000010000000010000000100000000010010010001100011000000000000000000100010000000010010100001000000100010000000000000010000000000000000000001000000000000000000001001001000001000000010000010000010000000000000000001100000001100010
0000000000001000000000010000000010000000000000000100100000011001000000000000010001000100010000000000000010000001000100000010010000100000000000001110100000000000000001000000000101000000000100000010010000000100000000100010000000000100000000000010000000
1001000000010000001000001000000000100100000000010001000000000100000100000000000000000010000000000010001100000000100000000000000100000000000000000010010110000001001000100000100000000000100000000011010000000001100000000000010000000010000100000010001010
0000000000000000011000100000000000000000000001010100001001000000000000000100000000000100000000001001100000100100001001101000001001010010000001100000000001000000001000010000000010110100000000000000000010001000000100000100011001000000100010010010001000
1000000011010000100100000000100000000000000000000000001000000100000000100010000100000000100000000000000110000000000110101010000100000100011000000100000000000000000010001000010000000000000000010101000001001000000000000100100000000000000000100000000000
0000110000000000000000000010000000100000000010001000000000000010100001000001000001000100000000101000001000000010101000001000000000100100000100000010000000001000000000110000000100010110010010011100000001100001100000000000100000010100100000011000000100
0011000010000000000000011000100000011000010000000000010000000001101001100001000101000001011000100000000010000000000100000100000000000000000001001000001000001100000101000000000010110000000100000000011000001001010001110000000000100001110000010000010001
1000010100100010101010000010010000000001000110000100000111000000010000000000000000110000000000000000110000001000101100000010011000000110000000100000000000101000000010111000001000001000000000000001101101000000000000001000000000000000011000000000000000
0000100100000010110000001000000001010000000000011010100000111000000010000100000000001000010000010001001001000000000110010001010100000000010100001001010000100100000000000001000000001001000001000000001000000100000000001000010001011000000000000000000000
0000100000100011001000000001000100000010000000110001000000000000000100000000000000010100001000100100000100000100001100000000000010000000010000010010000010110000000000010000010000100000000000000000000010000000110000100000000000000000000000100000000011
0000010000100000100000000010000100001010000000000011011000000001000001100000000100000001000000110000000000010100100000000000000000100100000000010000001001000000000000000101000100101000000000110001001000000000000100000001100000100000000000000100010000
0100100000011001010000000000011100000000000000100000111000001010000000001000000000000000010000000001000000101010000000000010000000100000010010000000100111100000000010000000100000000000000000010100000000000100000000000100001000000000000000100001010000
0000011000000000000010100000100100000100100000000000000000000000001011000000010000000000000000100000110000001010010100000010100000100100010100000000000000000000010000000000010010000000010001000000000100100000000000100000000000100000000000010111101101
0000100000110000000000000000000011000000000000000000000000000001001000000011000000001000000000000001100000010000001000001000010000000000010000000000000000001000010100000001100000000000000000000000001000000000000010001000010010010000001000000000000100
1010000001000000000001010000000000000001000000001000000000010010000110001000000000011110000000000000000001001000001000011100110100101000000010000000000010010000010000101000001100100000000000000000000010000100111001000000000001000000000001000000000001
0000000000010000000000000000011100000101010000000001011000000000100010100100000000000110001100100001010001000011100100100000001100011000000000000000010101000100000110000000001010000001100000000100010010000001001011001010000010000000000100000010000001
0001000000000000000000000000000110100011000000100000001001000000100000100001000100100001000000000000000010000010100010000000000001000000010000010000000011000000000000000000001000000010001000000000001000000010110000000000000001000000000000001100001011
1000000100000010000011000100100000000100010101001000000001000100101000000000001000000100000001001001000000000001010000000010000000000001000000000110000000000000001100110000000000011000000010000000011010000000000001011000000000000100001100001100010000
0001000000000000001001001000000001001001001000000000000000000000100010001000000110000000100000001100100000000011001100000000000001000100000000011000000000100010000100000000000010000000000000000010001000010000000000100011010000010000100000000000000010
0000000000110000000000001001000001000101001010000100000000000000000000001000000000001000000000000001000000000001000000000100000100100000000000010000001100000000001000000000001000000000000110100100001000100000000010000000000000000100000000000000000000
0001010010000000001000000000010000000001011000100100100000000000001000101000000000000010000000000000000000100010100100000010001100000000000000100000001000001001010000000000000000011010000000010000010000100001000010100101010000010000001000100010000001
0100100001100000000000000001000000100001110010000100000000000100000000100000100000000011000010000000000000000000000001000100001000010000001000000000000000000000000000000110011100100100010000000000000000000110000001000010001000100001000000001000000101
0000010000000000100000001000001000000000000011000100000000010000000000110000100000000001000000100000000001000011100000010000011001100000010010000100000000010000010000000011111000100000111100000000000100000100000010000000001000000000010000100100000000
0000000000000010000100100000000000000100000000000000000000110000000000000000000000101011001000000000000000000000001001000001100001001000000000100000000000100000000000010000100010010000000000100000100111001000110100100010001000001000100011000011000000
0000000000000101001000000000001010010000110000010000101000000000000001000100001000000001000001000100000000000000100100000000000100010100101000000001000010000000010000000000000001010101100001001000010000100100000000000000111001000011010000001100100000
1001001001100000000010010000001100000100000000000000010000000110000100000001100000011000000000000100000000000000010100001010001100100010000100000000001001001000100000000001001000100111000010000000000000000000000001000000000000000101100001001010010000
1000000000000000100100000001000010000011100110000100000100000100000000000000000001000000000010100100110010001010000000100000000000100001000010000000001001000010101001010000001100001000000000000000000101100000000010010000100000000000000000010010100110
0000000000001000010000000000000000001000000000000000000100000001000100000000000001000000000000010000000000000000001010000010000000000110100000000001100011000000001000100001001100101000000000001000000000010000000000000011000000000000000000010000000100
0000000000010000100100011000010101000000101000001010000001000000000000010000000100010001001000000100000000100000100000001000010001000000000000000000000000000001011110000000000000000010000100000000101001000100100000000000010000000000000000110010000000
0000000101100000000000000001010000000000000001000100001001000100001010000001000111001000001000010000010010010000000010100001100000000000100100000101000000000000100010000001000000001000110000011001000000000000011001011000010001000000010000001000000000
0000100010000100010000000010100010000000000011000001001100000000000000110010000000000000000101100010100000001000000000100000010100100000010000000100000000100100000000000000010001000000000000000000011000001000000000000000110000000010101100000100000000
0000000000000000000000001100000000000000000001000000000000100000100001000001000010000000000000000000001010000000000010001000000000001000001000000010000000000000010011000000010000110000000000000100000001000000000101000000000001000000000000000000000100
0000000100000000000000010000010100000010000100110010000001000000001000100100010010000001000010001000000001000001000011100001000001000100100000000000000100010000010000010010001000101010000000000001001000000010000000010000010100100000000010000100100000
1000001100010010000000000000000010010000010000110000001000000000010000000010100000010000000000000000010100010000001000000000000000000000000000100100000110000010100000101000000000000010001000000000000000000011000000000000000000000010000000000000001100
0000000000110001000100000100100000000010000000000000111000000000000000000000000000000000000000000001001000101000101000110000000000001000000110000000000000001000000000000000000010000000000000010010010101000000110000000000000000000001000000000000110010
0000010000100010000101001000011000000001000000010010000110011000000010100000100000110000110000000001000000110010000000000000000000001000011000010000011101100000000000000000000011000000001100100000000000000000000000001001000000000000000000000000010000
0100100000001100000000110000000000001100011000000000001001000010010000100001010100100100000001000011000000000000001000000000010001000000010010000100010000000001001000100010000010000000000000000000000010000000000001001000000000000000000000000100000000
1000010100001000000000001000000000000001000010000010000000000000000000100000011010000100100100000010000000110000101001010011001011000000000010000000000010000100000000000000100001000000000000010011000000010000011011000000100001000000000110000000000000
1000010000100000000100011001010000000001110000000010000000010101100001100000100000001000010001001000000000001100000010000000000000000000000000000000010000000100000000010000010000000000000000000000000000000000010000000000001000100000000100000010000000
0001000000100101010000000000100000000000000000101100001010000100010111000100110000000010000000000000000000000010000000000001000001001001001001000000000000010000101100010001000111000000000000010100100000010000000000000000000001000000000000010000100000
1100100000000110000000010100000000000000000100000000010000000100100010000000011010010000000100100010011000000010100000000100111000100010010010000011000101001000101100000000000100000001001000000010101000100100000000000000010000000000000000010011000000
1000100000110100000010100000000110110100000000000101011010000000000000000000000010000100001110000010011000000000000010100000000000000000000000100001001100000000010010100000101001100010100001000010000100110110000000001000000000001111100000001100000101
0000000000010101010000000000001100001000001000011010000000000000000110000000111010001000000000000100011000000100100000000000000001000100001100000001000000000000000010000000000000010000100100010010000000000010100001000000001000000000101010000000010100
0000000010000100001000000000000110001100100100010110000110100010100000000000000000000001010000010000000001010000001010000000001000010001000000010001011010000010100000000100000000000000000000000000010100000000000000000100000000000000000000010000000001
1000011000001000011000101000000000100000000000010101010011000000010000001100100001010000100000001100000000000001000010000001000001000000000100000001000100000000001100100000010000000011000110101000001100000000000000000001100001100011000100100000110100
0000100101000010010011000000100100001010000000000000100000000000000000001000000000000010000000000000001000000001011011000000010011000010000110100000000100000000001000001000000100000011010000010001101000000100100000001000000000000010000000000000001000
0000001100100001000101011000000000100000000011000010000000010000000000000000011000010100101000000110010000000000001110000000000101001000010000001010000000010000001100000000001010000000011001000110101000100010000000000100000000100000000000001000000001
0000000000001000100000010000011010101000000000000000000100010101000100000010010000100001100100010000000010100000000100000001011101000000000001001011000000000000001000111001000101000011000000000000000001000001000100000010000011000111000010100010101000
1100010011000010000010100000000000000000000000001001110000001000010000000000000100000000100001000000000000000001000000000001001100000000100000000100100000010000000000001000010010000000100011000001000000101000101010000010011000000000000100000000000000
0000100100000101011110000000010000000000101001010000100000000000000000000010000001000000100000000101010010000000000101000100000001001000010000000000010101101000000000101010001100000001001000100000000100110000010000001000010010100000000000100010000001
0010010000000000000011000101001100011001000000101000000100000000100000000000010001000000000000100000000110000100000000000000010000000000000000000010000000000000000000000010100000000000100100101000100000000100000000100001011001000000000000000000000001
0001100010100000000000000000100000010000100110000100000000000010001000000000000000010000000000000000100000001010000001000000001010000000100000001000000000101000000000000110000000000000000000100000100000000000110000100000000000000000101000010000000000
0100000011001000101000000100111100010100001000000000110000000000100100000000010000001000000000000000000101000000000000000100000000000010010000001001001010000000100100001000001000000000000000011000010000000000010000000000001000000000010010000000100000
0001000010100000001000000000010011000000100000000100100000000000000100001000101001010001100101011000001001000000010000010001000101000100000000000001000000000100000001100010000000010000000000000000000001010000010000000100100010011011010000010001001001
0010000000000001001011000010000001000110010010000000000000000001000011001000000110000000000010000000101100000000000000000001000000000010010010000000000000000000000000000000101000000100110101110000000001000000000000010000011010000000010100010001010000
0000000101001001000001000001010010000100000001000000000010010001010000100000000001000000001000000000000100000000000001000010000010100001000011000000001000000000111101010001010001101000000000000000000100000001000001000010000000100000000001000000000101
0001010000101000100000000110100000000000000001000010001001100001000000001010000000001101000100010100110011000000010000000000001100000000100100000000010001000000000000000000010100000000000000000010001100000100000000010100100010100000000000100000000000
0010001000100000000101001010000011010000000000000000100001000000000001000001110011000000001000000000000000000001000000010000010001000001010111100110000000000101010100010000101000001000000000001000000010001000000000101000010000010000000010000000000010
0110000000000010001000000100110000000000110000010000000000000010000000000000000110010000010000001000000001100100000110000000000000010100000000010100101001000000001100000000100010010101100110010000000000001000000010010110000000000101000000100100000100
0000100000000001000000000000010000010010000001000000000110000011000000000100000011000000000000001000000001000000000110000000010100001000000000110010001000000010000101000000000000010000000000000001000100010000000000000000000000000010110000001000000010
0100000000000000011000000101110000000000000011000010000100100000000000100000000000100011000010000010010100001000000010110000010100000011000000000010000001000100101001000000001011000000010000000100000000000100000111000100000000100000010001000000010000
1000000000010101001000010010000010000110100100110000000011010100001010100000001000001000000100000001101000011000001000000011000000001001000000100000000000100001000100001000000101000001000000000000010000100110001001000101001011100100000000000000000101
0100100000000010100000000010000001010000110000000001000000000010000101000010010110000000000001000000010000110001000000100010000100000110100000000000010100000000000100100100000000000000000000001100000010000000100000100010000110000110000000000101000000
0000000000000000001010010100010000000000000000001000001000000000000011000000000100000000100000010000100001001100000000111000000000000000101000001000000000001000000000010000000000000001000000010000000000000000000000000000100001001110000000010100001000
0011000001000100001000000000000000000000000000100111000100000100010000100000000100001000000000100000000000000000000010100010000000001001000000110000100000000000000000111000001010000000000100100110100000010000100010000000001000010000000000100000000000
0000000000001000000010100010010001100100000010000001000001000000000000000000010100000000010000000100000010101000000000100000000110000010000001100000000000000100000000000000000100000000000001000000000000000100001000010000000001000000000000010110000000
0000001000100100000010000001010100100100000100000000000001000000000010000110000010000000000000000000001100010000000100000000000101001000000000000000011100001010000010000000010000101000000000000000000000100000100000100000000010001010100000100000000000
0010000010010100010000000101011000000000010000000010100101000000100010000101001000100001100100001001000001001000111001000000000100010000010010000000000000000001000000000001000000000000000001100100000010100000001000010000101100110000111000000000000000
0001000000000000010000000010000100000000000000000001000101000000000001000001000100000000100000111000000010100000000000110001000000000000001100000100000000010010000000001000001001000000000011000000000000001110000100000000010000001011100000111000001000
0100000000010000010000100000000000100000000000100000110001100000000100100010000001001000100100000001000010000001001100000000010000000100000000000000000100110010100000000111001000000001101000010000000000010010000000100000000010101001001000001100100000
0010000010000000000100000001000000011001000101000010000000001010000000000000001000000000000010000100000111010000001010000000000000100000000010000000010000000001100000110000100000000000011100010001011000000001010000000000110000000000011000000000000001
0000001001001000000001000000010001100100010000000110000000110001000001000000010000000000000000101100000000000000100000000000100000000010000000100000100000000010000000000000010110110000000000000000000001000100001000010000001101100000000101000000000001
1100011001001000000001000000000000000011000000010010001011011000000010010000000001010000101000000001001010000000010110001000000011000001001000000000000000100001000001100100100000000000100100100000000000100000000100010000000000101010100000000100001000
0000000100001000000000000000000000000100000010000011000100100000000001000001000000010000100100100100110010000000100000001000010010000001000000010000001000001000100000000110000010000000000000000001000000000000000000000000000000010100000000000001110010
0000000100101110000010100000000000000000100000000000000000100100110001000001100000000011100000001000000000010000000000010000011010001000000000000011000000001000001000100000000001000011000000001000010100000000000010001001010011000000000000000101010100
1010010010001000001000001100011000010000010000001000001000000000100010000001000010001000000100010000010101000000010000000000100110001000001100000000000000000000000100000110000000000100000010001000000000001000000011000000000000100100000000000000000010
0100000100000100010000100000100000000000000000110010101000100000000100000000000000000010010000001000000000110000000010001000000010001001000110000000101000000100001000000000010011011001001000000000100000100000000000001000001100000100010111000000000000
0000010010000000010000000000000000000000000000000000000000001000000001101000000100001000100100000100001000010000000100000000000010010100000000010000001001001100001000000000000000000010000010000000100000001100000100000000000100001000100000001000000000
1000010000000000000000000110000001000000000000000000110000000000000000000010000000000000100011000001000000000100000010010000000011010000000010010000000000000011000000000000000000000000000000000000000000001000000000000000000000000000001001000010100000
1000000000000010000000000001000100010000001000000000000000000010001010100000100000000100000000000000000000001101010010000100000000000000100000100100000000001100111100000000000000000010000000000010000001000101010101000010000001000000000000000000000000
0000000010000100000001100000000010000101001000000000000000000000001000010010111000010001001000000001000010000000010100000001101000101000000000000010000000000000010101100001001001010100000000001001000000000000100000000000000000010000100000000010000000
1000010100101100000000000000000000000000000000000000100001000000010100110001000000000000010100010000000100010000100001000100100001010000100100010100000000000000000001100010010100000101000001100100000000100101010000000000100010000010000001010000010100
0001000000010000001000000000000000000000000000010000010000000011010000110000000000000001000000110000100000010000000001000000000000000000000000000001100100101000000100011010000110000000001000011001000000010000010000000100000001000010010000001010000000
1000000000000001000000010100000001010010000000000001000000000010011010000000000000000100000000000000000000000100100010001000010000010001001100000100000010000100010011010100000011000100001010000010010000000001000000100000010100000000100001000000000000
0010100000000010000000000000000001001000010100000000010100100100100000001001001000000000010000000000001111101001000011001000000100001000000000100000000000000001000000000010000000000101000000010001101000000001000100001001001000010000000010010001000000
0111100000000000010000000000110000000000100000010000000000000100000000010000000000000010000010101110000000000000000010000000000000100000011000010000000000000000100000000000000010000000100000101000000010000000010000000000000000001100000000000100001001
1001000010010110100000000000000000000011100000000110000000100000000000010100000000100000010110000100001101110100001100000000010000000000000000000100000000100000000000000000001011010011000010001000010110000010000000010000100001000000000000000000000000
1000000000000001000010000000000000000010100000110001000010000000100000000000000000010100001010010100000010001000000000001000110000011000001111000000000000010101001000010000000010000000000100000000000000000000011100000000110000010001100000010000000001
0101000100000000100011000000000000000000000000001010000000000000000000000000000000100001000000000100000001010000010000000000001000001000000001010110010000100000000000000000010010110000000000101000010001000000001001001000011010000000010010000101100001
0000000100000010000000001110100000000100000100001000000000000000000101000100000000000010100000000001100001010010000010000000000000011000000100100000000101000001001100000000001000001000100000000000000000100100001010000000100000000001100000000000000001
0000000000100000001101010000000010010000000100001000000000001100001000000100101001000000000100000000000000010000011000001000100000000000000000000001000110010000001000000010001000000001001100000001000000101001100000100110000010000001000100000000100100
0100001000101001100001000001000000000000110000001000000000000010000010001000000000000100000101001000000000000000000000000000001000100000010000100000000100000001100100000000000010100000000001001000000100000000000010000000000000000000010000000010100000
0000101001001000001011010000000010010001000001000000100000000001000000000000000000010001001000010100001000000000011011000000100000010101000000000010000000000000010011001000001000100010001000000000000000000000000010010000000000000000000000001000100000
0001001101000000000000000000100001110000001000000010000000000000000000000000000100000000000100000011000101000001000000000010000000000000001100000001100000000000010000100010000000000000001001000000001000001000000000100110000100001000001001000000000001
0111000000000100000001000000010000000000000000000000000000010000000010000001000001010001010000000000000000001010000000011000000000000000100000000000000000000101001000000010010000010010100001000000000000001000000000001000000000000001000100001000001000
0000000110000000010000000000100011000010100100000000000100000011000000000100000000010100011100000010100100001000000000000000000100000100000000101000001100001100100000000100000001000000000000000010000001010100000001100000100001001000001000000110000001
0110010000100000100100000001001001000000000000100010001000001000000000000000001000000000101000010000000000000001100100000000100000000000001000000000000011010000110010000010100100100100010000001000101001010000001100101000010100001000000011000100000000
1000000001001000001000000000100000100100001000000000000100001000100000000100000000100110000010000100001001000000001010011011000000010011001000000100000010100000000000001010010000000000000100001010000001000000100010000000000000100100000000000000010000
1100100001000000000001010010010000000000001000000100000011000010001010100000000000100000000000000100000001000010000001001000010000000000000000001100000001000000100010011000011000000000000000000010101000000000010000001100000000000000001000101010000000
0000011000000000000000000000010010100010100001000000001000000010000000000000010000000000000001000000001001100000000001000000010010010000110100000011000000111000000000000010000100100000000000001111000000000000000001010001000100100000001000001000000000
0000000000100001101011000000000000000110000000000110001000000000000100000000100100001000100000000100000000001000000000000100001000000000000010100010010011100000000000010000010100010100110000100000011000100000100010011110011000000000001010010000000100
0001000000000010001000000000000010001000111000000011000000000000000000000011001000000100000000000010000000000000010000000101100000001010010100011001000110001011000000001100000001000000010011000000100000000000000000000000010000000000101000000000101000
0000000000000000000010101010100100000000000000000000000000100100000100000101000000000000010010010000000000100110000100000100000000001000010000000100000000000000110000100000001000100000000000100000000000000000000001010000000000001000100000100101000001
0000001000001001000001000000001101000000000100000000010110011000001000010000000000000000000010010000000000100000001010000000000000000000000000001000100010010000000000110000010000010000000000011010010010000100010000000000000000000000111010000010000000
0001000000001000010000000000110000000011000000001110010000000100010000000101001000000000100111010100000010001010100100100000000000000000100000000000001010000000001101001010010000000001000000001100010100010000000000000000000000000000110100010001000000
0000010010000011000000000000000001100000000011000000000100000000000000110000000010001011000000000100000000001010000100100000010000000001000001000100010010100111000100000000000100000001000010101100001110000001010101000001000001000110000000100000000010
0000000000001001000000010000000000000001000010000100000000000100110010000000000000000000000001011010010000001001000000100000000000001101110010100000010101000000000011000010000001000000001010111000000101000000010011010000000100001000000100000100000000
1001001000100110001001110010100010000000000000000000100000000000000000000000010010000001000001000000000000001001100001000000000000001000100000001101000000000000000010000010101000100100100001100010000011000010000001000000010000000011100001000100000000
0010100100100001000000100001000100000010000000000010001001001100000000100000010011000000000000000000000110001000000001000000000000000000000010000010000001000100000111010000000000000000010000000010001001000000000000000100000000010000000000100000000000
0100000001001101001000000000000000100000000000001100000000000000000010000000000000001010000000000001000000000110000000000010001100010000000000000000000000100000001000000000000000000000001000000000100000001000000000000000001000010000011010001001000010
0000100010100000000010000000000000000010100000010000001110000101000010010000000001100000000010000000000100000000010001000000000000100000000100000001000001010000000000010000000000000000000000100000000000000100000000000000000010000100100010000010010000
0110000000000110000100000000001000110000010000001000000000001001000100100010000101010000000000001010000101100000010000000100000000000000001000000010010000000000000110001000100000000001010000100000000000000000000000010011000000010010001000001010010110
1001000000010000100010000000001000000000000100000001000100000001000000001000000100010100000001000010000001100000001001001000001000000001000000000000000000000011000101000101000001000000000100000010000000000001000000000000001000010100000000010101000100
0101011100000000000001001000101010000000011000000001100000101000100000101000001100000100011000010100110001000000000000000000000010000000000010001000100100010010010000000000000010000010000100000000000101000010000000000100001001000100000000010010000000
0001100001001000000000000000000000110000010000000000000000000000000000000001000000110000000000001010000001000100100000000010000000010000000000000000000010110011000000010000011000000000001001000000000000100100000000001000000000000000100100000000001000
0010000000000000000000000111000000100001000000000001101000010100100010001000000001010000001010001000101000000100100011000010010000100001010000101000000001000000000000110010101000000000010000010101000100001101000000000000000001011011000000001000001000
0000100001101000011000000010000100110000000001000000011000000100000000001000000100001000101001000001011000000000000000001100000000000011000001000001000000000010100000001000000101000000010000000000001101000000010001000000001000011100011000000100000000
1000000000000001000000100000000000100100010001011000001010000000010100000001110000010000000010000000001000000000000010001000000000000000010110000000000010000010000100000000010000000101000101110100001000000000001100100000000010101000000001000000001000
1000000000010010100000100100011000000000010000100000000010000010010000000101010000000001000100000100000000001000100010000010000000100000001000010000000100100000000100000000110110001000000000000010000000000100001001000000000000000110000000001100000100
0000001000000000000000000000111100001100001000110100000000000100001000100000000000000000001100101000000000100000010010000010101010000110000000000000110000001000001001000000000000110000010101000001100001000000001000001000001010000000100000001000000000
0010000100000000000001000100000000000000110001000001000000000101101000000000000000000001100001001000000001000000000000011000010000100000000101011010001000000000000000000000000000100001000000000001101000000011001010000000000001000000000000000000000000
0000011000001000011100000100000100000000011100000100000001010000010110001000000000011000000000000000000001000100000100000000000001000010000110100000101001000000000100000101000010001000000100010000000100110100000000010000100100000010000000001111000000
0000101000000000000000010101011000001001011000000000000000000000000001000000010000000010000000000010000011000000000000010000010000101110001000000000001000100001000000000000010000000000000000000000000000111000101010011100101000000000010100000000100000
0010100010010000000101000011001000010000000000011000010010100000001010001100001001000000010000100001111000001000000000000100101010000000000110000000100000000100110001000001000001000000001000000100000000010000000000000000000000000000001100000100000110
0011000000100000100000000000000100000110000100000000100000000100000000000000010000000000000011000011001000000001100000000110000010000000000000000000100000000010000000000001100000000000000000000100001000000001000000100000000000100000001100000000100100
0000000000101010000001011000000010000000000001000001001100000010000110000001100000010000000000101001100001010000000000000000100000010000000011000000010010000011000000000100000000001010001000001000000000100000000001110000000010010000000000000000000000
0100000100000000001010000011001010000000000000000001001000000001000000000000000100000000000000010001000100001000000000000000000000000010000100000000000000000000000000010000000100100000000000000000010000010000000000000000000101010000000000100000000000
1000110000001010000001000000000001000000000001000000110100000100000000000001000000000100000000000100000000001000100100001000000000000000000000100000000000000001000100010000000000001000000000001100010000001000000100000111011000001000000000000001110011
0100000000001001000000000000010011000100000000000000000010000000000001100000000000000010010000000000001000000000100010100010001111001000000001010001000100000001000010010001100000001100000000010100001000000000000000100000000110000010000000001000000000
1000000001000000100001001000000000011101100000000000001100010010000101000010000000000000000000000001001100000000000000000000000000100000000000000010000100001011000000000000000101000010001000001100010010001101001001000000000100000000110000000000001000
0000000001000000000000000000000000000000001100000000000000000000100000110000000010000001000000001000000000000000001000000100000000000000010001000000000000100000001000011011000000000000000100000000000000000000000000001000000000000001100111010000000000
0000000100111011000100000010011010100100001000100001001000011001000000000010101000101000010000000000000010010010000000000000000000000000000000000111000000000011000000100000001110000010000100100100000000000000000000001001000101000000100000000000000000
0000101000000000000000100010010000000010100000100000010001010010000010000000000000000000000010000100000100010000100001100000000000000000011000000100000000000000100000000000001000000001000000000010000000000101110000110000000111000101000010000001100010
0010001000000100100100001000001000000000000010011000001000000010000000000000000000001000000000000000010110000000000001010000000001000000000000000000101010000000100000000000000100000001110000000100100000100000000100000000000010001000000000001000000000
1000110000000000000000001101110100000010000110000100010100100000000001000000001000000000000000001000000000001010000110100001000001000000000000000000000001010000100000000100010110011000000100000000011011000000010001100000000000010010000000000000000000
0100000000001000001000100000000011000010000000010100000000000010101000000000011000000010100010000111000010000000000010001000000001000000010000001000000100000000000001101000100001001000000100000100100100000000100010000010110100000000001000001000000000
0001010001110000000000011001100001001000000000000000000000011000000001000000001000000100000000000000010000000000000001000000010000000010001000001010000000000010100000001000000000000100000000001000100101000100000000010001000010000000010000000000101010
0000000100001000000011000000000000100000011001100000001010000000000100110000000000001010000000000000000001000010100000010000000000000000000100100001000000011000001000000010100000001100011001010000001001000010000001010000000000101100001000000000101001
0000100000001100100000000000010000010000000000000000000001001000000000000000000000000000000101000000000010000000000000000100000000000000100000000000000000100011010000101000000000000001010000100000010000010001001000100000000100100000000100000000010000
0010000000000000000010100001000010100100100001101000100000001001000001000000000011110100000100000000000001000010000000000010010010000000010010001000000000000000000110000000000000000000101000010000000010000000000000100000010000001000000011100110000010
0001000000000011000010101000010000000000100000001000101000000101000000101010010000010000000000101000001011100100000100100000001000000000011000100000100001110000000100000100000000010100000000001001100100010000000000001000001110000000100010000000100000
0000000001100000100001000000010001000010000100011000001100010100000101000010000000000010000001000000000000000000000000010000110000000000000000100010101100000000011100010000000011000100000000010101000000000000100000000001000010000000100000000001000100
0000000000000000101000101000000100010000000000110010010100100001000011010100010100000110000000010000010000000000100100001000000110100010011100000101000000000000001001010000000000000000000001000000100000001000100000000000000010000000000100001000000100
0100000000000000001000000000000000000001001000001000000000010100000101000000000100000011000001101010000011010010000100000000001000001000000000000001101000001000000110000001100000000000001000010000000010010101101000000100000000000010000100000000000000
0010001000100000101000101000000000000000000101000010100010001000110011000010010000000001000000000000001000000000000000010000000000000100100000000001000000001000010000100000000000000010000010000000000001000000010001000000000000100100000111000000100100
0000010011000000100010000100100011000100000000100000110010000000010010000000000000100001010000010000000000000000000011110000010010000000000000000001000010110100110000000010000000000000010000000000100000000000000110000000000000000100000000000000000000
1000001000010000000000000110000001000100000001100000000101011010000000000000000100000010100000000001000000010000000011000111000010000001100000100000000000100000000000010101001000000010010100000000000000001100101101000100011000100100000001000100000101
0010000000000001110000001111010010011011100001100100001000000000000010000000100110000101001000000000000000100000000001010000000010100000100000010100101010000000000000100010010000100000010000000001010000000100000000000000000010000000011000000001010000
0100110000000000100000000000000000000100010000001001000000000000100000000000000000000010011000000000001000000001101100000100001001000001100001100000010000000000010000001000000000010010000000100000000001000001001100000110000000000000000101110001101000
0001010001101000001100000010000000000001000000101000000001000000010010000000000001001000000000000000010000000001100000100000000000000000100000100000000000000000001000001100010010100000100010001000011100001000000000001001000000100000000000010000010000
0000000000110111000000100001001000100100000000011000000100000000000000000000100000010100010001000000000000000000000100000000100100000000000000000010000000001000000000001000110000000000011000010000100000000011010001010000000000000001011100010100010000
0000000000000000000000000000000100000100010000100100100000000010000000000000000000001001101000001000000000100000001001100000001100000000000010100000000010000000000000100000101100000100000001000000000010011010000000000100000000001000100100000000101001
0000100011100000000000001000000100001010000100100000000100000000000000000000000000000010000000000000100100000000000000000000010010000001000010000000000011000000000000001001001000000000000000000000000010000000000000101000000000000010000000001000000010
0010110000000110011000000000000001100100000000000100001000100000000000100000100000000000011001011100100100001000010000101000001000000000000000001000001000000000010001000000010000100100110001000010000000000000100000000000001010000000000100000000000110
0110001000001000000000000001000100000011000010001000000010000000100100000000000010000000000001000000000000000101000001000000011001000000000010100000010000100000010000000000100000011100000000100010001000000010001000000100000000001000000000001010001010
1000001000001000000000000100010010000000001100101100000100000000000000000100000000000000100001000000010000101010000000000000010000100000100100000011000000100100000000000000000001100000100100100000000000010000100000000000001000000000100100100100001000
0100001000000100000000100111000000100000010000000000001000000001000000000000001101000000100010000100000011001010010101000000000110000000101010010000000000010000001000000000001000000000000000001100000001000000000001000000000000001000001000000011001000
1001100000100000000100100010101000000101100000000000100000000100010000000000000000000000000010001001100000000100100000000000000001100000000001000110010011100100000010000000000001000000000000001000001000000000100000000110000000010000011011000000000101
1000000000000010000000000001000000000001000000000000000001000000000000010010000000010100001001000010000010000010000000001000001000000100000000000000000000000001000010000000100000000001101000110100000010011000100010000000101000010001010000000110000000
0101001000000000000000101001101000000010000010010001010001000100000001101000000001010100010000000000100010110000000010000100000000000001000000000000000000000001100000000001001010000000001001000010000000000000000000010000100000001101000001010000100000
0000100000000010000000001000000101010000000000000000000000000000000100010000000010000101000000000100000000010001010010101110000010100100000000000010000000000000000110100000010000000000000010010111000000000100011110000001001000100000010001100000000000
0000000000010000000011110000100000100001000010000000011000100000000010000000000000000000010000010000100000000000000001010000000001000100100010000100000010100000000100000000010000000010100000010000000010111001001000000000000000100000100000000100000000
0000010011000000000100000010000000000100000010000000000010000010000001000010000000000010000000000010000000100000000001000000000000000001010000000000001000000000000000000000100000100000000010010000000000000011110000101000000000000000110110011000000000
1000100000000000000011001000000000000010100000000000011100010100010000001010000000000000000100000000010001000000100000000000100000110010000000010000001000100100100001100000100100000000000000010000000100000000000010010000011000001000000011000000000100
0100000000100000100001010010001000000000000000000000000100100100000000000001000000000101000100001000100000000100000000000010000001000000000000000100101000000000001000000100000000000010100010100000100000000000001100000100000000000000001101000000001100
0000110000010000100000001000000000000010000000000001000001000110001000000011000001000000000000000000000010000000000000000001001000001000100000010000000100000001100000000010010010100100100111100000100001000000000010001000000000000100000101000101000000
0001000000101000000101000010000000000000010000000000000000000000000001000001001000000000000000001100100110000100000010000000000011110100000001000000001000000000010000100000000000010000000000000000010010000000010000000101000001000001100000000000001000
1000000001000010000000001000000110111000000000000100000000000001100000000000000000000000000100000000000000000011000000000000000000010001010100000000000000000000000100001000001001111000000000001000000001010011000100000000000000011111000010001000000110
0000001001110000000000000011000000011010010000000000000000000100000100000000000000000000010100011000000010010000000000010011000100001000010110000000000000000000000100000100000110000010000000000010101100110000000010000000010000000110100010000010100000
0001100000001000000000000100000100001000100000010000101000000000000000001000000011100000010011000010000010010000000000000000000000100110100000000000000000000011000001110000000010000000000000101010000000000010000011010000000101000000000000000010000010
0000110001000100001010100000000000001111001000000000000010100000101000000100010000000000000000000010000000000001110000010001000100011001000011000000000100000100100000000000100000000000000000000100100000100000000001000001000100000000000000000000000000
0000001110010000101010010000000000101000000000010010000010100010000000100000100010000010010000011000000001000010000000000000000000101010000000000000100100000000000000000100100000000000101000100000000000001001000000000000100010010000000010001000001011
0000000000000100000101000000000001100000000100100000000000000000000100001000000100001100101000000010000010001100000000001000011010100000001000100000000010011000000000000000000001000011000010000000110100001000000010001000010000010000001000000000010000
0000000000000000000000000000001100000000010001000000000000000010000000000001000000010101001000001100000000101000000000010000001000011000000000000000010011000000000000010000000100000100010101010000000100000000010000100000100001100000010100000000010110
0000000000000101000001100000111010000000000000000110000001000000100010001000000000000000000010000000011000000000000000000000000001100110010000000100100001000000001011001000000000000000001000000100001000000001010000000000101010110000001000000000000100
0000010101001000101000000000000100000100000000000100010000000010100000000000010000000011000000000000000010000000010000101011001100000000001000001001000000010010000000000100010000100001010000000000000000010100000000000000100000010000011000000110001110
1000000100001000100000000101010000000000001001100000000000000000000000000100000000001000000000001000000100000000000000000100001100000000000000000000000010000010000010001000000000010000000000000010000001000000010100010000000000000010010000000000000000
0100010000000000000000000001000000000000000101000010001110010000010000000100000010100100000101100000000100000000000000001100101001000000000000001100000100000000000100000000000001000000000000000001000100100000000000100010000001000000001000010000001000
0100000000000000000000000000001000000100100010100001010110000010011000001010100001000100100100100000100001000100000000110001000001000010010000000001100100100010100000000010100000100000101000000010010000000011010000000100000001000001001000000000000001
0011010000010110010000010000000000001000100000001000000001100010100000000000000001000101000000000000000000000000000000001000000100000000001001000011000010000000000010000100000001001001000000000000000000000000000010000000000000000001100100000000100000
0100000010000000000000001000000000001000010000001010010010000000000000011000000000000010100000110000000000000000000000111110000000000100000000000100100000000011001100000100000000011000000001000000000001000000000000000000000000010001000000100000001000
0000000000100000000110100010000000001010010000100001000001000011000000010100001000001000000000001000000010000101001100000000100001100110000000000110000000100000001000100100000000000000010000000000000000000001000000000000000001000000100000000001010010
0000000000000010001011101000100010100000010100000000011100000000100000101000100100010000010100000000000000100000000000100000001000000001000000000000001000011000000000000000001001100000010100000001000001010001000000100001000000001000000000001000000000
0010001000000010001100000001000010000000100100110000110000000000001000001001100000000010001000000000000000000000000010000000000000000010000001010000001000000000000000100001000011000010000001010000010000000010000000000000000000000001000010000000000011
0000001000010001000100000010000000110000000001000000010000001001000000010010000100100000000000000101001001000000000010011001100000100000010101001000000000100000000011100010000000100001100000000000000000100100000000000000000000100000010000000001000000
0001011000000110000110010000000101000101100000000001000010010010000000000000000000101001000000001000100000000100011000000100000000000000001000000010001010000000001000010100000000000010000101000000100000000100000001001000011000000000000000001000110001
0000000101001000000000000000000011000000100000001000100001000000000101000010101000001001000100000000100000000010100100100000100100000010010000100010000000000000000000000001100001100000000001000010001010000001000000000000001001010000000000100000000111
1100010000000110000001100000000000100000010001000000000000001001000000101100000011000000000010100000000100100010000100000001101010000000001000000000000000000000001000100000000000000000000000000001100010000001100100001000000010100010000000000000100000
0001001001000000001000000010010000010110000110010000000000101000000000000000001000100010010000000000000110000101000001000000010000100010100100001000101100100000001000000100100110110010000010000010010000100100110000100000001000010000100000110000001000
1001000000000000000010100010000000000000000001000000100000000000010011110000000000001000001100011000001000000000000000000000000000000000101100000010000000000000001000010100011000000011000000001000000000001000000000110100000010000000000100000001000000
0000000000100000000000010000110000001001010101000110001110100000000000100100000100000011000000000000000001000001110001000000100100000000000000100000100001110001000000100010000000000110000001000000100000000000100010001000101000000000100001000100000100
0000001100000000000001000100100000001010100000000000001000000100000000000101000000100010000010000000011001000000000011110011010000000000000000000010001000100100000000000010000001001100000010000100010000100000010000000000000000000000010000010100100000
1001001010000000000100010000000000100001000100000000000000110011000000000100100000000000010000000110100000001000000001000010110000011001000000000000000000000010000000000000001100110101100000000001000010100000100011000000001000000000010000000000000001
0000000000010000000010000100000000000000000100101000000010100000000000000000001100000001000000100101100000000000101000000000000000000000000000000010000000000000001110000100010010000000110011001100000000000100010000000100000110000110100000000010000100
0000000000000001000000000010000000010100000100000000001001010100001000000010001000000110000000100010100110000000100100000100000000000010100000000000011000100011100000000100000100100000000100000000000000000000100000000000001110000000000000000100000100
1000001000000000001000101000001000100000010000000001000000000000100110000000010100001001100010100110000100000000100100000000010010000001000010001001000010001000000100101000000000000000000000000001000000010100000010010011001010001000000001000000000000
0110001100001000000001010000001110000010000000100010000001000000010000010000100100000000010001000011000000000000000010000000000001000101110001010000000010000010000000000100001000000001010000000000000000000000000000001100000000000011000000001000000000
0001100000010000000000000000000010000100100110011000010101001000000000000000101000100000000111100000001001000100010010010100100101100000000100110000001000001000000011000000001001100011000000000100000000000100000000100000000010111010001100000010110011
0000000001000000000001010000110000101110000000000101000001000000100000001110100000000000000010000010000100100000000001000001001000001000000000010000001000010000000000000000000010000000000001100010000000000010000001100000000000000000000001000000000011
0000000000001000000000000101000001000000010000000011010101000000100000000010001000001000000010000010000010000011001000010000000000010100000100000010001010100011001000001000000100000000010010010000000011000000001000001011001100000000000000000001100000
0101000010000001010000100000000000000000000010010001000010000000000001010000000000000010000011000100000101000000000001000000000000010101000010100000000100001000000001000110000001000010000000000100000000001000000000010001010000000000100100100100100010
0001000000100000000101110000000000000010001000000000100000000010010000000000000000001000000010000000000000100010100000100000000000001110001000000100001110010000000000010001100110000000110010011000000010001000000000000000000000000100000010010011000000
0000001001000000001000000000000001100001000000000110000000010000000100111111000000100110000000010000000001000110000000000100001001000000000000001010000001010110000001100000000000000000000000000010001000000000001000000100000000100001000010000000000000
0010100010000100011000000000100000001010100100010100000000000000001000010000000000000000000100100100100000000000000100000000100000011000000000001011000100100000100000110001000000000000000100000010000000010000000010000000001000010000010000101001000000
0000000000001011000000000000000000000000000000100000000000000000010000000010000000010000011011010101000011000100000000000010010001000000010001000000100001010000000000000000011100100000000010000000001100000000000000000000100010000000010000000100000000
0010100010000000000010000101001000000000010000000000000000000000000000010111011000001000000000000100001000010000010000011000000010000000001000001000000010100000000000000000000010001000000000000000000000100100000000000000000010000001000000000000000000
0000000000010000001000010001000001000000101000001000000001000000000000000000000000000001010011000100010011100010001100001100001001000000010000010100000000000000100000000000010001000001100000000000010000000100100111000100000000000000100101010000001100
1000100000000000110000001000000010000000000000000000101110000000000001000000010100000100000100000010000000010000000000000000000000000100100000000001000010000101000100001010000000010000000000100010000010000000100000101010000000000000000000010000000000
1110000000110000000000000000000001000001000010010101000000000000000000001000010010011001001000000000100100010000000100100000011001000010000010001000000000000000011000000000000000001000001000000100000000010000000100000000000100000000000000100000011000
1000001001001010001000100000011100101000000000000100000000101000001100000010000100001000000001000000000000100000110100000000000000100000000000001000000100000000100000100000000010100100000000011000000000000010000100000010100001000010001000000000001000
0011100001100000000110001000000000000000001000000000000000000000010000000000000000000100000101010111101000100000001000000000000101100010000001000001010001100100000000001001000000010000000000001001001000001001000000010000000000000001000000010000110000
0000000000000001000000000100000000100000010100000010100000000001001100000100000000001010000000001010000010001000000000000000110110000000000010000000011000000000011000000001000000010000000010000000000000000000000000000100100000110000100010000000000100
0000010000000010000100010000000001010110100100010001010000001001001000001100000000000010011000000100001000000000000010101000010000100011101010000001000010101001001000011001000100000000010000000000101000000000000001110001000000000001000000000000011000
0000010010001001001101000000000100010000100000101110000000000100000000000000100010000001000001000000000000000000000000010110100001000010010010010010000000000010100000000000000001000010100000001010000000000010100100010000011101011101000000000000000000
0000000001000000000000011010000001000010000010000100010001001000100010001000010001000000000001000000000000000110000000000000000000100100001000000010000010000010000000000000000000010000110000000001000000000000000001000000000000000000000000100010000000
0010100100001001001100000010000000001100000011001000100011000000100100000000001000000000000010000000000000000100000000010000110011100000000010001000000010100001000011110011000101000110000000000000001000010000001010000010000000000000000000001000000000
0010001000000000000000000000000010000000000000000000000100011000100000000000000000000100001000100110000010000000000001101010000000101100000000000000000000000010010000001010000000100000100100011000100000000000100000110001010011000000000010000000100010
0000011010000010100000000000110000010100000000011100000100100000000000000000000001010000010001000000010010000000000010001010000010000100000100100110000000010100000100001010000000010000100000000000000000000000000000000001100000000010100000000000110000
172 12
198 64
