250 250
0001010000000001000000000100011000000000001100000110000000000000010000000011100100000000010000001000010000001000100000100000001000001000000000001000010001010010100000000000000100000001000000000010000000000000101000000000000000000010111000000000000100
0000000000000001010100010101100101000011100000010000000001000010001000000000000000000001000000010100000000000000100000000100000100000000000110000000000001000100000000000000001000000000000000001110000010000000000000000010001000000010000000000000010000
1001001000000010000101100000001100000010101011010000000000000000000000100000000000001000001110000011101010000000000001000000000001000000000000000000010000110000000000100010000000000000110000000000001000100010100000000000011010001000001000000000000001
1011000000010000000100010001000000000000000000001010001000000000000000000010000000100000100001000110000000010000001000000000000010000100010000000100000000000000000100000000000000100000000000100000100001000000010000000100000001100000100000100010000000
0100000000000000000000000000000000110000001000000011000000000000100000001000000000100000000000000000100000010001000000101000000000000010000000000001000001001100000100000000110000011000000100000011000010000000000000000000000100010001000101000101000100
0000110000000000101100000001000000000111010000001011000000000000000000000000000000000000000000000001000000010110001010000100010100000100000000001000001000000000000000100001001001001001000001000010000000000000000000000100000000010100101000000000000010
0100000000000000111000000101000010000000100001000000000000000001000000000001010000010001000000001000000100100000001001000100000000100011000000010000000000100000000100100000100010010011001000000000001000000100010000000000000100000000010000001011000000
0000000010000001000000100000000000000000000000010000000000000000100000000000100001001001100011100000101000000100000000000000100000000000000000000100000010000000001000001001010000010001000010000000000001000101000000000000000010011100000100001010001000
0011000000000000000001110000010001100010000000100010000000000000000010100010000000000000001011000000000011001001011000001100100001000001111101001000111100000000000001000000000000000000000000010000000100100000000010000010000100000101100010100000100000
0000001001001000000111000000000000000000000000000001001010000011100100000010000010010000000010000000000000000000000101100000000000000000001000000000110000000001000100000010010001010010000000000000000000000000100000001000000000000000000000000000001000
0010000110001000000110100100100001000000000000000011000000110001000010100100000010100001001000000000011000001001000100010100000000010000000000100001010000000000000001001000000000000100011000000000000010000000000011000010100000000000100101001000000000
1000010000000100011011000101000000100001000000110000000000000001000000000000101001010010000000000100010011000000100111000000100010000000100000000000000000001001000000000001000000001000001000000000000000110010000101000000100011100000000000000001000000
0010000111100000000010000000000000100000000000010000010001000010000001000000001001000000001100000001000000000011000010000000000100000010001001100000100000010000000001000000101000000100101100110000110000111010000000001000000000000110000000000100001000
1000000000100000000000000110000000000100000011000001000011000000001000010100100000011000000100100000010000000000000000000000000100001000010000010000000000010000100010000010000000000000000000000000000100001000000000000000000000100000000000100000011000
1000100000011000000000000000010000000010000001000000001101000000000000010000000000010000011000101000000101000101100000000001100000010010001000010000000000000001000000000000110111000000111001000001010001000000110000000000010000101100010100011010000000
0000000000010010100001010000000000000000000000000000110000010001000010000000000001000000001000000000000001000001000010000001000000000010011000000000000001000000000010000000000000010000010000101000000100010000000000000000100000000000000000000011010010
0000110000010000011110010001000100010000000001000001000000000000000011000100000100011000000010000000001000001000000010111000000000000000001000101000000001000001000010000000010000000000000000000000000000000001000000000010100000000010000000000000000000
0000100100000000000001001000000000000000000001000000000010001000101001000011010000000000011000001100000010000000000000000000011100010000010000001000000000010101011010100000000010000000001010000001001000000000000000000001000000000001000100100000000000
0101000100000000000100000010000110100100001000000000100000100000100000000010001110000000000000000000100000000001000000000000010000000001000100000010001000000000010000000000000000000010001000000000100100000000000110000100000100101010001000100000000000
1000000010010000000000011010000010000000000011010000000000001001100000000000001000100000110010000010010000000000000000011000000110000000000000100100000000001000000000000000000000010000001000000000000000001000000001001000100000001000000000010001100000
0001000101000010000000011100100000001101010000000000000100000000000000000000000010010010010001000000000000100000000000100000100010000010000000000000011001001000000000000100001010010000001000000010100000000000100100000001000000000001000001000010100000
0000010000000000000000000000101010010000001001000010001010000000000100000001000000000000000000000000000000000001000010101000100100001000000000000100001010000001010000000000001001001000000000000001100000010000000100000000000010100100001100000001010000
1010000000000000100000000010000000110010000000100001100001010000000000000000000000101000000000000000000000001000000000000101000000000000000010000000001001001001000000000000110001001000000000000000011000000000010001000010000000000000100000000000000000
0000100100100000000010000100100000000000000000110000000010010101000001011011001010010000100000000001100000000000000010000000000100000000000000000000010100001000010000000111000000000000000010000000101110000000001001000110000011000001000111000100110000
0000001010000000000100011000000000101000000000100000000000000100000000001000100000000010000010100101001010000000001000000001100000100010010000100000001010110100000000000101001010000100110000001000110000001000000001110011000000001000000101001000000110
0000001010101000100010000000000001001100000010000000000001000000000000000100001000001000000000000000000000000000100000000100000100000000001000000000100001110000000000010111000000100100001101000001100000000001001001000000000000000000000000010000101001
0001000000000001000010000100000000000000000000000000000010000001000010000000000001000000000010001010001000000100011000001001000011100000000000000100000000000000000100000100001000101000000000001001001000100100100000100001010000000000000000000000000000
0001010000000010000001000000000100010100000010000100010001010000000000110001000010100100000000000000000000000000000000000101000010001000000000000010000000000100000000000000000001010000000000010100000010000000000000000000000000010001001000000010000000
0000000000100000100100010100001000000001000001001001000000010000010000000000100000000001000000100000010100100000000000000000000000010001000000100000000000000001100001000011100101000000000000100000000000110100001001000010001101000000000000000000000010
0010100110110001010000010100000010001001000000010001000000000000100010000010100000000000000010010000000000000000000000001000010100001100000000100000100110001000000000000000000000000000101000010000000000010001000000001100000000000101001001000000101000
0110000000000100000000000000010010000000000000011000010000010011010100010000101000000000000101010010000000000000000010001000000100000001000000100010000010000000001011010000000001001000100001000001000010000000101000100000000000100000110000010000000000
0000100001000110000000010001001000010000000010000100010010000000000000010100000000000001000100000000000000001000000000000101100000000110000000000000010011000000000000000101010000000100000000000001010000000000000000100000000000100000001010100000010001
0000010101110100000100000000100000000001110000001011010100000000000000100010100000000010010000000001000000000000000000000000000000000000101110100000100001000010100010011000100000100000001000101000010011001000000000000010000000010000000001010000101001
0000000011000000011000000000010100100000000100100110100010001010100000001000000000100000010000000010010000100010001100000000011010000100000001000000000010000000010000000000110000000000000000000000100100000000110000000010000110000000010001100000000000
0000100000000000001000001000010000000001000000010000000000000000100001000001010000100000000000000010000000110010100000000001010000000000000000000000111001100010001000000000010100001100000000000000100000001010000010010110100000000001000000000000000001
0000000000000001011100001001000010001001100100010000000000001010000000000000100000000100010001010000000000000100110000000001110000101010000000110001000101001010000100101000000000000000000000000100010100000000100000000000000000000000110000001000100000
1000010001000110000010000000100010000100000000100000100000000001100000000001000000000001000010000000000000001000000000000000001000001110000000000010000000000000001000001100000101000111001000000111001000000000010001010000000000010000010000100010000001
0000100000000011001000100000100100001000000001010001010000100001000000000010101001101000100000000000010000000000000000001000000001000000000100110000000000100000100000010100000000000000000000000000000000010001000000100000101100001100000001000100001000
0000010000110100000010000110000010000000010000010000010000000000000000010000000000001000010000100001010100000101000000000001000010000000000001000001001000000001001010101100100000000100000000101000001000001001101001001000000000000001100000000000010101
0000001000000000000000000000000000001000001001001000101100000101000000001100000000000000000000010000000000000100100100000010000000001000000000110000000000100001000000000000000100011000000001000011110100000010001000000101000111000000001000000010100000
0000000000001001000010100000100100001011000100000000110000001010110000100000000010010001000000010111000000010000000000000000000000000000011000000000010000000000000000000000000000000100010000000000000100100010010001000000001000000010000010000000010100
0010100000000000000000010100001000100100000110010010010001101000001000000000000000000100000000000000000110000000000100101000001000000000010010100100010000100100000001010000000000001100000000000001000010011000000001000010000001000000111010000101000000
0000010001000000001000011010000000000000010000010000100001100001000000100100000000000000010010100000000000000001110000000100101011100010000000100100001000100000000010000100000001100000100000000000001000001000000000000010000000000010010100000001100000
0000000000000000000100001010010000100001010001100000001000010010000001000000100000000010001001100000010000000000010000000100010100000101010010000000000100100010000000100000000001001000101000001000010110100010001000000000000110000000010001100100001100
0100001000000100000110000010000000010001010000001000000000010001100000010000100001000000011000001000000000001100010000010001001000100000011000000000000000000000000000000101000000000000100100000000001000000100000000000010000010100000000100000100010000
0100000101000000001010000100000000001100000000100000000000000001100100000000000000000000000100000000000000000000000001000001010000100000001000001001000010001001001000000000000010101000000000000010000001000000100000001000000000000000000000000000001000
0001000100000000100011000100001000010000000000010001000010110000110000100000000010000001000010000000000100000110000100100000000000000000000000010000001000000000001000000010010000001000000010000001101010000100001000011000000010000010001000000000100001
0000000100000010000000000000000000000100100000000000000000010000000000100010010000000000001100001000001000010000000000000100010100000000100000000000000000000000000000000000011010000010011000000000000010100011100000000000000000000000000000000000101110
0100000100001110011011000000000000000100011001010010000000000100010000000010000000000000101001000010001010000001110000001000100000000000001110001000010000100000000010001000000001010000000000100010001000000100000010000010000000100010000001100001000001
1000000001100001101010000000000000010000001000000010000001001100010000010000000001001010000000000000010001000001000001000000100000100011000000100000000000000000001010001000000100000011000100110100000101000000000000000000000010000000001000010000000000
0100101000010000000000111000110000010000101011000010000011000000100010000001000000001000000000000110000000000001010000001100010000000100000000100000000000000101000110000000100001000001000000101000100000010000000000000000001000100000010000000000000000
0000001100000001010011000000101000010000000000010110000001000000000000001100001001100000010110010000000100010100101000000000100001100000000011000000000000000100000010000000010000000000000000000001000000000000000100000000110001010010000010010001100000
0100101100001100000000010000000010000000100011011011010000010000000000000000001010101100000100100000100000000000000010010010100000000000000100001000000000110000000000010000100010010011000001000010000000000000110001000001000000000000000000101000100000
0000000000000001000000000001100001001100001000010010001001000000000000010101001000000010000100000001010000001010100000000100000000000011100010010000000000000000100000100110000110000000010000001000001000100110010010000000000000001100100001000000010000
0001010010100010001000000010100100000000100000100010000001000000001000000000000010000000000000100110000001000100100100001000000110000000001101010000001000000011000001000001001000011110000000100000000000001000000101001000000000010010000100110000100000
0000111000000100000000100000000000010000000000000000100000100000000000000000000110000100000000000100010000000100000000000001010000010000000010000000001000000000100000000000000001110100110100000000100000000010000000000100010000000110100000000001000000
0000000000001000000000001000000000000001001000011000000010000001000000000000000000000110000001000000000000000100000000010000000000101000110000100001000110000100000000000001011010000011100000000000000010000000000000100001100010001010100000010000010001
1000001000001000010000000000000000000001000000000001100001010010001010000000000001010001000000000000000000010000000000000100000010011000001100000100100000110000000000000101000000000101100000000000001000010000001000000000000110010100000010000000000100
0000010000000000000000101000000000100000000101001001000000001000100000000100000000010000101111000000101000000000010000000000000000010100000001000000001100011000001000100000000000000000000000000000010000000100000000000000010000000000000000100000000010
0000101000001100001000100000011000000000000000000000000000001000000000100001000001000010000000010100000000000000000000001100000000000000000101001000101000100000001000000000000100010010000001000000000101100000011000000000000000000000000000100000001000
0010100000101000000001000000001100010000000000001000000000100000000000000000010001000000000001000101010010001100000000000000000000000000000000000000100000100001010000000000110000000000010100000000000000100000100000010000100100000000000000000101000000
1010010100000000010000100001000100000001000000010010000001000010000000000000010100000001001100000000000000000010100000000000010000001010000011000010001000001000000000000110000000100100000000001000100000001000000000000001000000000001000000000000000001
1000000100000000100100000001100110001000000001000100000011001001000010000000010000100000010000000000100000000000000101000001001000000000010010000010010011011000001000000000000010000000000000000000000010001000000000010000110000000110010000000000000000
0010001000000100001100001000010000100001100001001000100000000001000101101000000010000100001000100000110000000010000001111000000000101001000010000001000101100001001000001010000000010110000010010100010000000010001100100000111010011000010000110000010001
0100000001110000100000000001010000000001000010000000000000101000000000000001000000010000100000000010111001100010000000000000000110000000000011000000000000001010100000000010000000000000010000101000000011001000010000000000000011000000011010101011010100
0000000001001011010110110010000100000100000000000000100000000000100001010000000000100000000010011001001000010000000010010000010000100000000000011000011000000000000000000100000000010000000000010000000000000000010010100110000000000000000011010001000000
0010000000000001001000000000001000000001000000001000100010000000000000000010100010010000001010000000001000100000000100000000100000001000000100100000001110010101110000000000001000010010011011000000100000000100010000000010000000100000111000001000000000
0000001000010000000000000100010000001110001000000011000000101000000010000001001100110000001010001100101001000010000100100000000000010000000000000000101100000000011010000000101100000000010000010000110011010000000000000000000000000011100000000000000100
0001000000000000100100000100000100000100001000000100100000001010110010101000000011010101000000000000000000000000000000100100000000010001000000000100111001000000100000100000000100000100101000001000111001000000000011001000000000010000000000100000100010
0000100010000000000000010011010000000010000010000001101100000000100000100100100000010100000000000000010000100000100001001001000000000000000001000001010000000000100110000101000110110000000000000001010000010010000110000000000011100000011000000000000000
0010000001000110000001000001000000100011000011000000000001000010000000000001001000100011001001000000001000000000011010000100000000010000000000000000000100000000000000010010100000000010011100000000000000000110000000000000010011000000000110000000001000
1010000000000100000011110001100000000000000000000000000001000000000000000000100000000001111000000010000010000010000000000000101000000010000100010000000000000000000000000000100100101000010000010001000000000000000000010000000001000010010100001010000110
0000001101000000000100010000100000000010000100000000000000000000000000100010000000000010000010100011000000000000000000000001001000000000010000001100010001000000010100100000010100000100000010000001010000000000010000000010000000000000010000000000010001
0010101010000000000000011010000000000000001000100000000000001000001000000010100000000100010000000101000010100000000010000000000100010000000000000001001010000000000000000000001000000100001010000110100000010000000000000001100000000001000000000000000000
0000000000000001000001010000000100000010000000000001000000000000000000000010000000000010000100000000000001000010000010001000000000001010000101000000000000001000000000000010010010000000000001000010000000011000000000000001010100001000000010000000010000
0001100101000000000000001100010010000000000000000000101000001101011011000000011000000000000000010100011000000011100000001000000001000000101100001000000001000110000000010000000000000000000000000001100000000000010010001010000100001000010000100000000000
0001100011000000000000001101000000000010101000001000000100000000001001000000000010000000101000110000101100010011010000000010000000000110000101000001101100000101000001000000000011000010001000000000000011010000000000001000100000001000010110000000000000
0000001010000001000000000001000000000010010000000010000000000000000000000010000000000110110001100000000000000000011100000000010000010001000100010000000000001000001100001100100100001000000001000001100100000010100000100110000000100101001000100000000010
0000000000000001000001000000000000100000000100000000010010001000000000000001010000000000101000000000101011000100000100101100000000000000101000000000100000011000000000000000000000100000101000100000000100000000001000100000000000000000010000001000100000
0000000000000011000001000000100010000000000001010000100000000000001000000010001000000000000100000000000000000001000000000010001010000001000100010000110000011100000000010000010000000000001000100011000000010100000001000011000000000000101000100010000000
0000000000010000100000101001010000000000000001010100010000000001000000000000000000000000000000000000001001000000000000010000000010000001010001000000010000010000000110010000000000001001000001010000010000001000110000011100000001100000000000001100000000
0110000010010010000010000001001001000000000000100110000000010010000001010000000100100010000000000000100000000000000000001001010000001000000000001000000011101000001010000101000000100100000000100010000001100000000000001100000010101110000000000000000010
0000011001000010001010111001110000010000010000000000000001001110100100000000000000100000011000010000000000000000000000100110000000110011001010000001010000000000000000000000100000000010000000010000000000000000100100000100010000000000000100100001000000
1000010000000100001000000000000010000010000100000000000100001010101000010000000110010001000000000000000001000001010000000000000000000100100000000000010001000000000000000011001000011000000100000010000000000011000000000000000000000000000100001010000000
0000000000000000010000000001000000000000000010001000000000000000011000000000110001000000000001010000000100110000000010001000100000000010110010001000010000101000000000000100100000001000000000000000000000010000001011010000000000000100100100111000000001
0101010000000010100000000100000100000000000010000000000010000001000001000000000101000000010010000011100000100101000000100000000000000000000010100000010110100000001000000010000000000010010100000100000000100000100000000011001100001000111001000000000010
1100101000000000001000100110000000000001000000000000010001000000000000000100100000000000010001010000000000000100000000000000000001000001000000001101100100001000000000000000100000000010100010000010000000000010010000000000010000110010011001000000000000
1000000000000110100110000100010000101000101000001000100101000000000000000000000001000010000011000000010000010000000000000010000010000000010000100000000010000000100000100000010000000010000001000100000100100011000000000000000001010101011001100000000010
1001000000000000000000000000000000100000000001000000000100000000000000000100001000000101000000000000000010100001000000010000100001000101000000000010000100000000010001000000000100100000101000000001000000001010010000000000010110110000000100000000000000
0000000000101000000000010000000001000100000000000110000000100010000010000000000000000010000100001000000000000100000000000011000000000000000000000000100000000010100100010000000000000000010000000110001000000100001010000001011000010000000100010000000000
0000100000000001000100010111000101000000010000000000000010010000000000000000000000000000000100000000000000000010000000000000000000000110000010000000100000000000000000001100000000000011100011001000000001001000000000000000000110100111001000000000000000
0010000000000000001000001010000000000000000001000000011000000000001000000000110000010001100001110000000010010000000001000000010001000100000010000000010000000000100000000000111000100001000000100010100001000001000010000110000001010100110000000010000000
0000000000000000000000001001000001000010100000000001000000000000000000100000000010000101111000000000000000000000000000001000010100110001001010100000100000000100010000100000010000100100000100000010000000100100000000000001001000000000010000000001000010
0001110000000000000001001110000000010000000000010000001000010000000001100000000000000101010000000000000000010001000001010001000100011000101001000001000100000100000000000000000000101100000000000000010001001100000000000000010101000100001000000000001000
0000100000010000000000011000000100000100000001001010000000000000000000010100000100001100000010010010000001000000100100001000010000101000000010000000001000000000010000000100110000000111000000000000001001011000001000000000000100000000100101000000100010
0000000101000010000110000101000000000000001001000000101000000000100000000010000000100000000000010001100000011001000100000001010000011100001000001000110001000010000000001000000100100001000100010001000010100101100001000001100110001000001010000010000000
0000110000000000100000000000000000100000000000100101000000000100000000010100000001000000000000000101001000000001000000001000001010000000000000000000000100000100010000001001010000000000100000000100000010000100100000000010000000100101101000000000000000
0000000011000100000010010001001000001010001000101000000100000110000000101000010010000000000000001001100100000100010000000100000010000011000011000010000001000000001000100001000001000011010000001000000000100001000000011100000000100100000000000000000000
0001000000000000010000010000000000010010000000010001000000100000000001001001000001001000000000000000000100000000000100000000001100010100001000010010000000000111000000000000001010100000101001000001100000001100100000001100000000000001000000000000000000
1000010000000011000001000010001000101000010000100010000000000001000000100010000000100000000000100000000000000000000001000101000000001001000000100000011110000000100000000000000000000110000110000000000000000000000000000000000010001100000000010010001000
0001000000101100011000001000000010000100000001000000000000000010100100001000100000001000010000110010000100000001000000001000110101010000000000000001000000111100010000100100010000000000000101000001000000000000000000000100000000100001000010100000000000
0000000000000000000000000000000000000001100000000000000000010000001000000010001100000000000000000001000001000000001110000000100010000000000000000000000000011001000000000000000000000000001010100000001000000000000000100000100010000001000100001000000000
0000001000000000010000000000001000010000000001000000000000000001100000000000000000001000000000000000000000001010010000000000000010000000101110000010100010000001100000000010000010111110000010100010100100001000000000110000001000100000000001000011001010
0000000000100000000000000100000011000001100000001100000000000000000000000001000000001000110000000000000001000000100100001000001001000000000000011000000010000000000000100010000000000000000000000000000110000000000100000000010100000001000110110000000010
0001001000110000000000000000100001010000101110000000000000000010110001101100000000000001000100010001110000000001000000001000000000010000000000000100000000010001100000000011000100000000000000001001000000010001000111000110000000100000000000000000100000
0010000100000000100000100000001000000000000100010001000011100000000000100000000000101000101000000000011000000000010010100000000000000010001000011000100000000010000100000101000000100010010000001100100001010010000001000000000001000000001000010001000011
0001001000001000000000100000101001000010000000100000000001001100000000001000100000100000000000000000100000000100001110000000010011000000000101010000000001000011000001000000000000001100000000001000110000100000000000010000010011000000001000100000000000
0010010010000000001000000000000000000101010000000011000100010001000100100000010000010000010000000101000000010000000100000001000000010000001100000000000000000000100000000000000000000000011000000010000100000000101000000010001001000010000000000000000000
0000001010010000100000111100001000001100001000001000000000110000010000010000000000010000000110100000010000000000000000000000010000100100101000000000000000001000000000100000000000000001011000000000001000000000001000000000000000000000000000000000011110
0011000000000000000010001000000000000000000000000000000000000000010000000000100001011000000000000000010011000100101000000100111000100000000000101000010001010000010010001000100000000100000000000000100000011000000101000000000010000001000000000010000010
0000000000001000000001100000000000100000000011010000010101100010000000100000100000000010010000000010110010000000000000000010100000000000110110001001100000000000111001001110011001000010001000000000000001101100000000001101000001110000011000011000000000
0000000000001100000000011100010010000000010011000000010000000100000000000010000000000000000000000100010001000001110000010001001000000000000000000000000001100000100000000000000100101000000000100000000100000000010110100000101000000000000000000010100000
1010010000000000100000011000010000000100001110011010011000010001000000000100100000111010000000000100000010000000100000001100001010000001000010000000000100000000100000010000001000100000000000010000011000000001000100001001000010000000000100000000010000
1000001000000001000000001100010000100001100010000000000010100010000000000000010000100000000100000001000001000000110000001000000010000000010011000101000000000000000010100000000000000000000000001011000000100000000000000100000000001101000001000001000000
0000000000100000101000100000010000000101000000001000000000001000100000000000001110000100000000000000000001000000000000000000000010000001000000000000000000000001000101010000000001001000001000000000001000000011010001000000000000000000000010000110010010
0001000000010000000000010010010010000000001001000100100100000000001001000001000000000010000001000001000000000100000000000001000000000000000000011000100100000010000000000010000011000001000000010010001000010000001010001010000000001001000001010000000100
1000001000010000000010000000000010100100000000000010000001000011000001000000010010110000001000000001000000100000000001000000111000000010000001000000000001000010000001001001100100000001000000010000001000000000001001010000001110011010000000001000101010
0000010110010000010000000001001000100000000001000010001000000000010010011000000110001000000010000001000001101000100000001000000000000010000000000000001000110001001000100000000100000010000000100111000000000100010000000010001100000000000000111010001101
0011000000100000100000000000000000011101000000010000000000000001000000000000000100001000000000010001000000100000010000000000000001000010000100000101100001001000000010000001010000010010100000000000000001101000000010011000000000000000101000000011000000
0100010000000000001100001010001000100000000100010101001001100000011100000001000100000001100001000000000001001010000000000000010000000000000010101011001000000001000010000000000100000000100010001000001100001000000010000000110000000000000000000000101001
0001010001000000000000000100000000000100000000110000000010000110000000001010101001000000110010000000001001000000000000100100010001010000100000000000001000000100001000000001001110000000000000000000000000110000000100010000000000000000010000000000000000
0000010000000000001010000010000100000000100000010000000011001000010011000100001000001000001000000010110000000000001000000011000000010100000001100001000000110000100100000010010100011000000000111000110100100001100000001001100000000000000000000000000101
0000010010000000000010000000000000000000000000000000000000001000000000001000010100110000010000000100001000000111000101000000010000000000000011000100000000000010011101000001101001000000100000100000010000001000000000000000001101000001000001000000000110
0001000001001000001001100000101000101000000011000100100000000000001000100001000000000000100000000011001001000010001000000001000000100000100001010000000000000100000000000001100000001101000110000000000100011100100000010000000010001000100000110001000000
0000000000000000010000001001000000000001010000001000000001100100000100000110000110100000000000000001010000010000000000001000000000100000000000000000000100001001001100000100000000000110100000000001100100100000001000000000000000000000000000000000000001
0000000000000100000010000000010001100000000010000110001000000010011000010100000010000000000000000000000000000000000010000000000011100000001001100001000000100010000000000010000001000000100001000000100010001010000000100100000011000010000000100100000010
1010100010000000000000000001000000000001001000010001000000100001000000000011000000110000000000000000110000000000000000000000000001010000001101100100000000000000010010000100000000000010000110000000001001000000001000110001000000100000010000010110101000
0100000110111000000000001000000001100000000011000001000000100000000010000000010000001000000000000000010000100000100001000000000000100000000101011000000000000010000000000000100000000100010100101110000001001000101110000000010000000100000100000000010000
0001000000010000000000000010100000100000000000000000000001100000000000000010100000000000000000010000000000000100000100000011000110000000100000000000010000000000000100001000001100011100010100000000000000000100000000000000000100000000000110000000000001
0000000000000010000100000001000000000000000000001100000000000001000010000000000000000000100000001101000000001000000000000000010000001110000001100010000000100101000000000010000010000010001000100000000101000000000000100100100010010001000100000000100000
0001000100000000000001000000100000000100001000000100000000001010001000000000000000000000000000000000100100000000000001000000000010000001000000000000000001100000000000000010001000000100000001000000001001000010100000000001011000001000000000000000001001
0000000100000100000000100000001100100110001000000001000010001010001000000000001000010001100001000000000100100000110000000001011000000001100000010000101010010000000000000000000000010000001001000111000001100110000010001000000000000010001000000001100000
0000000000000000010000000000100000000100001010000000000000000100000000000000000000000000010010001001000010000000100000000010000000100000000000000000100000000000000000010100000010000000000000000010001000010000001000001000100001000010000000010000000100
1000000001100000000000000000110010001000101000000000000000000011001000000000100100001100010000010000010000000000000001100100000011010101000000000000000100000000000000000010011010100000000000000000000001011000000100000100000000000000000000000000000000
0000100000000000001101100000000001001100010100000000010000110000000010000000010011010001000001000000100000100000100100001000000100001000000000110000000010000000000100100000000010100001010001000101100000000000101000000001000010000000000000000011001000
0001000000000000000101101000010000001001000000000000000000000000000000100010000100000000000100100100000001000000100000001001000001000000000000100001000001001000110000010100000000001000010000000000010010001000000011000000011001010000010000000010000010
0000100100000010000000000000100010000000010000000001000000000000000100100000000011001000010010000000001000000000000000000011001100010000000100000000000001000000010000000000001000001000000000011000001010100000010010100100010000001000010100000000000001
0001000100000110000100100000000100000000000010010000001010000000000010000001000000000101010000100100000000000110000000000000010000001010001000000100000000000010010001000000000000000000000000110100000001001101000000000001000000000000000010000000000100
1000100100000000010010000000011100100010000000001100001010000010000000000000001000000001000001001000100000100001000010000001100100010000000001000000100000011000000001000000001011001001010000010000000010000101000110000010010000000000000011100000000000
0000000100010000000000010000100000010000000000000000100000001001000000000000010000100000000001000000000000000000100000000100000100001000000011000000000100000000000000100000000000000100000000110010000000010000100100000001000100110010001101000001100000
0011010000000110000001000010000100000000010100000010001010010100010000000100001100100000010001100000010000010010000000000000000000000000000000000000000000000000001010000010000011000100100001001000000001000100000000000100000001000000000100000100001000
0101000000100000001000001010100000100011000000101001000000000101010010000100000000000001001101000000000000000010010000000000000100000110000100000010000000000010000000001000010000000000000000100000100010010000000000010100110000000000101000010010000010
0000000101000000010000100101101110101000000010000000000000110000100000010000000000000001100000000011000000000000001000001000000000001001100000010000000000000000000010000000100001010000000000011000000001001001000000100000000010000100000001001000000001
0000000000000100110001100011000001001000000000000000010100001000000000000010010000100101000000001100000000000000000100010000100000000000000000000010100011000011000010000010000001100000010000100010100010010010010000001000000000100001001000000001000010
0000100000000100000000100010000000000000000000101000000000110000110000000000001000000000010000001000101100001000001000000000000010001000000000001000000001000000001000100010000010100010000001011100101100000000000000001000101001000010001000000000001010
0000100000010000000000000010010010010000001000000000100001000100000000000101100000110010000000000000001100010000000000000000000000000000001100001101010000000001001000000000000000001100010011000000000000110001000100000000100000100010000101000010010000
0000100001000000000000010000000000100000000000000100000000101000000000001001010000000000001000000000000011000000000000000000000100010000110000010000000000010000000010000000000000001000100000001000010011000100011010000000010000000000000000010000000000
0001000001001000110000000010000011000001000001001000100000000000000000000100000001000000010100100000001000000100001000110110000000010000000010000100000000000000000000000000000100010000000000000100000000100001000100000000000010000000000000000100000000
0000000000001100000001000110000000100000000000000000000000001000101010111000100000100011000100000000100100000000100000010001000001001011010000000000110000000000000000000000100010001000100000000000000000000000100001000000000000100100000000001100010111
0110100000001000010000100011000000000000001000110001010001000000000000010000000000100000000001000000000000000001000000010000000010100010001000000000000100000100010000000000010101000000000101001100000000000110010001000100010010100000010000000001000000
0010000000000000000000010010000000000100010010000001010000000100000000000000011000000001000000000000100100000000111000000000000000000000110000001000000000010000100000000000001100000001010000100000000000001000100000000100000010000001000010001000001001
0001100100001010001100000000000000000000100100000001100000010000010000000000001001000010100000000000000001100001010010000000111000010100100000000001100000000000000001100000000000001000000010000000100000010000000001100000110000000000100000000000000000
1100001010000010000000100000001101000000010000100000011000000000000000100010000000000000000000001011000000000010000010010100000000001000000100011000000100000000101000100000101000011101000000000100000000000000000100001100000000000000000010000110000101
0000110100000000100000000000010000000000010000000000000000100000000010100101100001001000010001010010011010000100000000000100000000000000000000000001000000000001000100100000000111001100110000000001000000000100000000010000000011000000000100001000001000
0001000000000000000000000010000000000000000000000000000000100010000000000100001000000010001000100000000000000011000000100000000100001000000000000000110000000000100000000000000000000010000000100000001000000001010100010010000000000000000000000100000101
0001000010100010010000101000000000000011000000000100000101000001000001001000000010000000000000000010101000011000100000010111000000000000001000111000010000000000001011100000001000000000010100000010000000000100100010000000000010000010100100000000000101
0000000100011101100000001000000000010011000000001100110010000000101100110000000000000000000000000100100100000000000000000000000010100000100000001010000000000001000000000010000000010000001000000000100000000000000001000001000000100010010000000010000000
1001101000000000000011000000000000000000000000000000000110000011100000000000010000000100000000010010001100110100100000000000001100010000100000000100001000001000000111001000000000010000000000000101000000000000000000000101001010000110000001000000000000
0000010000000000000000100000000000010011100000000011010000100000000000000101100100111010000000100000001101000000000000000001001000100110100000000000000000110011100000100001001000010001000010000000010001001000000000100000000000000000010001000000001000
0100001100000000001000010000001000100100000000110000000000010100010000000000110001000100100000000000010110000000100000100000100100001000010010000001000100000000000000010000000000000000000110001000000000000100000000000000010000010000000000000000000000
0000011000001000000010001001000001100010100010000000000010000000001010000000011001000001000000000100000110001111010000110010010000001000000000000100000000000000000100000110000001000000000000001000000000000000000001100010001001000010000100000100100000
0000010010000001000000000000000000000100000000100001000000000000000000001000010100000000000001000000100000000100000010000010000000000000000001001000000110000001010010000000110100100110010000000000000100000000001110001000001000100000011100000000000001
1000000000101010000100011100000000100000101000000000010000001000010000100000101010000000010001000000000000000000000110000001000100000000000000001000000100000011000001001101000010011000000010101100001000000000001000100000000010000000000001000000000000
0001000100000010000000100000000001000010000001000000010000010000000000000000000000001101100000000000000001000110000100001001010000000000100000011010000000000000000000000000000010010000000000000000000000000010101000000010000010010010000000000000001000
1000100000001000000000011101110011000000110100000010010000000000010010000100000010011000010000000001001000100000000110000000100100011010000000101000000000000000100000000001000110000010000000000000010000001010000010000010000001000010010000000100010110
0000000000000000100110000000000000010001001000000110000000000000100001100001001100000011000000000000100100000000000110000000010000000000000000100000000000001000000000000010000000010100011000010000001000010000000000100000000000000000000000101011000000
0000000000000000000000001000001000010010000000001000000100000000010100001000001011000000000000000000100100000100101011010000001000000110110111000000001100100000001000010000000001101000000000000000001000000000000001000100001100000000000000000010000000
0100110011000000000000000000000000010000000010010000000010010000101000001001001001001000100011000000000001000000011100000000010011000110011100010000000000100010010001010001010100000001000000000000000000011000000000001101000000000000010000001100000011
0011000000000000001000000110000000000000000000000000001001010000000101000100010000000010100000000001100000000001010001100000000000000000010010100101001101000000010001001000000000000100100000000010000000000000100010010000000000100000000000001000000000
1000000000000000100100000000001011000010110000000100000100100000001100000000000000000000010000000000100100100001001001000000100000001000000000100010001001110100000000100001001000000010001000000000000001101000010010010101010000000001000001000110000000
0110000000000100000001110000000001010000000000000001000001100000000000000100000010000000110000000000010000000000001000000000000011000000111000010010100000000000010110010000000111001000000100100000010011001000000000010111011000110100000010010010000100
0010000100000000000000001010000100100010000000000000000010000000000000000010000010000000000010000000110000101001000001000000000000100000000000001010001001000001001110000001000011000000001000100000000000000010000000000010001000000001011000000010000000
1100001100000000100010000000000000000000001000000100000100000100000100001001000000001000000001000010000011010010000000000000000001000000000000000000101110010000000000111000000010001100001000001001000111000001010000100011001101010000000000000001110000
0001010100001000000000000000000100100001101000000000001000000000101010000000000000010010100000000000000000000001000000010000001000001010000000000000100000000000000000000000000000100100000000001100000001100100000000100000100000000000000000000000011100
0010001100000000100001001001100001010011000010000101100000100000000001000000000000001100000000110000000000000011010000000110000100111000100000010000000000001100000000000001100000110010000001010000000000000000100000000000001000000000101000010000000000
0100100001000000001000010010010011000000000010010000000000000000000010110100001100000000010001000100000010100000000001000000010100100100000000001000110000010010000001000001000000010100000101000001100000000000000010001000000100100000000001000000001010
0000100000000100000000000000110000111010101000000000000010000010000000000101000000010010100010000101010000100100010000101000110000000000010010010100001000000000001000000000000001000001000100110100000100000000000000001100001000000100011000000000000000
0001000001000000000000000100000000011000011000000000000110001000001000010000010100100000000000010000000010010000011000010000001000001000000001000010000000000000000000010100010001010000000001000100000110001110000100010000001000000001000000000000110100
0000000000000010001000000000000000000000100000000010011000000000100010000000000000010000100000000000000100000001000000010010001000000000000000110000000010100100000000100100000001000100000001010010010000100000010000001000011010000000000000100001000000
0000000000010000000000000000001110001010000000000000000000000100000100000000000000000000001100000000000101000000000000101111000000000001010100001010011011000000000000100000000000000100001100001101000000000000000100010001000010010000100010110000000000
0100000000000001000000000100000000110000100010000100000000000001000000100001000010010000000000000010001010001100000000001001000100000000100000010010010001000100000000010010000000000100000000001101001010000000010000001000000011111000100010000000000000
0000001001000000000000011000000000010010000000000100000100011100000001000001000100000100100000000000110011000010000000010100000000000001110000000000000000000000100010000001001000000000000000100010000000000000000001001000000001101110000000000000000010
1001000100000000010000010100000100111100010100000001000001000000100000000000001100010000000000000000000001000000000010100100100000000110010000011010100001000000010000001010100000001000010000000000100000100000001001000100100001000010000010000011000000
0000001100000110110000000000010000001101000000000010001001000000010000000100110000010000000000000100000000101000000000000100100000000001000001010000000000000000000110010000001000000000000000000100000011000010100000010000000000000000000100000000000000
0010000000101000010100000001000000110001100000001000010011000000000000000000000100100000000011100000100010000110000000010010000001000010000000010000100100000000011000000001100000000110000000010000000000001000000000001101100001000100000000000000010000
1000000000000000001100000110000001000000000010000010000000000001000001000000000000000000000000000000000010000000000010001000000000001010000000000010001100010000000101100010100000000000000000000100001000000110010010100011001000001000001000001000000000
0010000010100000000000000000010100001100000000100000010000010010000010000010000100001000000001111011010001000010001000010001000000000001000000000000000000000000000100001000000100001100000101000010000110100000000001101010000100100010101000100001100000
0000001101001001000010000000101000110000000000000000100000000000000010000100001000010010000000000000000000000100010000001001000001001000010101000000000000011100001000010000100100001000010000000000000100000000010100000000000000100100000100101000000000
0100000001000000001001000000001000010000000000001000000000101010011000000000000001100000001010000000100000000000000000011001010010011010000000000000000001100000100010001001000000001000110000100100100100010001100100100000110000001000001110010000000100
0100000001010010000000000001100000100000000000000110000000000000000000000110000010100010000001000000010000101001000011010010000000000100111001000000010000100001000000000000000001010000110000000000000100001000000010100001101000000000100010000011100100
0010001000001100100101000000010000000100000000000000000001100001001100100011000010000010000000010001000000000011011010110001010011100000000001000001010000010000000011000100000000010011000101010110001100000000100001000000111000000000001000001100000000
0000000000000000000010010000011000001010100000100001010000001000000010100010010010000000000100110010000000010010010010100000000000101000000010000011100000001000100011000010001000000000100000000100100000100000010101110000000001010001100000000000000001
0000000000100010100100000000000010000100010000000000101000000000101000100100000001001000000011000000001001000001000000000100010000000001000000000001000100000110100100000000000000111000010000000000000000000110010000000010000000001000010000011000100000
1010000000001001000100000000100000110101010000000000001000000100010000000000000100000000001001001110001001000000000001000100000001100000000011001000110100100000001010010000000010000001000001010010100000000000010010000010000010000000000000000100000000
0000000000000010000010000000110001010000011001000000001000000000000000000101000000000000100000000000001010100000000010000000100000010000000000000000000010010000000000000100000000010000000000000000000000000000000001000101000010001000000001000000000000
1000001110000000001000000010001000001000100010100000000100010000000000001000000000000100000001000010000100000010010010010001110000000001000000100100010000000100000000000010001100010000000010100000100001000000000100100000000101000000000000001000100000
0000000000011000000000000101010010000111000000010010100011000100100000000101001100001000000000010000000000100100000000000000000000100000001000000001000000000100010100000000000110000000100001000100001000000010000000000000100001000010010010010010100100
0000000000001011010001100001000001000000000010000000010000001011000000000100000000000000000000101010001100001011000000011000000001000000000000000100000000000000110010100000000001000000000000000001000000100000001000000010000000001100000000000001001000
0001000010000001101010010000010000000001001000110000100000101000000001000000000000100010001000000000000000010010001000000100000000000100000000000000100011000000000101010001001000000110001100000000000000000100000000001000010000000000100000100110010011
0000000000100000100001000000010010110010000000010000000100000000000000001000000000100000000010000010000000000000000010000000100000000001000000100000010000000001101000100000010000001000000010000010000001110000010001000000000000000010000000000000000000
0000000000010100000000010000100000000000000100001000010000100000000000101000000000001000000000001000000000000000000000000000010000000000000000000001001000000000000100000100000001000000000000000000000000000000000000000010001000000000000010010000000100
0011010000000000001000000000000010001000000000000000000110100000000010000100111111010110001000000100001000001010000100001000000000100000000000000000000000000000001100000000000110000000000010010100000000000000000000000000001000000001000000010000000001
1000000000000010000000010000001000000011000000010000010000000000000010000010010000000010011110001000000011000010100010000001000000100000000000000110000000100000000000001000000000001000000000100000000111000000010000010100100000100100000010000001101000
0000000101010000000000000100011000010001110000000000000001000000000000000000000000000010000100000010000000010000000100100101000010010000010000000000100001001010000000000001100000000000000000100000000000100100000001000000010000000001000100000100000000
0100001000000010100000010010010000000001000000100111100100001000000110000100000100100000010100100100100100101100000001000001100001001000000000000010010000010100011000000000110001000010010000101000000000000000000000100000101101000000000100000000000000
0000010110000000000010001100000100000100000000011000000010010010000000100000000000000000000010000000000000001000011000010000000010101000100101011000000000010000000010000000000000000010000000000010000000000001001100000100000001000000000000010000000000
0000001011000010001111000010000000100000100001100100100000001000000000001000000000000000010000000000000100000001000000000000001001000100010000000001000011100001000000000000000100000100001000010001000011001100000000101100000001100000000000000000100000
0100111000000001011010000000000001010000000100000001000000100000010000000000110000000000000000000000010100000100000000000000000100000010000110000001011000100100010000000000001011101010100000000000000100101000100000000000001000001000000000100010000000
0000000000000000100000000001001000100000011000010010011010001000000000101000000001000000000010000110000001000100010000001010000000000100000000111000000000000100000001100000010100100010000010010000000000000000010000101010110000000000000000000000000000
0010000011000001011000000011000000001100000100000000000100011001000100010000010000110010011001100011101000000000000000000001000000011100000101100001000000010000001000000000000000100001100000101001000000000000100001000000010001011100000000110000000000
0000000000000000000010000000000100010100000001000010000000100000000001010100100000010000000000010100000000000001101100000000100101100001000000101010000000010000110011010001000000000010000011100001100001000010100000000000001001000010000000011010010000
0000001100000000000000000000001000000000000110100010000000000001000100000001100000110000000000000000000100000000000001000010000000100000001101000100100000000000110000000000000000000110000000010010000000000000001000100010000100000110000000000000000001
0000000010001000000000100000000100000001000101000010000100000000000110010101000000000101000001000000001000000101000000000000100110010000010001000010000000000000000011000001000000010000000000010100000100000100001000000000000100000000000001000000000000
0000101100000000000000000001000100000010011010000000011000000000001001000001000100000010000010010000000010000010000000000000010010100010000001000000000100000000000000000000000000000000000110000100000000000010000001001000000000100000100000100001000100
1100000000000000000000100000000000001000000000000001000000011001100000000000000000010000000000000100001010100000001101001000000000000000000111010001000000010010101100000000010010010000010010001000000000000000100100100000000010110010001000000000100001
0000000000000000100000010000101100001000110010011010000100000100000000000000000000000000001010000001000000000010000100000000000000010000000001000000100000000000000100000000000000010000010001000000000100001001110000001001000000000100010000001000000010
0000000101000000010000100000000000000000100000010001011000010010000010010000000100010001000000000001100000000000010000001011000000000000001010000000000100101000000000000000000100110000000000000001000000000001001110000001000001001000000000000100001011
0001100100001000100000110000000001000000000001000000000000000000000000001000001000100000110000100000000000010000100000000000000000000001011001010011000100001100000010000000100001010000000100000000100000111000000010000000000100010000010000000100000010
0000100010000001100010000000000000100010000000000000000010000000000000100000000000101100010000000101010100001000001001000000000010011000000000000000010010000001010000100000000000000000000000000001010000001001010000001001101100010000000001000001001000
0100000000000100000000000000000000010100110010000000000100000100000010101000001000000000001000000100000000001000000010110000100000000001000011000000000001000000000000000100000000001000010000000100100000000000110100000000000101000001000000000000100100
0000000010000100000100000010000100011010000100110000000000100000010000000000000000001100001000100000010000000000100010000001000100000001000000000010100010000010010010010101000000001000000000000000111001000000000010001000000000000000000000000000000010
0000001000010000000110000010001000100000010000001000000000100000000010000000000010000000100000000001001010000000000000000010000001000000000000000000000001000000000000000000000100000000001010000110101001000011010100000100000000000000001001001100001000
0100000010001000010001000001100001110000000100000000000001100000000000000100001100000000101001001001010010011010010000000001000000000010011000100000000001000000000000000100100000000011000000110100000001000000000100010000000001000110000000010000000000
1000000000000000000000010000000010001100000000000100101000000000000010010000000101000000101000000000000110000000010010000110000001100000101100011000000101000000100000000000000100010000001000100000000100000100000000001101010010000000100010000000000001
0000000000000000000000000000000001000000000000000000001000000000000000100000000000001111101011000000000000000000001100000000000000010000000000000001001001001000100001001010001110000000000000010000110000000000000010000100001000000000000101000000000000
0000110110100000000000001001000000000000000000100100000000011000100110001000000000001000010000000000000010000100000000000100000000001000000000000000000000001101000000000100000001000001000010000010011000000010000000110100000100100000000000000101000000
1000100001011000000000000010000000000001000000001000000010000000000000000000000000010000000001011001000011000001000000010000010000000000000000000101100000100000000000010000010000000100001000000100010010011001100000000000000000000101000000010000000001
0000000000000000000010010010100000000010010000000000001000000000000000000000000100010110101000000000001000000101101000000000000100000000100000010100000001000000000000000001000000000100100000001000011100000000001010010000010000100000100000010010010000
0001000000010011011000010100000010000000000000000000100001000000000000000010001001001000001000001000000001000000001000000001100000001000000001000000000100100000000111000100000000000000001000000000000000000100010001000000000101000000001000000100000000
0000010000000000000000010010010000000000000101000010000000001000001100000000000000000000001001000000101001000000000000100101000100000100000000010010001100000100111001000000000000000000001101000000000010000000001000110000000000011010110100000000000010
0000000000000100000000000000000000000000010101010001001000000000010000000000010000000000000000000001100000000010000000000001100010000000000000100101000000010100000001011001000000000100000001000000000010000000010000000001100000001000000000000010001000
0000100000000000001000100100000000000010000000000100010100010000000000000100010000010010010010000000001000000001110000000000000001001000000010000000000001001000000001100000001000000010100100010000000011000100100001001000010000001010000101000000010110
1000000000000001000100000000000110000000100000100010010000000000001000000010000000001000001000000011000001010001010010000000110000000010000000100000000000000100000000001001010100000000010001000000000000000000000100000100001100000000000001001000000000
0000000010000000100000100100010000000100010010000000100000000100011000100000000010010000100100010010000000000100000000000000000000000010000000010101000001000000000010010100000000100000100000000100110010000000011000000000000000000011000000101001000110
0000100010010000000000001000000000000000100000000010001101000000000001000010000000000000001011000000000000000000110011100010000000010000000000010000000100100000001010000101000000001000000101001011000000100000000000000101000000000000000010001100100000
1010011110010000001010000000000001010010100100100000000010000000110000000010000001000001000000000000000000000010000001010100000001000000000010111000010000000000001000000000000000000000001100000001100001000000000010000100001011010000000000000000100000
0111000000100001000000100100000000100000001100000010000000000001000100101010000100000101011001000000000000000000000000010000010100001011100000000001010000001000000000100000001000010001001000000000000000001000001010000010000010000010000101000000101000
0000110000000010000100000000000010000101000000000001001011010100000001010000000000000010000010100000000000001000000100001000010000010110000001000000100000001000010000000000000001010010000000000001000001000000000000010000000000000000110001000001000000
0000100000000000000000000000001100010000000000010000000100110100000010000100001010010010000000010000010000000000001000100001100000101000001000000100100000101000100000000100001010000000001000000000010010000010000000010010000001001000001110100000101000
0000000010000000000000001001001001000001000001000000000010100000110100000100111000000000010000000100000001010000000000000010100001000000010000000000000000001000100001001000000010010000000000011001100000000001000100000010001110010000000010000000010001
0000001000000000010001001101010100101000011100000000000000000000000101000100011000000100000000000000000110000000010010100000001001000001100000000000000000000000101101010000000000000000000000100100000101110001100000000000000000000000010000000010000001
0110000111000100000000000001000100000010000100000100000000000001000000001010000100001000000000000100000000000001100000000010000100001000000000001000000001000010000101100000000100010000000000000000000000000010000000010010000000000010000000101000100000
0000100000110000000001101000100010000000100000000000000001000000000100000001010000110001010010010000110000001000000000000000001001000000000000010010000100010000001000000000010010000000001010100000000000000000100001000011001100000000001110010000000000
0000010000000000001000001000001000000011001010001001000000000000000001001111010000101000010001000000000000000010000000011001010001000100000000000000001000010010000000000011000000000000100000000000000000000010001000000000010010010010000000000001000000
1000000000000001010000100000000001000010100000011101000000000000000001010010010000000000000000000100001000000000001000001001001000010001000001100001000000000000000010001001000100000000000100001001101001100000000110000000000010000011010000010100000000
0000000010000000000000010000000000000000000000000011000100000000001000000000100000100100000001000011010000000100101001000000011001000100000100000001100000000000000000000000000011000010000000000000000000100000010010000000000001000010000000000000000000
1100010000000100010000100001000000000000110000000100001000100000011010000000100011010011000000100000001010100010001001000000000000000000000001100010000000110000100000000000100000000000100001000000000010100000100100000100000001100000000000000010000000
0000001001000010000000001001010010000000000000000100000000001100000100000010000100000100000100011100001100001000000101000000000010100000000001000100101000010000000000000110001000010010000011001000010010000000000000000000010000001000000000010000001100
0001000000000000101010000100000010000011100000010000001000000000000011000000100000000010000000000010000000000000000000100000010000001000000000001000000100000000000000000000001000100001100100001100000000000100000000000100000001000000000000000010010001
0000001011000110000000000000001000000001000000000001111000000000000010000000000000000000100000000001000000000001101000000000000100010000110100010000000000000001000000000100010101001000100000000100000101000000100000000001000000000000000100000000000000
217 127
62 164
