250 250
0000001100010000010100110010000000000000000000000100000000001001100000000000000000000000010000000000111000000000010000000000100001010000010000000000000000000100000000000000100000110000000010000000101000000010000001001011000001001100000100100000000010
0000001000001000000100000000000000001000000000000000000000000001010001110000100000000010010000000000000000000100000000010001110100000000000001000000000000000000100100000000100001000000010001000000000001000000000010001001011000100000000000000000000000
0000000000000100001000000000100000011000010000010100000100100000000101000000000101000000000001000000000001000001010100110000010000001001000000101010001000001001000100001001001000000000000001000000000001000000010000110100000000000100100000100001000100
0010000001101000000010000000000000000000100001101011000000011100000101001000000000000001000001110000001000000001000010001000000000000000000000000010000001000001000000000000001000000000010001000100000001000100100100011000000100000000001000000001000000
1000000000100000000100000100100110000000000100000000000000000000100000100000000110001010000000000000001010000000000000000101011000001000010001001010000000000001000010100000000000000000000100011101000100100000000000100000000000000001000100000011000000
0100000100000000010000001100111000010001000000000101001000000000010000000000000010100000010010000000100010000011100010000010000011000001001000100000001001000000000100000100000000101000000100000101000100110000000010110000000000100100000000100000000000
0000000000000000010000001000010001101010100001000000000000000011010000100000000000000000000010101000100000001010000101000010000000010010100000000110000000000000001100000000000100010010001000000000001000110000000001000000000000001000000001000000001000
0000000101001010010101100000000000000100000010111000000000100001001001000000000011000000010000000000010100000000100100011000000010000000000010000101000000000001000000010110000100000000000000000100001100000000010000000001000000100001000000001100010001
0000010110100000000000000011100000000001100100110001000000000000000000000000001100000001011000010010000001010010100000000000100000000011010000010001110010000000000000001100000000001010000010010010101000010000010100000000000000100000000000001000100000
0100010000000000101000000001000100000001000000000100000000000000000100010000000101000000010000000010000000000000000100000001000100010000000000000000001100000000000000000000010000000010100000001000010000000000000111000000000000000000000010000001000000
0101000001001000000011000001000000000100000010000000100000100001100010100010100000000010001000000000000001100000001000010000000000010101000000000001000100010000110000010000001110000000000000000000100000001000010010010000010010000000010000000000000100
0000001010000000010000001001011011010010001100000000000100100111000000001010100010000010000000000000001000001010000001000010010011001001000000010000010010000001100001010001000100000000001010100000101000000010000000000000010000000000001000001011010010
1000000000000010000000010000100000000100001010000000010000000110000010000000000000000100101110100000100001010000000010001000000001100000100000000000000001000000000000000100000000000000000000000000000010000010100000100110000111000010000000000000000000
0000101001000010110001000000000001000110010000000000000000000000000101000010110101000000001001000000010000010000000100000000000100000000001010110100000000000000001000000000101001100000000000000001001000100000000000000000000000000001000000100001000000
0100000000000000001100100001000000010000000000010000001000000000000100000000100001100000010000100000000100110010000000000001000000001001000000110000000100110100000001011000100000000011010000000010100010001000001001000000011010000000101001001011000100
0010000000000100000000000010000010000000010000010000001010110110100000010000000100000010001010000100000100000000100000010010000100000100000010000000010000000000001010000110000001001110011000000000000000000001110100000001001000000000000001001100000000
1001000000000000000000000100000000001000010011100010000000000100000000000001001000101000100000000000000000001110010000000000001000000011000000110010000000010001001101010000101000110000000001001000000010000000100000000000100011000001000000000000000000
1001000100001000100001000000100100000000000000011001000100001100000000000001001000000000000100000000000000001000100000010000000000100001100000000000000000101100100000000000000100000001100000110110010010000000010000000100000100001010000100001001000010
0000010100000000000000100000000110110010000001110000000000100000000000001000010000000000000100000000000100010000000000000000000000000000001000000000000010000000000000000001000000000000000001000000000100000000000100000011110000000000000001100001000100
0100000000000000000010010000000000000100001000100000000000000000011000000110110001000000000000100000010000000000000001000110000000100001001011011000000000100010000011000000000100010111110001000000100001001011000000000000000001001100000101000001001000
0100000000001000100000000000001010011001000000000000010100010000000100000000010000000000000010000001000100010000011100011010000010010000000100001000000000000000000000000001000001100000000000101000011000000100100000001000000000011000000000000000000000
0000010100000100000001000000000000010111000000000000000000001000000000000000000000010001000000010000001000000010000000000001000000000000000100001000000010000000001100000000000000111001100100000000000000000011010010000010000000001110001001000000010000
0000000000100000000000000000001011010110000000010001000011000000000000000010010000000000101010000000110000001000010000000000000100001000000101010100000100000100000100100100100000010000000000100000000000000000000100000000000000000001000000010000101010
0000100101000100000001000000000100000000000000000011000101000100000010000100001010000001010000000000100000000100010000000000100000010000010000011000000000001000100101100000000000000100001110100000101000000000000000000000100000001000010000000000000110
0000010000001000000000000000000100000000111010000000000100000000000001010010010010010110010000000000100110100000000000001010001000000110001000000000001010100010001011001010000001001101000010000000001101111000000000010000000000000000010110100000010010
0000100001100000000000001010000000000000000000000000000000000010001000010011001000000000100000000010001001000000000100000000000000000100100000001001011001000000000100000001000111000000010000010001001000001000000000000000010001000000000000000000000000
0100000000001100000010001000000000110000000000001000000010000000000000000000100000000000000001000000000000000010101100000000101010001001100001000000000000100110000000100000000000001000000110110000100000000001010000010010000010100000000000000000000000
0001000000000010000000000001001000001100100001000010000000000000000000000000000100000000010000010010000000001001110000000000000010001000000000100010100000010000100000000110000001000000011000000101000000000000000001000010000000000000001000000010000010
0000000000010000000000101000000000000000000000000101000110000000000010101000100010100000100000000001100001010010000000010010000001011000000000100110000010010000000000000100100000000100000001000110100100000000000000101100100001000000000000001110000000
0001000000000001000000010000001000001001000001100001000001000000000000100000000000000000100110000000000000000000000000000000000000100000010000101000000000001001000000000010000000000101010000101000000000000010100110100001000100000000000100000000010000
1001100000000000100010000001100010100000100100001000000000000000000101001000000010000000101100001001100010000011100000000100000000000000000000000000000000000100000000100000000010000000001010000000000010010000000000011000000100000000000001011100000000
0000000000001000000000000000000000010000010000000000010110011000000000000000000000000101000000110001100100000000100010001000000000001000010000010000000000000000100010100000110000100000010000000000100100000001010010000000000001001000000000000000000000
1000000001000000000100010001000000011001101001000001000001110000001100001000000010000000001000010000000000000000000000000000000001000001010001001000000000010000000100000000000010100000000000000000000010000000000000000000000011000100100000010000000000
0010000000010000000000000100100000000000000010010000000111001111011000000100001001010010010000111000000010000010000110000010000000000001010000100000010000000101001000000000000010000101100010100101000000010000000000000000000000000100000000100000100101
0000100001000000010000000001000000000101000000100000000000010100010011000000110000000000001010000001001010110000001000000000001000010001101000001000100011000110000110010000000001101010010000001000000000011000100000100000001000101000000000000000000010
0010000100000100000000000000000000101100000000100100001000011100000010100000001000010010100000000000010000010000000000010000101000100000000000000000000000011000001000000000100000110100100000010100000011100000010001100000010000001000000011000000000100
0000100010000000000000100100000101000001110000001000010000000001010000000000000010000100000000000000000000000000000100000000100000000010000001100000000000010000111010000000000000000000000000000010100000000000001000010000100000000000000100100010000000
0100000000000001000000001100001100000000000000000010000000001000001010001000011000000001000011000000000000100100000000000010000010000000010000001000100000010001000000001001010100000100000000000001000100100110001001001000000000100000001010110000000000
0000000001110010010000000100100000000100000000001000000000000001100001010000000010010000000001000000001000000001000110001000100111100101010000000011010100110000000010000000010000000000000010000011001001000010010101100000000100000000100001000010010000
0000101000001000001001000000000001001001000000001000001000000000101000001010000000001000001100100000000100000000000000000000000001000000000000101000000000000000101000100000001000000101000000000010010000000000000000100000010100000000001000000000010000
0011011000100001011000010001001110000011010110100000110000001000010000000000000001000000000010000000000011000000000000000010000001000000001000001000010000000000100000000000010100000000100000000000000100000100100000010001011100000000000000010101000010
0000000000000011000000000000100010000001100000000001000000000000000110000001000000100100001000010000000011000000000000000000100000001010000100000000001010010101010001001000000000000001000101000000000001000010001000010000000100000100000000000001110000
0000000000001000000000100000010000011000100001000000000000011000000000001000000000000000100000000100100010100000000100100100000010010001010000000000001000000000000001010000000000001000100101000010001100010000000001000000000000000000000001001001100000
0100000000010100000000000000100000000000000100110000000000000001000101000000000010010100100000000000100001000100100000000000000010000000000100000100101000000000000000000000100010100000000000000001000000100000000001010000011000000000000000001000100001
0100000000000000000000000001000001000100001000000010000000001000000000000000000000100000000000011000110000000000100001000000000000010100000000001000001001100000000000000110000010000010000100000101001101000101010001000000000101000100100000010000000000
0001011000000000000000000000100001000000100000100000100000000000001000000000001000000000000100000000010000000000000000010000000001110100000110000000000000000000100000000000010000001000000000000000110111000000101100000010100000010010000001000000010011
0000000001101011000000000000001000001000001100101000000010000000010000000000100010000101001011010000100000000000100101000000000101110001110000000000000101000100100100010000000000000000000100000101100000000000000000010110101010010001000100100000000000
0010000000010000000010100011000000010010001010000001000000000100000100000100000000100010100000101000000000000001100100000000100000010110000001000101100000000001010010001100100100000101000001100010000000000110000000001000000000000001000011000000010010
0011100001010000100000000100101000010111000000010100000000010000000000000001000000000000110100000000000000001001000000011000000110001110000100010010100000000000000001000001000000011001000010000000001000010000000100000000101011000101000000000000000000
1000001000000000000011001000101000001000000001000100100000000000000010000100000010000000010001100000000000000010000001001000100010010000000000101000001000000101010000001100010000010000000000001001001010100010000000000100001000010001000000000000000000
0000000000000000000010000000000000001000100000000000000000100000010000000000010000000000000000000100000000000000010100000100010000000000000000010100001000000001100000000010000000000100000100010100000000000000001000001000000000010000000100000000000010
0000000000000000000000010000000000010100001000000100010000010100001000000000000000100000000000000000000001000100100100110000000000000000000000000100000000000100000000010000000000000010000010000001000001000000001100000010010010001000000100100001000000
0001010001000100100110000000010000000001000110000000000000000100000000101001001000000010001000100000000000100011100000001100000000000000000100010100000011000010011001011000100000001000000000010000010001000000000010100000000000001000001100000000100000
0000000000000001000000000000100000010000111000000100110000000000000000001000000000001000000000000000000010000000000000001010000100000010001011000011000000000001101010100000000000000101000000000011010000100000100000001000000100000000000000000010100010
0001000000000001000000000000000000010101000010100000001010100000000000000000001000000000100000000000000000110000000001000000000000000000000001000001000000000011000000000000000000000100001100000001000000001000000000001000000000100000000000100000011000
0010000001101100010001000100000010000010000000000000000100100000010010000000100000000010000000110000000001000010000000100010000001000011000000000100000010000010110000100000001001010000000001001011000010100100000000001010000101000001000100110000000000
0000100000000011001001000000101000010000000000000000001000000010001001000001000000111000010000000000000000000000000000010000011001000000000100000010000000000000000000001000000100000010001000000000010001101100000101010010000010000011000000000000000001
0001000000000100101000000000001000000000001000000000100100011000000101001000000000000000101000100110000111100000000010100110001000010000000000000000000000000000000000011000000010010000110100110000000100010000001000001100000000000000001000000111000000
1011000010000100000000000000000000000100000000001000000000001101001000001000000000000000001101100000000110101010100100110000000000000000000001000000010000000000110000000101000100001010000000010000000000001101000010000000000000000000000000000010000000
0000001101000001001000000010000110000100101001010000000000001000000001100010100000000100000000100001100000000000001100000011010000100010000110100000000001101100000110010001000000010000000110011010100000000000000010000100000010000000100010000101000000
0100000010000010101001000101000100000000000000000000000010000100000000000000000000000000000001110000100000000000000001000010100000000110010000000000101100000000110000000010000010001100001010000000100000000000000010100011000001000110001100000000000000
1001000000010000000001000100000000010000000000000010100100001000000000011101000001100000100000001000000000000010000000000010000000000000000011001000000000000000000000100000100010100100001001000000100000000010001001000001100000010000010010000000000000
0000010000001000100000000001000100000010100011100000000001000000000000000000000101000001000000010001000010000000000000001000000000000000010100001000000000100001001000100000000000000000001000001000000000000000000000000000000000010000000000110000000010
0000001001001000100000011000100010100100000100010011000000000000001100000010000100000000001000000000110000000000000000000010000001000100000001101101000000000000010000000001001100000010110001000000001000000100000000100001000001100000000000110000000000
0000000010100000000000001000100000001010010000001001000000010010000000000010000010100000111001000000000001000100100010001000000000000000000010000001000101000100001000000000001000000000010010001100001000000101100010000000000100000000000010000111000000
0111000000001001011000100000100101000001000000010000100000011100000000010000000001010000000000100110010000000000000010000000001000001010000000000000000001010000100000000101000000000000000000000001000001000010011000000000000100000000100000001001000000
0000000000000000000101000001000000000011010010000000100000000000000101000000100000100000000100111010000011000100000010010000100100000100000000001000000000000001000010010010000000011100010000010010100010001100000000000000000000100010000000010001000000
0000000010000001000000100010000000100100100000010000000000110100001010000000000001000000000000000000000010110000000100001000100000100000010001000001000000000001000000100001000000000100011100000111100000000000000100000000000000110000000000000010000000
0000000000000001000000000000010000000000000000010000000110111000000011000001010000000010000010000000000000000101000010010001000100000000110011001000010101000000000001000000010000000000000001100010010000000100110011000100000001010001000000001000000001
0000000000010011000001000010001000001001100010010000000010000000101000010000000000001000100010000000000000001000000010000010100010000100100010001000010000000000011010000001001000010000011000000000000000100100111010000001000000000000000110000010000100
0000000010000000001000000000000000100000001000000000010010100000000000101000001100100000000100000000000000000000000000110100001010011100010000100000000000000000010000100011000001000100011000100001010011100000000100100100001100000000110000000010000000
0000000100000000000000100100000000100000001000001000000101000001000000000000001000000000010010011001000010000000000000000000000000001000101000000000000000010001000100000100000000000000000000000000100000000010000000100011000000100000001001010100010001
1010000100000000000000000000000000001000000000100000000000010100100000100001000000000000000001000000000000100100101000000001000000000101001000000001100000100000100000000001110000000100100011000010001001000000000001000000000000001000000000001000001001
1000011100000000000000000000011100101000000000000000000000001000100010000000000100100000000000101000000000001000000100010000000000000000100010000010000000001010001010000100000100000000000010001011000000000101000001101001000000000000001000000100000000
0000000000010000011001010100111000000001000000000001001000001100000000000000001000000010000100000001001000000000000000010001000000000000000011000000011110000001000000011001000010010001010000000001000010100000000000001000000000010000000011011000000000
0000100000000010000110001000000000000001000000000010111000001000000000000000100100001010000110000100000010000000000000001010000001100000000000000000110000000000000100000000001000000000000100100000100010100000000000001000000000000000010010000100000000
0000000000000010000001101001000000010000000100101001001000010000000000000010001000000000000000000010000000000000000010010000000001010000000000000000000000000000001000000000100000000001000000100000000100010010000011000000000000000001010100010000000001
0000000000001010000000010000000010000100000000001001011001100100000000010001100000100100000000101010010100010100001000000000011011000000000100110000001010000000010110000100000000000000010100000000000000100000100000000000000000110000000000001000100100
0000001000000001000010100000000100000100000001000000010000100000000001000000001000100100000000000010000100000000000001000010000000000000010100000010000000000000000100100100010001001000001001000010101000001000000010010001000000000000000001000001000000
0000000000000101100000000000000100010000000000000100000100010000101000000000000000000000100000000010000000000000010010000010110010001000000001100000000000010100000000100100000100000010010011000000100000100000000000001000000010000001010000000000000010
0000101110000100000010000010010000000001000001001000101010001100000011110000000000100010000000000010001000000000000000000000001000000000000000000000100101001000000000000001010000010000000000000000000000100000000000000001000100000000000001000000000010
1000000100000001000100000000000000100010101100000001000000100000000000000100000000000000111010000010100000000100000000000000101000010000000011100010010110000100000000010010000000000010000000000000000100010100001000000110001000000000000000000001000001
0000010110100010001000010010010000101000000000100000001100000001010000100010110000000000010000000000000000000010011111010100000100001001010000000000000010100000000001000110110000001001001000000000000000000000000101000110101000000100000100000100000000
0000000110010100000011010010000000000000100000000000000000101100001010000010000000100000001000000010000000000000001000100100000001010100100000000001000000000000000000000100001010010000000100000000000110001101010010000000000000010001100100000001000100
0001000100001000000000010000000010011000100000010000000000000000000000000000000100000001000000000000000000100001000010000000000110000010000000000000000000000101000000100110101000010100010000010100100100000100001000100000000000100100000000000000000000
0101000100010100010101001000000000010001000010010000010011100100110000100100000001100000100001000111000010000000001000000000001001001000000000001000000100000000000000000000100000000010001110000000000000000100000000001000000010000000000000000000100000
0000010000000000000000100000000100000110000100000000001010001000100000100000110001100000000000010000000000000110001000000000100100100000000001110000000101111101000010000000001000100010100001110010000001000100000100010000000000000000100000000101101000
0000000000000000110010001000000000001001100000000000001000001000000000111001010001000000000000001100000000000000100000001000100000000000000000100000000000000000001000000000000100000000000000000000000000000100100000011100000001010000000001000000011001
0100000000000000100000011000000000000000100110000011000001100000000100000000000000101000000100010000000000001011000000000000000000000000001001000010000001000100001100000000000000010010001000001000000000100001001000000000000000000010100010000010100000
0000100101000000010101000010001010000000100000010000000000000000000000000010000000001000000000011010010100100000001000000000000100001000000111001000000001011000100000000000000001000000000000000000001000000101001000000100000010000000000000100000000000
0000010100000000000010000100000000001000000000000001010000010010100000000100011000001000000000000000010000000000000000000100000000000000100000000101000000000000000110000010100001001000011001000000000000000000001000000000000111010000001100100000000110
0000001000000000100000000000000001010000000011000000101010000000000000000001000100000110010000000010000010011000010000000000000010001000001000000000010000100000000100000010000010000100100000000000000010010101000100000000000000000000000010000111000000
0010010000101000000000110000100100110000000000000010100000001000000000001000101001100000000001001010000000001000000000001000110000010100000001101001010000000010000111000000001000101000100000000011001000100000110000000010000101011000000000010000000000
0001000000110010000000000001000000100100100000010000000011000000001100000100100001100000000001001100100010100001000000000000000000000010001000000000000000010000001000000000000100010010000100000001000100000000001000010000000010000000001000001100100000
0000100000000000000000000000000000110000000010011100000000110110100000011000000011100000000100000010010000000000000000100001000100000000000000000001000000000100000000010000101000100000000001000000000000000000000000000001100000000010100011001000000000
0100000000100000000000000000000000000000000000011100000011000110000010110010111010110000000000000000000010000000000000000000110000010000000000000000101000000000000010000000110000010000001000000000100001011000100001100001000100000000000011000110000001
0000000010000100010000000101010010101000000000000000000000000010000000000001001100000110000000000000000001100100000000001000001000111000100000000100000000001000010010000100000100100000000111101000000001000000101000100000100000000000000100000010000000
1000000000000000100000000000000100100000001110001010000100001000001101000000000000000001000000011000001100000010100000000000111000101100000000000000010001000000011110000000001000000100000010001000000000001010101000000000000000000001110100000100001100
1000000100100000100000000010100010000000100100000000000000000000000100000001000000100100000001010100000000100000000010000001100000000110010001000000000000000001001000000000000000100001000011000100000010000000010100001010000101000101100000100000000000
0011010000000000000001010000101010001000010010000100010010000011000000000000000000001000001011010010000001100101000000100000000000000000000000001000010100110000010001000000000000000010100000000001000000000010100000100011001000000001000001100010101000
0110000100001001000000000001000001000000011000000000100000010001001000010100010000000000010000000000000000001000100011000100000000000000000000000010000100100100000000000111000000110000000000000100001001100000100100000000000000001000000010100010001000
0000110001000110000000000000001000100000000000000000001000010100001110000100100000011001101010000000011000000000100000111010000000000001000000000100000100000100001000001000000000000001100100000110001010001000000100000000000010000000000000100000011000
0000000100000000000000100000011001010010000000000000101000011001000000000000011000000000101000001000000000000100000101000001100000000010001000000000000000000000010000101001000000000011000001100001000000000000100000010000000010000010100000000000000101
1100000000000010000000010000000000101000000000001001000100000000000000000001100010000000001000000000011000000100001100000100010000010000010000000010000000001000100000000100000010000000110000010010000000110101000010100000000000000000000000000000000000
0100000000000000000000000000000001000000000100000101001000001100001011000000001000001010000000000011000101000000000000000010000100000010000000011001001010000000110000000000001000000000000010010000000000000000001010000000100100100010000000100000000001
0010000000010000100010000000001000000101000000000010100000000000000000000010000010000001000001000000000000000000000000101000101001000000000010011000100000000000000000000000000001000001000000000000010000000000000100000001000001000000001100000000000000
0000100000000010000001111000010000011000001000100001000000010000001010000000000000000010010000000000000000100001010100000000011000001000010001001000001000010000010010000100000010000000000000000000100000100000000000000000000000000000100000000000000000
1000010110000000000010000010000000011000010011000001100000010010100010001010001010000000000000000000001000001000000110000010000100000000000000000001000000000000000001100000000000100100101000010100010000000100000000000000000001000000100010010010010000
0000111100000000001100010010000010001000010001011000000100000010010000000000000000111000000000100000000000000100000000000000100000000001100001100000000010100000000000000000000000000100000010001000000000000001000001000011001000000000000010100100000001
0001000001000000000000100000000001000001000101000000010001001000010100000000100000100000000001000000000000001000000001100000000000000000100000000010100000000000000100000000000000000100010100000000110000000000000100000011010010000010010000000000000100
0100000000010100000100000001000010000001001000000000010000000100010010100000000000000000000100000001000001100111000000000000000100101000000101100000000000000000000000001000010001010010000000000100000000100010000000001000000000001000000100010001000000
0000010000000001010000010000000000001000010000001010010110010001000001001000000000000101001010000000101000000000000010000000000000010001000100000001010001001000001000100001001100010000100001000001010000000000100000011001100000000110000000001001001001
0100000000011000000110000000110000100001100000000000110001001001100000001000000000000000100010010000010110000000000001000001010001000000000000000010000000001000000001000100000010000010000000000000000001100000000000001000001101100000010010100000000000
0010000001010001000000100000010010000010000000100000100001001000000000110010010000000000000111000100000100001010100001010000110000000000001001000000000011010000000000000010000010001000000100001000100100000010000000010000001000100000100000000000000000
0100000000001000000000001100000001000000000000011000100000000100100000100000011000011000000000000000001000000000010000000000000000001010010010000001000001000010010000000100000100001111010110001010000000000000000000000010000000100001000000010000000001
0001000000100000100001100000000000010000000010000000100100000000001000010000001100011001100100101000000000000101010000010001000000010000000001000000100010000001110100000000010000100000000000000000000001010100000000011000010000010000000100000100010101
1010000000000000001000101100000000000001010000000000000000000110000110100000100000010010000000001000000000000000000000000100000000010001000000000000000010001001100000000001100000010010000100000100000000000001000000000000100000001010000001000100000100
0100000000000000000000000000000000001001000000000000000000000010000100000000001010000000010010000000100000000000100000000000000100001000000100000100000010000000011100010000000000000000000000000000010000000110000000101000100010111100100000000000000000
1010000000001000010000000000000001010000000000010001001000010100000001010000000100000000001000010000001010000000100000001010000001100000000000001000000000010000000001001000000001000010000010011001100101000000000110000000001000000000000001000000000000
0110000100000100100000000000110011000110000000000100000001010010000101100000100000000000000010010110010000000010000001001010100001000010000011000100000000100000000000000000000000000000100100100000010000000100010000000000001000110000010000000000000000
1110000000000000000000010000000000000010010101000010000010000000000000000010100000100100000000000100010000100000001000000000001000000001000000000000100000010000000000000000000000100000000000000110000011001110000000000000000000000000000000000010000000
0000000000000000000000001000100010000000010001000101000001000010000000000001000000000100000100010000000011000000000000100000000001000000000100000100000000100000110000000000001100001000000000001000100001100001000000000000000001010001000001000100000011
1000010100010000010000000000000000010110011000100000000000000000000100000000000100000001000010010100000000010010010000000000000010000100000000000000100000000100000000100000000100000000000010000000100100101000000010000000000000000000000000100100000001
0001010110100000000001001000010000000000101000000000000010001001010000000100110001001000000001000000000100000000101000000110000001100000111000000100011000001000100100000010000101000000111000100010000000001000001100000001100010000000000110010000000100
1000000000001000000000000100000000000000110000000000000010000000001000000000010000000001000100001100000000000000000000000001100100001010001100000001000000010100000000000000000000100000100000000000011101000000000010100000000100000000000001000000000000
1000000000011011000000010010001100001000010000100000100000000100000010010000000001100010100010000000000000010000010000001001000010100000111010011000000100000100100000000000000000010000100000000000000000000000000000000000000000000000000000001010000100
0000000000000100010000000000000000000000000100111000010100100000010000000000001000010000010000000101001001000000000100000000000000000100100000000101000010010001101000010000000100000010000001100110000100100000000000000000100000110100001000000000000010
0000000000000000100100001011000001000100010000000010101000000000000110000000010000000000000100000100010000100001000000000001000000000010001000000000010000000110001000001100000000010000100010000001000000100001001000000000100000000000000000000000001001
0001000000000000000000000000001000000010000010001000100001000000000001101000011000000000000000000001000000000100000001010000000000010001000010000000010100010001001000000010000000000001000101101000000100010010000001011001001100111000000000000000001010
0001001010000000000000000000010010000101000000001000000011100000100000001100001000000100100000001000000100000000101000010100010110000000000000000110100100011100011000000001110000001100000110000000000000001000010000100000010111000001100000000010000000
0000000000000000000000100010100000000000100000100000000000000000000000100000000010010000011000000010011001000000010100000000010000000000000000000100001000101000000001000100000001010011010000000101000000001000001110000000000000000000000101000001010000
0000000000000011100001000010000000000000010000001000010101101010010000000100100000000000010000010000000001000000000001000010000000100000000000000000000001000000101000001000000010000000010000001001100000100000000000000001001000010000001000100000010000
0100001001000100000000010001000010101000000000001000010000000100011000100000000000000000010000000000000000000100000001100000000000010000001010100000000001000001000000001000100000001000010000000011000010010000000000000000010010100001000100000010000000
0010000010000000000000010000000000010010110100000000100010010000000010010000001100000000011001100101010100000010111010100100000000000000001000000000000000000000000000111100000100000000001000010000000000010010000000000000100010000001000000000000101000
0000000000000000000010110000000000001000000000101001100100000100011000001000000000000001000000010110100000000010010000000000000000000000000000000000000101000100000000010000111000100100000000000010101000000100001000001100001000000000000000100001001000
0100010100000011000010011000000000001000000000010000001000000000001100000000000000000000001010010100100001000010001000000000100000000001000000001010100000000001000000000010000001000000000000110000000100010000111000001000000010111000010111001100000000
0000000001010100001000100000001010001000000000100101100000000000000010100111001000000001000000000001000011000011000000000100100000000010000100000010001110000011000100000000000001000100000000000000000000101000000100000000100100010000000010000001000000
0000000000000000000000100000000001000000000010010000000000000000000001010001110000000000100000001100010001110000000100001001000000100000000000000010000000000000000000100000000000000000001000001000000010000000001001000000000000110000001001000010000000
0000000100000000010010100000010100000001000001000100000000000000000000010001000000000001000000000100001100001000100000101000001000010110000000000000000000000000101000100010000001000000001001000000101000000001000000001000000001000010100001010000101000
0000010000001000100010000000001100000100000100000010000000100000010000000010100000100011010001000000000000000010010000000001001100001100011000000000000001000000001010010000100000001000010000000000000000000000000000000101000000010000101000000010000000
0000001000001000010000100010000000001100000110010000001000000000000000000000000000000000100000100001000010000100010010000000000000000010001100000000000000000100010000000000000100000010000010000000001000000010000010001100010100000000000000000001010001
0000000101000000010000000000100000000001100000000000100100000000000000000000110010000001000010000100000010000000000000100000101101001000100000100101001000110111000100000000010000100000000000000000000111001100000011001000000000000001000000000010110000
0000010000001000101001000100000001010000000010000000001000000000010000000001100000000000000000001100100000000000100000000000101010000100010000000000000000000000001000000010000000000100001100000000000100100000000000100000010000100000000100000000000000
0000000000000001000100001000000010011010000110000001100001100000010000100100000000100000000001000100000000000000000000000010110000011100000000000000000000000000010010000001001000000010000000100000101001000011000000000011000001100000010000000000000000
0000010000000001001001000011000000110000000010010000100010001000000000010100000000000000001000000000000000000000100000000001010000100000000000000010000000100000000000000000000000100111101000000000001000001010000101000010000000011000001010000100010010
1010000000000010000011000000100000000001000001100000000001000000000000000101000011000100000000001100000001010000010000000000001000101100000000001000000000010000000000001000101101000000001100000001000001000000010001001000000000001001000000000010000000
0010010000000000110001000000001000001000000001000000010100000001000000000110010000000000000000000000001000000000000000000010000000000000001010000100011000001001000110000010001000011001101000011100000000000110101100000000000000011010000100000000000110
0000111001000110010000000000011010010100001000000000100000110001000000000000000000000000000110000110000000000000101000011000000000100001000100000000100000000000000100000000100100001000000100000000000000000100000000000000000000000010101000110100000001
0000000000101101000000000000000100100110001000000010010010110100010000000110001011000000000000000000000100000100000000100000010000000001010000000000000000000000000000000010000000010100000000000000000000000100000000001000000000000100100000011000000000
0100000000100100000000000010001001001001000000000000000000000001000000000010001000000001101101000010000000100000000011000000000000010000000100000001000110010000100000100000010000000000000001001001000001000000000000110000000000001100100010101000010001
0010000010010000100100000000000000010000010000000010100001001000010100001010000000110100001100000001000101000000000000000000010100000000001000000000100011100001000000001000100110001000010000000000000000100000000010000000000000010000101000000000000000
0001000000000010100000100001000000011100000000100100000001000010000000000100010000100001000000000001000000100000000000000000100000000000000000000000010000000000001101000100000010001000010000000100100001000000000000000000000001000001001100110000000000
0000000000000000010010000011100010000100100010100001000000100000110111010000101000000001000000001000010111000100000001100000100001000000000000100000010000100001010001000110000100000000101100001000000000000000000000000100000110000110000000000100000010
0100000100000010000000000000000000001000101100000001100001100000010000000010000001000000000001010010000000000000000000000010001000000000000000100011100000100100000000000101000000100011000000100010010000000000000000010001000110010000000000000010010010
1000010000000010010010000000000010100010000000000010000000000011000000000000010000001000000001010000001000111100100000000100000010000000110000101100000000000000000000000010011000000000010000000001000000000000000100000000001000000000000000000000000000
0000000101000000000000000000000000000000000000000110001101000010000010000001000110000001000000010000000000000010000000100000000011000000000001001001001000010000010001000000000010000100000010100010000000010000000000000000000010000000100100000000000001
0000010000000000101010000000000100000000000000000000000000000000000000100110001000000100000000000010000000000010011000010000010000000010000010010001001001000001010000000100000000000000100100000000000000000100100000000110010000001000000001000001001000
0000000000001010100110001010100000000000001000011000000000000000000000001000100000000000001001000000100100001010001110000000101000001001111000000000110001000000000100000000000000001000000000010010100010101000100000100001000000110000000100010100100100
0000110000000000001010001000001000000000000110110100001000010001000000010100000001000100000000000000110000000010010010000100000000000000000000010000000110100000010000000000000000000001000000000000000000000000000000000000000000000010011000000100000110
1000000000100000000000001000000100000001000001000100000000000010000011110010001000100101000100100000000000000010000101000000000010000000000000010000100100000100000010010000001011000000001100000111000011000001001001100001000000000100000100100000000001
0001000100000000011001010000000011001000000010000001000100000000100000001000000000000000000000110000000000000000000100000000000000001001000000000000000000110000000000100000011010000000001100000100101000100011000000000000000000000100000000000000000001
0100000001000000100000000000011000001000100011001001001000010000001110000011000000010000100001010100110000000001010010000000000000001010000011000000000000000000000000000000010001000000000010100010000000000000000000010000000000000000000010000100010000
0000000000000000100010000000100000000000000000000000001000000101000000100010001000000000010100110010000000100100000100000000000001000000100100010100000100100001100000001000000000000000000101000000010000001011000000000000100000100010100000000000010010
0110000000001011001000001000010000000000001010000000010000100000000000000000000010000000000000000011001011000110100001101001010000011000001100000001000000001000000001101000000000000001000001000000000010100010000000100001010001000000011000000000001000
0001000010000001001000110000000010000000101001000000001011000000000001000001100011010000000000000100000001000010000000000000000010110010010000000000000000000001000000000000000001001100000000110000010001100100010000011000000100000000001000000000000100
1001100000000000000000010000001101001001000100000000010000000010100010000011010000000100000000000000010000000000001000001000010010000011100000001000100100111000000100000000000000000000000000000110001010000000000000011100000110000100100010001000010110
0000000010001010010000000010100000000110000000001000000000000000001001100000000000000000000000000000000000000000000000100000000101100100000000010000000010010011001000000000100000100010101001001000000000001000001000001001100101101000000100100111001100
0000010000110000101000000000000000000000000000000000000100000010000000000000000000000101000000000000000110000000001110000010010011000000000000001001010010010000000000000110000000100000110000000000101010000000010000101100001000000110001000000100001011
0000110000000100000000000000000010000000001100100100000000100110010010100010001000000100000000000000000101000000010001000000000000100001000100001000001000000000100000010000010000000100001000000010100010010000001010001000000100000010000000000000001000
1100010001000000000100000011000001000000000000000000001100000010001000010000000101000001010100000000100000000000000001100100010000001010100010000000000000101000000101100000000000000000000000000100000110100000000000000000010100000000001001100000011000
0000000000001001001101000010000000010111001100000000000010100000101010000001000001100000000000000100010000000000000000000000001000000000100000000000000001000100000000010010101001001000001000010000001010000110001101000010000011000000010000000000000001
0000010010000001100000010000010000000000001001000010100000000010000000000000110000100000001000010000000000000001000000010100001000100100001110001000000000000000100000100000010010011010000000000000000000000001001100011001001000001000000000000000100000
0001001000010000000010100001001000010001100000000000000010001000000101000000100010010011001000111000000000000000000000000000000000010100010001000010000000000010100000100001100100100000100100000000111001000001000100000000000000000010000001001000000110
0010010000001001000001010000000000011010100000100000000000000100100000000010000000000000000000000000000000001010000001001000001001001000100000100000100000000100000000000010001001000000001000000001010100010000000000000000011010001001110000001000000000
0000000000100100000000010100000000000000100000000000000100001001000100000010000100010000000010000000000000000000000010000000011010001000010100000000000000001000000010000000000010000000000001110000001001001011000000000110000000000101000000001000000000
0000000010000000000000101010100000000000001001000001000100000000010000100000110001100000000010001000001101001000100000100000000010100000000000000000001100000010000000000000000000000000100000100000010000000000000000000000000000010100000000000100100000
1000101100000001000000000011010000000000010100010000100000000001010000000000001000000000000110000000000110100000001000010000001000100000001001000000001000000010101000000001000001010000000000001010010011010000000000100000000000000000000010000000000011
0100000000000000000000000001001100000000000000010000000000010100000000000000000000000000000101000010001000000000000000000010011111000000000010010000000000000100001000101000000010001001000101010000000010010000010000010000010001001000000000000000000001
0000101000110010010000000000011100000000101000100010010000000010101100000000010000000000000000010000000010000000000110001000000000010000000000000000000000100101000000011100100011000100010001000000101000000000001010000010000000000001000000010000000000
1000000010100000000001100000010000000000110000000000000110010100000001010000001000000000100001100100000010000110100010001000001000110100000000000000100000000000010100000000000000000101000001010000100000101000001100000000100000000000010000100101000000
0001000000101000000000100000000000100101100000000000011010000100001001000000000000001001001000001000000000000000000001100000001000010000001000100100000000000000010010000000000111000000000010010000000000000000100000000011110000000000000000000000000000
0000000000001000001101010000100000000001101000000010000010100010000010000011000000001000000010000000000000000000010000110001010000010001000000000000000000000100000000100000100100000100100000000000100000000100010000101001000001000000010001000000000000
0000000000000100000000000010101001110000100001000000000000000001000000000000111000000000000100000010100001000100000000000000000010000010000001100011010011000001010100000001000000110000000000100000000110100100001010110011010000000000110000000001010100
0000101000000100010000000000000000101000001000100000100000000000000000000000000000001000000100000000100000001000000000000000000000100000001000001000000000000100100000000010000011100001010000100011010101000000000000000100010000000001000010000000010100
0010000000010000100000000000100000001001000000001000010000000101000000010000000000000000000000000000000001011000000000000000000010100000000000101000000000000010000000001000000110010100001000101000000000000011000000000000000001000001000000000000000000
1000000000010000000000110101000000001000000000000110000010000000000110001010010100000000000000000000001000000010101000001000100000001000000111001000000000010000010101000000000000001000000100000000001000110000100001000001001100000000000010000011000000
0001000000000101000001000000100100000000110000000011000000101000000000001001010110000100000011000010000010101000001001000000000000000001100000010010000001001100100011000000100000100100000000001000000100000000110000000000000100011000000000000000000100
0011000101000010000000001000000000110000100000000000000000000000000100000000000000001000000000100110010001001000001000000010000000000010000000000001010010010010000000000001000000000000001001000000001000000000011000000000100110000001001000011100000000
0001101000100100000000000000010001000001000000000000000101000000010000000000100000000100100000001000100100000000101000001010000000010000000000010000001000000000000100001100001000000000000000000000000000000000110000000100010000000000000010100000001001
0001001001000001000000100000011100001001000000000000000000000000000001000000001000000000000001001000011000000100000000000000000100000001000001000011000000010001000010000000100010100000100000010101100000010000000000000110000100000000000000000000000000
0000000000000010000000000000000000000000000000000000000010000000000000000000000100000000010000100100000110000000001011000000001001000000010000000000000000011000001100010000100000000000000010000000011010000000100100000110010000100000001000000000000101
1100000000100000001000010000000100000000100000010000000001000001000010000000010010001010001001000010000001001000000000001000000000000000110010100000000000000000000101000101000000000011101000001000110001111000000000000000100000000100000000000010010100
0100000000000000110001000101100000000010000100000000001000010010000010110100001000000000000110000000000001100001000000000000000000000000100000011000000000000000000100000000010000100000011000000000000000000001000000000000000001000000000000000000000010
1000000000001101000110001100001000001000001000000000001001001001100000000100100001000001000011011010001000100000000100110001000000000010001100000100000000000101000000100000000100000000010000000110110110010110000100000010000000001000000100001100000100
0001000001100001000000001000110000100000001100000100100001100000000000000001001000000010000000000000001001000000000000000000010000110000010000000000000000000001001000000000101001000000110010000100000100000001000000000001001000100010001100000010000000
1000000100000000100000101000001000100001000001011100010000000000000000000000000001000100000010111100000000100000010000101010000010000000000000010001000001000000010010010000001000001001000000100000100000000000100000000001000000000010000000001000000001
0100001000000010001000100100001110000000000000000000000000100000100000000110000000000010000100000000011010010000100110100000000000000010001100000000000000010000000000100100100000100000000001000100000000000000000000001000000010101000010100000000000000
0010000000001000100100000000000000010010010010011000000101100010110000000001000110000000000000010000000011100110000001000000000001100000100000101000001000000001000100000010000000000001100000000000000000000100000100110000001001101000000100110110000010
0100100010100100010100000010010010000011100000000001100011000100000000000000001000000100000001000100010010000000000000000001000000000000000000010000000000000000000000010000000100000011100000001100000001000001000000000100000000110000100000000000010000
0001000100000001100100000000001101000001111000000000000000000000000000100000010000000100010111000000000000000000000110000000000000000001000000010100000000010000000000101000010000000000000001000000000001000000000100100000000000000001001000000000000000
0000100101001000111000000010000000101000001010010001000000010000110000000000000000000000000100000000000000101000000000000000100000100000010010010000010000100000001011010000000001100000000100010001000000000001000000001101000000000000011000000100000000
0000000000000000000000000010000000001010000001000000100101100001101001000000100000000010100100000000001000001000010000001000000000000110011000100000000000000010000011001001000000000010000000100100001000010001000000100000000100000000000010000000000000
1001011000001001000100010000010000100000000000000000000000010000001000010000000010000000000000000011101000000001100010000000000100100000000000100000100000000100100010000000001000001000000100000001001001100000010000000000000100000000100000000010010010
0000000000000000001010001000000100000010000010000001010100101000010000001000000000000000000000100010010000000000001100000100000000110100100010000000100100010000000100011100100000000010000000101000000000000001000000010100000010000000000000001000011100
0000000001000000001000100000000000101000000100100010111000000000000010011000010000001000000000000000000000000110001000001000000001001000110100100000110000000000100000101001100001000010000001000000010100010000000010000000000000000000000001000000110010
0001000010000000001000001111001000000000000000001010000000001001000010000000000000000000000000011100000000000000000001000001001000000001000000001010000010000000001010000000011000101111000000010000001100000010010101100010100100000100000000100001100000
0100000000010000000000000100000000000000000001001000000000100000010000010101000000001000000010000000101000100010000000000000100000010000000001000010000000000000000010010000000000001000010000010000000000001000000001111000100000100100010001010000100000
0000100000000000000001001000000100010001000100000000000000000000000010000000000000010000000000000000000000100000000000000010111100000000010000000110000000110000100100010000000000001001000001000000000011000000000000000000000000010100000000000010110000
0000001100000000011000000010100010001000001010010000001010000000000000100001001000010000000000001000100010100100100000001000000000001010000000000010000011010000000100000000000000000010000010000100000010000000000000000010000000000010100000000000000100
0001000011010001000000000000100100001010010110000000000000000000000000001000000000000000000100000110110000000001001000000000001000000100010000100010011000100000000011000000010100000000000100001110000010000001010001000110101010000001011010000010001100
0010000000000010000001000000001000011000000010000000000000000100000001000000000011110001000010100010001010000000100000100000000101000000000001000000110000000010101000001000000001000010010000001000000000000100111010000100000000100100000000100100100100
0000010000100010001000000100100100110100011001000000000000110100001000000100000000001000000000000100000100000000100001000110000001000000000000100100000001000000000000100000010000000011000000000001000001000000010000000000100000010000001000110001101100
0000000100001000000010000100001000010100001010001100000000100001000000000001000000000100000000000000000000100000000100000010000000000000010000000100000010100000000111000000000000000100000000000001000000001000000000000000000010010011000000110000100000
1000001100100101000000000000000000000010100000101000000010000100001010000010001100011011000001000000000010000001000000010010001000010110000000010000111100100010000000001001011001100000000000000000000001001000001000000000000010101001011000000000011011
0000000000000010000000000000001000001000000011000000000001000000100000010010000000001000010000000001000000011000011001000000000110010000001000000100000100000000101110001100001000100000000001000110000000000000000010000000010000000000000000001000000000
0100001001000000000001000000000010001101000001101101000011010011000001100000100000000010000000000000001000000000000010100010000000011100000000000010110000000000000000000000000101100000000000001000010001000000010000010000001000110000011000000001100000
0010000000011101001000001000100110001100000000101100000000000001000010000100000000000010000110000000101110000010100000000010001100100000000000000000001000000000000001000100010000000110000001000000101000001000100000000000000000000000000100000000000001
1010000000110000000010001000000000100000010000100001000110000000010000000000011001100010110000001000000000000000101000000001100000000000000000000000001000000010000011001000000010001010000000000010000110000001001010100000001001000000000100000000011000
1000100000000000000000000000000000000000000100100001101000000001000000101001000000100000000110101000000100000000000010000001000000100000000100000100001000011010010000000001000000010000010100001000000000000000000100000001000000000000000011011000000000
0001001000100111000000000010000000100000010000000100010000010000010000100000000100001010100000100000010001000100000100010000100000010000000100000001001000100100010001100000000110101000100000000101000000000000000010001100001000000000000000000000100000
0101000010000000000000000001001100001000110000000010001001000001100010000100101000100000000001001000100000000000000000000010000000000000000001000000010000000000000100001001000000000000000100000000001000000100000000000000100000000000000000100000000010
0001001000010100011000000010000010001010000010000010000001100001000001000000000001010100000000000001000100000011000001010000100000010000000000000000000110000000000000000000000010000001100100100000000010001000010101011001000000001000000010000000101010
0101000010000001000100000100000000000000001000000001100000000000001010010000001001000000000000100000110000001000100000000001000000100000000000000000000000100000000000010000000000000000010000000001000000000001000101000001000100000000000010000101000100
0000000001010001000010000010101110000110000010010000000000100000001000000000000000000000000110000010010000000001100001000000100000110000001000011000000010000000000000000000000100000000100010010000000001011000000001000000010000100010000001000100000000
0010001000001000000010000000000100001000000110000000000000010000010000001100010000000000010010001100000010000000010010001110001011000000001110000001000100000010000000001001101010000000000000001000000010000000000100100000000011000000010000001100000100
0000010100000011000000000001000010000000000101000000000000010000101000001000000111000010010000100000000000000000100000110000000010000000000000001010100000000000001000100000000000000000001000001110000000000000000000110000000000110000000100000010100001
0001000001011000010000011001001010000110010000000000000000000100000010000000010110100011000000001000000000000000000000001000000000000010000001000000000101000000000000011001001000000111001010110100000000000100000001000000000000001100101000000000001101
0000000000111000001001000000101010000000110001010000000001001000000000100000001100001000000010010000000100011100000000100000000110000000000000001001000001000000000001000010000000100110000010100001100000100100000001000000000010000001001100010100000010
0010001011001000000101000000000001001000001010000000000000000000001001110100011000100101000000001000000000100000100100000010000000100100000001001000010010000001110000010000000101001000000000100000001000000000000010000000000000000000000000010000000000
0100000000000110000000000000000001000000001000000100000100000000000111000110000010110110011000001100000000100100000100000000100010000100100000000000001001010011100000010010000000000000000000010000000000111000000001000101010000000000000000000010000000
1101000000001000000001000010100011000010010010010000001010000000100000101000100001000000010000000001000100100000000100010000000000100000000001000001011000010000000000000100000010000010000010000010010000100110100010100000001110010010001010100100000101
0000010001100000001001100000000000101100000101000000010100011000001000000010000110000100010000000000010000000000001010000000100011010100000010000000000000000010000000010000001001000000001000100011000000011100000001000000000000000000010000000000000000
0010100000011000000001000000000000000000000000000100000000000100000011000001000001001000000100000000000110010000001010000011001000000000010001000000000001001001100100000000000101000000010000000101000001000001010001001100101000000000000100100000000010
1010001000010000000001000000000000000000100000100000000100010100000001001100000101000100000101000000100111001000000100001010011011000001010000000000110000000000000000000000001000001010100000000000000000001010001010000001101000011000100000000000001000
1000100000110000000000010011000000001000000000100000000000100000001000011010000000010000000001000001000000000000001000000000101001000001100001000010110000100000010010010010000000010000000000000000100000000000000001000000100000100000000000000101110000
0000011010000010000100000101010000100000000000100000000011010000000100000000000010000001000000000000010000000000110000000100100001000100000100100010100000000000100110000111010000010000000000000010000010100001000000000000010011011000000000000001001000
0000000000000000000000010000000000001101000000000000001000001001000000000100000001000000100000000000010000001000100010101011000000000000000000001000001000100010101100000000000000000000110000010000100000010000001001010000000000000001100110101100000000
0000010001000100001001111010110000000010000000010000000010000000000001000000000011100000000110010010100001000000000000001000001110001010010000100100010000000000000000100000100000000000000101100100000000001000100000000000000000000000000000000000000000
0000000000010100000000000100000000100010100000000100000000000000000100000000011001000100000000100110000010100010110000000100000100000011100000001000000000010000010000110000000000000000000000000000010000001001000010001000101100000100000011010000000000
0000010001010000010000010000000100100000100001100000100100000011000000000101000000001001000001100000010100100000100000000001000000000100000001001000010000010000100000000001000001001100100010000000000010010000010000100000000000000100010111000000010000
0000100010000100001000000100000000100100010000010000000000000000010000000000010110001100001000001010000010001000100000001010000000000100000001000000000000000000000000111000100000000000010000000100000000000000000000100000000100100001100000100000010101
1000010010000010000000010000100000000010000000100001000000101000100000000000000100010100001001000001000000000010010010000010001000000100000100000010000000000000100000100110000000010110010010000100101000100000010100000000001000000100000000000000100001
0000000000011010000000000100100000000000000001000000001000000111000100110000000100100000000000100000000111000000000000010010010000010010000000001000010000000000000000000000000100001010000000010101100000010000000000000001100100000010000000000100000001
1000000000000000000100000000000000000000001000000000000000000001010000000000000010010010000000100100000000010010010000000000001010001011000010000000000000000001000000000000100001110000000000000101000000000000000000001010000000101000010000001000010000
0000000101011000000000001010000100000000001010000000000100100000000000000010001000000110101000000100000000000000010000000000010000100000000000010000000000000000100000000000000000000000010000011011010100100000100001000000000000010000000000000101100000
0100010000000000100000000000010000000100000010001000100000000000000000100000000011000000010100000000001000001000000000000000010100000001001100011000000010010000100001000001000000000000100000000000000000000100111000001010001100100001001101000000001000
0000000001000010001010101001000001000000100001000000000001011000100010000001000001001010001000110000010000000000000010000000010000000000000001000000000100000010000000000000100001111010000000010100000001000100000001100000010000000100010001000100000000
1100000000000010010010000000000000000000110000000100000100000100000000001001100001010101000000100001000000011010000000001010100000010100000000000011000010000000000110101000010010000010000001100000001000000100000001000000100010011010000000010000000000
0000010010001010000000000000010000101010000010010110000000000000001000010000000100000000101000001000100000000000000000010000000001000100110000000000010000000100010000000000000000000001010010001000000011000010100000001100001000101000000101010001100000
0100000000000010000000100010001000000000000000000001000000000000110001000000000100011010000000000101010000010100101010000001000011001000100000100000000100100001100000000000000010000001000100000010000000100000010100000001001000101001000000000000000101
189 216
60 3
