250 250
0000000001000000010000010000000000000011001000000000000011000000011001000000000001001100001000000000000000100101000110100000000001010011000000010110000000000000010000001110100101100000000010001000100000000110000010010001100000000000000000000100000000
0001000000000000000000001000000001000100000100100000000000010000000100100010000010000000000000000010000000001100000001010000010000000011000000000000000000000000001000000000001001000001000001000011010100000000000000100000100000010101000010000010000010
1100000000000000001101100000000100000000000000000001001000101100000000000000000100000000000000000000000001100010000001000000000000000100000000000000000000010001000010000000000110001100000001000010000010100110000000000010000100000011100010000000100000
0100000000000000000001000100000000010000000101000000100000001000000000000101010000000100000101000001000000000000000000010001000100000000010000000000000000000110000010100100100000000010000000001000001000000001001001011000001100000000001101000000000010
0010000101100000010100000000000100000000100001000000000000010011101001101000100000000001000010001000000011000000000100000011011000000000011000100001010000010001000000000000100001100000000110001000000001000000100100000000000000100100000001000010000000
0000000100000000000010010100000100000000010010000010000000010000000000100010000001000100010100000000010001000000000000000000000100000000000010000000010000010100000000100000000001001000001010000100100000001010000000101010000000010000001101010000100000
0000011010000000100000000000001000010000101010010000000000000000000000000101000100000000100001000000000010000000000000001110100000000000000100000100000001000010010000010000100000000000000000000000001010000000001010011000000010000000000000110010000000
0100000001000000000010000010100001001000000100000000000001000001000100000001000100100001000100000000000000000000000000001000000000010001000000000001000000010000110000000000000000110000001000000000000010000000000000001010100000001000000000000000100100
0000001000000000000000001100000000000010100000000000000000000000010000100110010001000000101000000010100001000000010100100000000000110000100100100000000001001100010010110000000110000010011000000110000001000100100100000001000100110000001000000010010000
0000000000001000000000010110000000001011000000000100000000000000000000100000110000100001101000000000000000011000001000000001000000100101101000000010001000000000000001010000010000010000010100000000000000001011100000000000100000010000100000001000011011
0000000010101100011010000100000000000000000100010000000000000100100000000000000010000000001000000000000100000000000000000000000000100000001000100011000100001010000000000000000000000000000000000010110000001000001100100000001010000000000000000101001010
0000100010000000000001000010000000000000001101000000000100000010000000000001101001000000000011000100000100000001000000000100010111100000000010000000000000100000010111000100010010000110111100010000000000000000000000001101110000010000010000001000000000
0100001001000000000001000001010001000000000000000000000010001000001001000001010001010010010001010000000000000001000100100101000000000010000000100000001010010000100000000000000000000010010000000100000100000000000100000000000001101000000000000010010001
1000001001101000001000000000100001000010001001011001000001001010001000000100011001110000001000000000000100000010000000000000000100101000000000100000100000010010001000000001000000000100011000010100010100000001000000100000000010000000000000000000101011
0000000000000000000000000000001000010000000010000000010000000000000000010001000100011000000100000000000010000000000000000001001001010110010000001000000000000000010000111000110000000000000000010110010000100001000011001000000000000010100001000100000000
0001000010000000000100000010100000000000000000000000000000000000101010000010000011110000000010000000001011010000000010000000010000000000000000000000100000011010000000000000000000010100000000001010110100011110001101010011000010010000001000000000000000
0010100001100000000001000000110010101100010000000000000000000010010000000000000010000100000000000000000000000100000000000000100010000000100000000001000101000000000000000101000000000000010100001000000011000001000000100100011101000000001000100000100010
0000000100001010100000000000000010000001101000000001000000100010000000000010100001000000000000000000000000000000010000000000000000110110000100000111001000000000000000000100001000010000001100000000011101100000000000000100000010100000010000100000000000
0100001000010000000100000101100000000010000000000101001100000000100000000100010000000000000001000000100011000100000000010000100001000000000000010000001000000010000001000000100000000001000100001010000001000000000001100000000000010000111100001000001000
1000000001000000000000000000000001001000000010000001000001000000000000000000000100110000100000000000000000000000101100000001000000000000000000100001000000000000001100001000011000010001000000000000001000000011000101010000001010001000001001000000100000
0010000001000000010100000000000000100000001000001010011000000010000000010000000100100000001000000001000000000011001110100010000100001010000000000000000000000100000010000000100000101000100010000000000000010001000000100001100000101010001000100101000000
0010101000000000000100100000000010000000000100000000000000000000000001000000000000000000000000101000000000001000101000000011010000000000000100100000100110010000000000010000000000101000010011001010101000000000010100000000000000000000000000100000000010
0000000001001100000000001001000100001100000000000000100000000000101001010000000101100100001000010000010101010000010000000000000000000000000010000000001010110100111000100100010110100000000001000000001000001100010111000000000000000110100000000000100100
0000000000000110000100000000000000001010011100001000000001000000011000101000000000000000011000000100000000010010000000110100100000110000001100010010010000000100000010000000100010010110100000001000011100010000000101000000010000000000001000001001001000
0101000001101101010110000100011000000000010001000000000000100001000101001000100001000000010100011110001000000000000100100110001000000000000000000000000000000000000001000000000000100000010000000000000000000010000010010000101000101100010100010100000000
0000000010000010000001000001000000000100101110001000000000001100000000000000000000000000000000001000000000010001000001000000000000100000000000000000100000000000000000010000010000010001010010000000010010000000000001001100000000000000010100010000001000
0000000000010000000000000010000011000000000100000000101000100011000010000000001000100000000000000010000001000101000100001010000100000010000000000001000111011100000000000100000010100000010010100000000000100010000001001000101000011100100000100001000000
0000000000010010011000000100000110000000000001000000000010000010001000010000000000000000000110000000100000000000000000000001100000000010000000000000010100000000010000000000000000000010000000000000010110000100100100000001000000000000001000000011000110
0000000000010000000010001001000000000000000000100100100000100110000010000000010000000000010000000001000000000000000000100000100110010001001010000000000000000010100010100000010110100000000001001000000000000000010000001001100010000000000010000000101000
0000100000000100011001001000100000010000000000100000100001100000100000000001011000110000000000000000000101011100100000000000100000010001010000000011000000100010000000000000010000001000000000001010000011010010000100010000000000001001000010000001100000
0101100010000100000000100000000011000110000100000000000001000011000000000010010000000000001000000010000000001000010000011000000000010101000100000000100001000001100010000100100000000000000100000100010000000010000001001000000001001010010011000000000101
0010000000000000100010000000111000000010000000000010000000000000100000000010010100010000000000000000010000100001000001010000000010000010000110110000000010000000000001000011000001010000110000000001010000000000100000000001000000000000100000110000000000
0001000000000000001000000001000110000000100000000000000000000000100000000001000000000100000010000111000001010000000000000000000000101001000000000101010010100100000000100000000000000010101100001000000100011000000100000000000000010101000000001100010000
0100010000000010000000101000001000000000010000000010100000000000000000000000000011000000000001001000001000000100000000001100001001001000000100000100000110000100000101000101100000000001001110000011101000000001001000010000000000000000110010001100000110
0100000100100010000100010000000001000000000000000001010000010000000000010000000000000100001000100000000000000000010000010000000000100010000000000000100000000000000000001001000100010100000000100000000000000000000000000010001100000000100010010000001100
0001000000100001001000000000000100000000000100101100000000000000110000000000000000000100000110101000001001110000000000000000000010000001000000000000000000101000000011000000001011000000001010010000000000000000000000100000100010100000000100000100000010
0000000000000011100000011000000000000000000010000001000010000000000000111000000000010000010100000000000000000000000000010001000100000000000000010010000000101100000000000000000010000000100100100000101000010000000000101001000000000000000000000011000000
0000000100010010000110000001001000001000000000000000010000000100010001000100101000100000010000000100100001000000000000000010001000010010100000000000000000000000000100000000000000000000101001010010000000000000000000000100000001100000010000100100000001
0010010100011000000001000000000000011000001100000010000001000000001000000100000010000000010000000100000100000110000001000001000010000000000000001000110000000000100000000001001000000000000000000001000000100000000000000001110000011000011001000000100100
1000000001000001000001000000001010000000000000000000010000101000000110011010000001000000110100100000000010100100000110000000011000001000100000001000000000000000011000000000000000000000010110000010000000000000100001000001000000000100000000000010001000
1001100010100000000000000000010000001100010010000100000011100001000001000011000000001001100000000100000100010001000000000110000001000000001000000000000000000001000000000000000100000000010000000000000001000010000001000010000000000100000000000100000000
0000011000010000001000000000000001000000000000010000010000000000001011000100100100000000000100000001011000000001100010000110000100000000001010010100100100000000100001010000000000000010010010000000000001001000000000001100000000000101010000000100010100
0001000000000000001001001010001101000101001010000001010010000000000000000000000100000000100000010100000100000000001000000001000000000111011001100000000000100100110000010000100000001001100000000010000000000000000001000000000010010110000000000000100000
0000000000000001001000000100000001000000000000000000000001001010010010000000001000000000000000000000000100000000000000000000001001000000001101101010000000001000000000101001000000000000001000100010110000001000000000000010000001000000100000000100001010
0000000000000001000000010000000001000000010001100000000000100000000010000100000001000100001000000100000000000000000000000000000110000000000000000001001000000010100000000000100100010000001000000000000000111000000010000000010000000100000000001000001000
0000001000000000001000000000000000000011000001000000001010000100000000010101010000110000000000000010000010010000001110000110000000011001010000000000001100000100100000000010010000100000000000100000000000000000000000100000000000000000100000000000000000
0100000000100001001000000100000000010100010000001000000000010100001011101100010001000000010000001000011100000000100010000100100110000000000010110100000000000000100011000000011000010000000100000010000000001000100100011100000100100101001000000001000000
0111010000000000010000000000000001010011000000000000100000000001000100000000010000011000000000000000000001010100001000000000000000000000000100000000000000000100101001000100000000100000110010100000001000000000000000000000001000010000000000000001100011
0100000000001101000000010100000000000000000000000000110000100000010010001111000000000000010011010000000000100000100000001010001011001001000010010010000000001000100100010001000010000000000110000011100101000000000000100000010000001000000000001000100100
0000100000000000000000010011000010001100010000100100010000000000000000001000000000000000000101000100000100000000000000000010000000000000000000000001000000101000010000000000000100000000100000000000010000000000010011000001000000010010000001000011010000
0001000001001000001000100000001000010010001000001100000000001000010100010100001001000111000000010010000011000000000000000000000000010000001000010100111000100000000100001000000010101100001000000000100110000000010000000001000000100000000100000000000000
0000000000010000100000000100100001000001000001100000000000000011000100001100010010000101001010000001000000000000000000100011100000100000001000000000000000100100011010010001000101000001000000000001010100100000000000010000000000101011000000000000000100
0000000000010000000001000000000000000001001000101000001000000000000010010010100100001000000000010000100100100101000000001001010000000000010101000100000000000001001000000000000010000000000100001000000000100011000000000000000000010101100000000000000101
0000010000000100000000000000000000100000000000000000011001000000000010100001000000000000101000001001000000011101000110101100000100000001000000010010100000000000010101100000100000000000000000000001000000001000100001000100000001000000000000010000110000
0010000100000001000010001000100001001000001000000000001000010001000000000000011000001000000000000000000000100001000100001001000000000000110000000000001100000000001000010100000100000000000000101000000000100000000000000010000001100000010010001100000000
0000000001000101000000100000010000000110000000000000001000001000110010000001010000000000000010110010000000010000010000000001001000000010000100000010010000000001000011000000000000010001010011001000100000010000001000000010010000000000000000110001110010
1010000100000100000010000000000000000000000010000010100000000010010010000000000110000000000000000000000001001000000000100000000000000000000001011100000000000000000010000010000010000001100000000000000000000000001000000000000000011100001000101000000011
0000000001001100100001010000010000101000000000001000000000100010000000000000000000000000000010001000000000000000010000010000010000011000000010001000000010000001000000100000000000000010000010000001010000000000001000000000000000100000001000000000000010
0001000000000101000000100000000100000000000011001110101010000000010000000000001110000000000000000010000000000001010000011000000000000100010000010000000000100110000000000000000000000000110000010001001000000010000000000100000001010100000001000001000100
0001000001001000010000000100000010100000000001000100110000000000011000000011000000000000011000000000000000010000000001010000001010000110000100100000000000000100000010000100101000000001010000000000100011011000000010101000011000001000010000000001000000
0000000010001000000010000001000111000110000111000001000000101000000011000011000100001000000100000000100000110100001010000011000000000010000000011000000000100000000000000010010000001000000000000100000011010000010010010000000000001000000000101001010000
0100000000000000001000000010000101000000011100011010000000001000000001000010000000000000000100011010100100100100010000000000000010000000000000010000110000000001101011100010000000000000001100000000001000000001000000000000010000000000000111000000111001
0001000000011000000000000000001000100010000000000000000000000000010000000100000001010000000101000010000000000000100000000000000000110000000001001000000100000100010000010001000010001000001000000001100010110010000111010000000000100000000010000001001000
0000000000011000000000000100000010000000000001000100001101000000000000001100111000010000011000000001000000000010100010001100010000000110100010000000100010000000000000000110100000000000000001100100100000000010001000000000010001000000010010000000000100
0010010001000000000001000100000010000000001001000000000000000000000110000110000010011000000000100000000000011000100000000000010000000000100000000001010011000000101000000000000010000000010010000000000000100000000000010001000000000100000000000100001100
0110010000000000000000010000000000000100001000001000001000010000000000110000010111000000001010000100100001000000000000001010000000010000010000000000001000000001110000010000000000000000000001110000000000000000010000100011000010000000110000000000000000
0000000000000100000000000000000001000010000000000010100000000001000000001100001000000000000000001000000000000000000010000000001001010000110010000011001010000100001000100000000000000000111011000001000010100100000000010001010000100000100000000000100101
0100000100001100000000000010000000000001100010000100000000000000010000000010101001110010010000010001000000100000110000000110010010100000010101011010110000010010000000000100100000001110000000010000000011000010000000000111100001000010001010000000101000
0100000110000000011000000000000001100100010000000010000100100000000000000000100000101110000000010000000001000000100000010000010000000100000011000011000100000001000010000100001000110001000010001010000000010000000000001010000001010000000000000000000001
0001000000001100000001000000000100001001000001000000000000000000000000010000110000000000000010000010010000000000000010110000010001000001000100000000001100111011010000010110000000010011000010001000000001000000000000000000000001000000010000001010000001
0000000100000000000000000100010110000000000100000000000000000100001000000010001000000000001000000001000000001000000000000000000000100000011000001100000010000000000000000000000001101100000000000100010000000010110001000001000010100000001000110000000000
0000100000000000000000000000000010011000010001001000000100000100110000110001000010000000000010100000000000101010000000010000100000001100000000100100001000000000010011100000000000010101000000000010000000010000000010000010000000010000010000000000000000
0000000000000100010001000000000000100000000000000000000010110011000000011010000000000010100000000010001001100100000100010001010010000000101110000000000000100000000000011001010000000000000000000000000010000000010000000100000100000100000011000000000000
0100000010000000000000100000000001000000001000000110010001000000000000110000000000000000100000000000000001000001000000000100110000000010000000000000010010000000000000001000000110100100011000010001100100100000001100001000000010000000000000010000000100
1001000000000100001000100000001001001000001001010000001101010001011000000000010000000000100000100000000001000010100000000000000100010000110000000000100000100000010000000000000000100001001100000000000000101110001001000000000001000000010000000100000010
0000001000000000100100010000000010100011010000000000000000000000000000001001100001010000000010101000100000000000000000000000000000100000000011000000000000000000010000000011010100000000010100010000001000000000001000000100000000000001100000000000100000
1000000000001011000010001000000000101010101100001110000000000000000110001000100000100001000100010000101000000000000010000001000100000000000000001000000000000000010010001010000000000000010001000000000100100000000010110101010001000000100001000010000000
0011010010000000100100001010000001000001000000010000001000000000000001000001001110000100000011000100100000010111001000000000100000000001000100011000010000011000000000000100000010011000000000100000000000000000000000000000000001100000011000110000000001
0100010000000000001010000001000000101000001000100000010000001100101010101100000000000100000000101111000010010001000000000000010000000110001000000000000001000000001001100000000010010000001000100100000010100000000000000000011000000010000000000100000000
0000000101000000000000100000000000000000000001000000001100000010000000000000100000000010000100010000000000001000000100000110110000000001001010001001000000000000000000000000101001110100100000011100000000000101000000000010010010010000000001000001000100
0000010000000000000001010000000000000010000110000100010010101000001100101000001000000000000000000100000001000000001100110000000010011000000000111001001000000001110000100010001001010010000001000000010000000011000000000000000000010010000000000000000000
0000000000000110100001010000000001001010000100000000100001000000100000010010000000000000000011011110100000000011110001010001100000100000100000000100101000000001011001000000100000000100000001000000010000100001011000010100000000000001010010100001000101
0000010000000000000001000001000010000000110000000000010100001010011010000000000000001000000101000000000100000100100000000010001100010000001001000110000100000100000000000000000000000010000000110001000100000100000001000011100010100010000000000000100100
1010000000100010001000000001100010100100100000000001000010001100000000000100000000000011000000000000001100000001101010000000011000010000001001010000100001001000000110000000011100000000000100110100000010000001100000010000000000110010001100000000000000
0001001000000010000100100110100010010101000000000000011110010000000000000010010010001000001000000000000010000110100010000000101000000000000001000000010101000001110000000100000010000000000000010001000000000100000100100000000010000010001000001011000000
0010010000100001000000000000000001000000100000000110100000010000000000010110000001000100001100000000000000100001100001000010100010000000000000000000000000000000010100000000001000100100010000000000101000000000000000000000000000000000000001000000000000
0000000000010001001000000000110100000000000000010000000000001001000000000100000000000000010000001000000100001001000101100001000000001011010100001000010001010000001110100100000001011010000000010000000000010000000100000100000000000001001000000011000000
0000001000000101010000000101000100000001010000000010000001100000001100000000000110000000000000010000000000000000001001000010000100010000100010010100000100000000000001001000000000000000000000100010000000000000000000100000000000100000000100000000010000
0000010000100000000000100100000001000100000001010000000000001000001100000001000000000010000010000000000100000000001000000000000000000000000000010000010100000001000000010000001000000110010101010000100000000000000000000100100000000101000000010010001000
0100000100000010000100000100000000010000000000000001001000001000001010100100000000000000000000000000100001001000010110001000000000010000000010000000001000100000100000100100000010000010010000000000000000000000100100000001000000000100010100000100010000
0000000110110000110000000001010000000000000000000100000001010000000011100000000000000001010110000000000010100011100000000001000000000100001000000000011100000000000001011000000101100000000000100000010010000010000010010000010000000000000000010000000000
0000000110010001000000000000000000001000010000000000100000000000001000000000000000010110000000000100000000001000000010000000100000100000000010001000000000000100001100000000000000101100010000000001000000000001000000000000000000001101000001000001010011
0000000001100000011001001000010000000000010000010000100000000100111001000000000001000010100000000000100110000000010000100000000000000000000000101010010011001011010000000000000000100101110000000000000000011000001000010000000000010000000000010000000000
0000000000000000000000001010000011000001000000000110100000000101110001010000000000000000101100001100000000010000010100110001100000001000000010110000000000000000000100100000000000100000011000000001000001000110000100000010000100000101011010101000001000
1010100000111000000000001000000000000000000000100010000100011001110000000000000000000000000000000000000000100000010110000000000000000101000000000000000000000000000010110000001001010101000101100000100001000000000010000001000010010110000001000001010010
0000000011100110010000000000100100000000001000100010110000000001011000001000101000001000000001000000100000000000000000000001000000011010100010000000000100000000001100000000000000000000000000000000000001000100001000001010010100100001000000100110001001
0011100000001000000000011000000100000000001100000000000100000000010000000000100000000000010000000000100000001000000001000000000010001110000100000000000010000000000000000000000100000000100000100000000000000010100000100000000000010001000000000000000001
0001000100000000000000000100001000001100001100000101000000011010100001000000000001100001000000000000000001000000000001100000000000100110001001000001000000000100000010001100000001000000001000001000100000001000010000001000000000000100000100000100000110
0010000010000010000001110000010000100000000001011000000110000000000000110000100000000000000000100000000000000000000100101010000000000000000000000000000000000010100000000111000000000010000001001010100000001100000010000010000010100000011000000000010100
0000000100010000100000000100010000000000100000000011100000011000000100000001000000100000001000000100000000010000000010000000000000011010000110000000000001001000100100000011000000000100000000000000000000000000000100100010010000001100000000010001000000
0110100000000001000000000110001010001010001001111000101000000110001010100000000000001100000000100001100011000000100000000011000000000000000100011000010010000000010000010000000000000000000000001000000000000010100100000010001000000001001111000010000000
0010000010000001000000100001001000000101000000000000000001000000000000000000000110000100010000101000000000000010001010000100000010010000000100000000010011000101010000000100000000000010000000000000100000100010100000010000000000000000000010000000000000
0000000000100110101000000100001100001000100000010000001000010000100000100110000000000000000000000000000001000000000100000000010001000100000000000000001000000000000000100000000000000001010001010000100000000001000111010000001000000010100000010000101000
0100010100000000000011010000000110101001000010001000100000100000011000000011000110000001100100000001010000000000010000000001110000000001100001000000110100000010000001000000000100010000000100001000010000001000000101000000000000100010000000010001101000
0001000100010000000010000100001000010100010000000110000000000000000010000010000100000100000000001010000000010000100001000000000000001100000100001000000100100000100000010000000100000010000011000000000101000011011000000000101001001000100000010111100101
0000100010001000000000010000000010000000000000101000000000000000000011000010100000100000001000000000000100000001100000000000000000000000000000000000000000000001100110000001000000000001000000000010000010000100000000000010000100000000001000000000000001
0000110001001010000110000000011000000010100010000000000101010010000100000011001000010000001000010001000000000000000010000010000000001000000000000000001000000010100000000010110000000010000000000000010000011000000001000010111000001000100110000100000000
0010100010000000000000001000001100010110000001000001101001000000000001001000000000001000010001100000010000011100000001100000001000001000000000010000010100000001001000000010000110100101010000001000000100000000000000000000000011000100000010100001111001
0000000000001011000010000000001001010010010011000000000001000100000100000100010000000000000000100001010000010010000110000001001000101000000000000000000000000000010010001001000000000000000000100000010000000000100000000000000100000100000000100011100000
0000000010000001001011000100000100000000000000000000100000000000001000000000000000000000010000001000010001001100010010000000100001100010000001000101010000011000100000000000000000000001000000010000000000100000000000000000100001001000000000000001010100
1000001100000000001000100000010000000000001000000100000111000110000000100000010000000000000101000010000010000010000000101000000100110010000000001001000011101000000000000010100000000100100011000110101000001000001011001001110000000010000000110100000010
0000011100100000011100000000101000001000001000000010010000000000000000100000000000000010100001000100000001000001001001000100000100000000100100101000010100000000000000000010011000000000000001000000000000100000000000000000000000101000101100000001000000
0000000100000000100010100000000000110000000000010000111001000000100010010000000000100100000010000101100000100000000100000000000000101000000001000000000001100010100000100100000000011000001000000000001000100000000000000001010100010001101001100001000100
0010000100010000000000100101100010110100100000000010000101001100000000010010000100001011011010000000100000000011000000000000010000000000000000000100100101011010000001000000000000000000000000000001000000000100000010000101000000010100000101000110000000
0010000000100001001000000000000000001010010000000000010000001010001010001011010010100001000001000000010100100000000011001000100001001000001000000000001001000000000001000000000000010000000000000000000001011000000000100000000010000000010110000010100001
0001100100000001110000100100000000000011001001010000100110000001000000000001001000100110000000000000101000000010001000100000000000110000000000000010010001000000000000010000100000000000000000100001000110000010001000010000000010010001001010100101001000
1100000001100001000001000000000000000000000000000001000010000100000010000000000000000110000000000100001011000000000110100000000000000000010011001000000000000000000110010000100000101000001001000000100000100000000010000000001000000000010010100000000000
0000000010000000000000011000000000000000001001000100100100000000000010100010010100100100000000101001010001000010010100000000000000000000100000000000000000000100000001010000001100100000100100100000000101000000010100010000001000011000100000000000000000
0000000000100111100000001100001100000000010000000000001100000000000001000000010000000001000010000001000000010010000010101000001000000001000000000101000000000000000100001000000001110000000000000010000000010000011000100000000110000000011000001000000001
0000000001000000100000001001000000001100000000010000000000000000000000000000010010000000000000000000000001000000000000000000000000000000000000010000000000000000000110100000000000000001001000100000000010000000100000000000000000001000000000000010000000
0010000010000000001000010010011010110000011010000100010001000000000000000010010001000000000000000000000100000010000000000001010000010010001010000000101000010001001000000000011100000000000001000000000010001010000101000000001000100000001000000010000001
0100000000000001000100000001000010000000001000110000000110010000000000000010000111000000010101000100101000001100000000000010100000110000100000100000010000000110000100100000000000000101000100000000100000000101000010000000000000110111000100100001000001
0000000000100101000000001011100000000000000010100000000001100000010000010000100000000001001000010000001010001010000000010100000000000000000000100000000000010001000000000000100001000000000001001001000000000100101000000010101100001001000100000100000100
0010110000000000011010010000000001000000100100000000000000000101000000101000000000000000110011010010000000100010000000101000000100000000000001000000010010100001000111000000100000010110010000001000000000000001110000010001000000100000001001011000000000
0011000000000000100000000000001000000000000001000010000100001000000000000000100000100000000010000100000000000010100100000001000000000010000100100000000000001010001101000001001000000000000100000000001010000100101000000101000000101010000010000001000100
0000010010001000100000000001000010000001001000001000000000011100000010011010100000000000000001000101100100000001000001000000000000001000000100001001000000100001110000000000100010000000000000000000000010101000000010000001000000010100001010000000010010
0000010100000010000010000010001001001000010000100010001001000000000010100001001001101000000010000010000000001000000100000100000010000000010001000000100010000000000000000000000000000000100000110100000000011000010000000000000000100100010100000010001000
0001000000000000000000000110000000000010000111000010100000000010000100000000000001000000010000000100100000000000000000000000110000000010000000000000000101000000000000101000000000100000001000000100000000011010000010000000000000110000001000011000000000
0000000010101000000010000100000000100010110000010100001000001001000011000000000000010000001000010000100000000000100000000010000000000000000000100000010000000000000000100100000000000000000000000010000000000010010000000000000010001010000000000001000001
0100001000001000000000000000000010100100000100010010000000000000000000000000000000000000101010000011000000000000000000100000000110000100000000001000010000000000101000001001000000000100000100000000000100000000000000001000100001010000101100000010001000
0000000010010000100100100100000000000001000000000000100000010000000001000001000000010000000000001100001000100010100100000000000000000000000100000000000000001000000000010000001010010100000000000000100000000110000100000001000000000010000100000100000000
1010100100000001000000100001000000000000001000100000000010010010100010010000000000001000000101001000000000000001000000000000000000000000000000000010100000000000001000010010000101000010000101010101011000000001110110000001001000000000000000001000001000
0001100100101000000000001000001000000000001100001000000000000100100010011000010000000000000010010100000100000010101010000110010101000100000000000001100000011000001010100001010110000110110001000000001000100100000110000100010000000000010000000000000000
0000000000001001000000000000000010000100100110000010000101000000000000000000000000010010000000100000011010000000000000000000000001000000000000101010011000010000010000000000000101100000101000001000001000001000001000100010000001000100000000110000000110
0000000000001110001000100100110000010000000000000010110010000000000000100000000100000000000000001001001010001010001100000100000010000000010101001001001010100000000000000000001000100000000010100000000100000000000000001000010000000000010000010001001000
1001001000000000000001000000110000010010000010000001100000000000000100000000011000100011001000010000010000100010000000010000011000100000100000000000000000000000010000000000000000100100001100000000000000000000011001000100000001000001000010000100000000
0101011000010000000000000011000000001100001100000000000100100000000100100110000000110000010010000000101001000100000000000110000000000001001001001010000000000001000000000000010000100000000000000000000000101010001001000000000010010000100100000000000001
0000000000000000000001000100100100000100001100001100011101010000000000000001000001000000000000000001001000000010000000000000101000001011001000000100000001000000100000001110100000001001001101000001000000000000000010101101000010000000000110101100100000
0000000010000011010011010000000010000001000000010001000010000000000001000000001010100000000000000000000000000000001000001100000110000010000000000001000100000000010100110010100001010000000000000010011000000100010000001010100011100000000010010000011000
0010000000000000111000000000000000110001000000000000010000110011000000000000000001001011000000000000010000000000000010000001000110001000010000000001100001000000000010010000000000000000000000100110010000000000000000000000000000100000000100010000000001
0110010110100100000100011101000000000000000000000011000010100000000000000000000010000001000100000000000000110100000000100000000000101000000001000000000000100010100000010000000001000000000010001000001001000000100001010100010001000010000111000001000001
0000000000000000000000010000000000000100000011101010000100000100000000010100000000100010010001001001000000100001000000000000000001000000000000000010010000000000100100000000001000010000100000000100000000001100100011000011000010010000000000000000000000
0000000100000010000000000000001000000000000000011001001000000000110000000000000011000010000100000010000000001000100010000000000000000001000100000010000000000100000000000000000010100000000100010001000000000100001000011011000000000100100001001110010000
0001000001000000000000000000001000100010000010000100000000000000000110001000001000110000111100011000001000100000001000100101010001100010000000010101000010000000101000000000001001000000010001000010011000000000000000000000000000011001110000000000010000
0100110100010100010000100100000000100000000000100100001100000000000100000001000000001000000001010000000001000000100001000000000000000001100000000000000000000000010001110000011001100000100000000000000000100000000010100000100010000011010000000100010000
0000010000110000000000100100000000000000010100001000100000000001000001000100000000000000111000000001101000100001100000001001000000000000000000010000101000000100000111101000100010000010100000100000001000011100000010000000000001000000001000000100100000
0000010000000101010010010000001000000001000000000001000000000000000000000000000101000000010000000000000000110011100000000100000001000000000000000000011001000100100000001000000000000100010000001000001000000010000101010100000000010000010000100100000001
0000000001000001010010001100010000010000000000000000001000000000010001000000001000000000010001011011110100001000010011010000000001000101000000001000001000000010000000100000000000000000000000000100000010000000010000100010001000000000000000001001011010
0010000010000000000000001100000000000000011000000000001000000000000011000000001000100000001010000000000101000000000100000000110000000110000101000000000010100010000000000000000000010011010000000000000100011001000011000001010000000100000001000100000000
0001100000000010010001100001100010000000010000000010001001000001000010100001000000001000000000000101000000000010010100001000000100000000000001001000010000000000100010000000100000000101000010000000100000000000000000000000000000100010000100011001010100
0000100010000000001000000110000100000010000000000000000001010001001010000000000000000010000010000100001000100000000010010000010101010000001100000000100000100000000001000000100010100001000000000000000000010100000001010000000000100011000000000000100110
0000000010000000000000000000010011001000000000000000000000001010000000000000000001000100100000001000100110010000000000000000001010000000000000000001000011000010000001010000000000000000100001011001010001100000000001000101000100000101000001000001000000
1001000000000001110000000000000000010000111001010000000010000010000110100000010011000011010001100000000001000001111011000000000001000000000011101000000101011001101010000001001000000000101010110010000000000000000010000000001000010000000000010001100000
0000000001000000000000000010000000001000000000000000000110001010100100010000001100010000000000000010100010100000001100010000001000000000011000001000001001101000100000010000001001001010000000000000101000000000010001000001000000000010000001000110001000
0010000010100100000101000000001000000010000010000010000000000000000000000100000100000000100000000000000010000001100101000000001000000000010010000101010010000000000100000100000101010000000000010000100000000000000000000000000000101010001001000000000100
0010000000100001001000000000000011001010000001000000001000000101000001011000000000010010000001000010000000101010000110000000101000000100000000000000000010000010000101110001000000000010000000000000000010000000000000100001110000001000000000000100000100
0100110010001100010011001000000100000000100001000000000001100100000010000000000010010011100000000000110100000000010000001010000101100000000110001000000000000100000001000000000010000001000001100000000000110000000000000000010000000000000001000101110000
0000000000000010000000110000000010000100000000000000000111000001000000000000000010010010000000000000100101001011001000110000001000000000000001000100011000000001000001000100000000000000001000010010000010000000000000100000000000000000000000000001100010
0000010000000000110010000100000101101000110000001001010000000000000011000000000000001000011001010100000010000000000100000000000000000000000000010000010000001000100011001000000000101000000100100010000010110000001000010000000100000000100101000000000000
0000100000000001000000000000001000000001000010001000100000000010000000001101000000000011000001000010000001010010000100000001000001000110001010100001010100100000100000100000000000100000010000010000000001010001000100000000110000000000010001000000000000
0000000000000000000010010000001000000000010000000010010000000000001010000011000100000000100100000100000010000000001000000000001100010010110000001000000000100000000000100011000000100000001000010000000001000000010000010000100000010000001000000000000010
0000000000000010101010010010000000000010100000010000000000000100000101000001000000100000000001000000001000000000000000011000000000100000000000010100000010100000001000101010000001000000000000000000000000000011000000010101100000000001000000000010000000
0000000010010000000000000011011001000011000000000001000000100010000000100100000001100000000100010000000000000010100000100000100000100010000000010000011000000101001001000000001000010001000011100000000000000110100000000000011000001011000000000001000010
0000000000010000000100101100000001010100000000010000001100000000100110000000110001001001000001000000000000000000000001001000011001000010010000001000001100000000101000100000000000000000000110100000100001000000100001000000000100000000000001000001000000
0100000001000001100000010100010000100100111100000000101001100101000000000000010000000000000010000000000001000001000100000100111000010000000010110100000100000000000010100100100000000001000001000010000100000000001100000000000000010000010000100000000000
0000000000000100000100000000100100000010000100010000000001000000000000000010000000000000000010000010000000000000011000000001100000001000000000000000000000000001000000101100000000001000001000100000000000000101010100011000100001000000100100000000000000
1000000000010100000110000000001000001000010000001011000100000000001100100000100100000000000000000000100010100000011000000100000001000000000000000110001010000010000110000000000010010010100100010011000110000010000100011011000000010000000101000010001000
0101000000100000000000010000000101000000100001000100000001000000010110000000000000000000100000000000001010010110001100010000001010010000101010010010001010000010100000000000011001000000000001010000000001001000001000010100010001110000000000010010000100
0010010000000010000000001000000000000001100011000100001000000000000010001010101000000010000000011110000001000001000000000001001000000000100001100000000000000100110000000000000000000000010000000000010001000010000010000000000010000001101011000000000000
0100000000000000000001001001010010000000000000101000000001000000000100000000000000000100010000000000000000000000000001001000010010101001100110001000000001010000000010000000000000100010000000001001000001100000000000001000001100000001010100100000101001
0001000000000000100000001000000100001000000011000010000000000000000100000101010000010000011000000000001001010001000000000000000010000000001000101000000010100101011011000001001010100000100001001010000000000000100010001110010000000001100110000000001000
0010010000000100000001000000000000000000100010000000000101000000000010001000000000000000110000100000000100000000100100100000100000000010000000010000000000000011000001000000011000000000000011100010000001010100001000100000000100100000000000000000000010
0010000000000000000000000001000000010000000100000000001100000111001000000100100000000000000010010100001000000001010000001000000011001011000000000100100010000000000000100010010000000000001110000000010000010000000001000000010000100100000100000010000000
0001010000000000001000000000000000000000011100010000000011000000000000000100000010101100010000000000001000000000000001010000000001100000000000000000110000000000100000001000000000000010000000000001001000011001000000000000000000000000000100000000001001
0100000000000000010000101101000000000000000001000000100000000100101000010010000100000000000000001010100000000101001010000010001000000000000001100010010000000000000010000000000000000011000000011000000000000000000001100000000100001000001000001000000000
1001100000000000100100000000000000011100000000001000000100000001000000000010000001000000000000001000000100000000000000100001000000000000010000000000000100100000000000000000110000000000000000000000000000000000000010000001010000000110100100001010000010
0100000000000110000010101000000000000000000010000000100000000001000000000000110000011000000000000000101110000100000000000000000000000000010000100000100000000100000000000000000100000001000101000100011000010001000000010000000000000000000000000010001100
0001000000000000000000100000010000001010100000000000100010101010010110101001010010000000000000001110100010000000010000000010010100001000001001100000000100000010000100000101010000000001000000010000000000000000000001000110100000001001000000000000010001
0000000100000000001001001000000000010110001010000101011001000000000000000000000000000000000000000000000000000100010100010100000000000000000010000100000000000000001100110000010001000001100010010000000001000100100000000000000000100000011000000000000000
0000000010000000000001000010000100010011101000100000000100000001011000100000000001000000000000000000110100000100010000000001100000000000100000000000011000000100000001000101011000000010000110100000000010010000000100000100100001000011001010000110000010
0001000000100010011000000000010100000000001000110000001010000100100001010000000000000010000000010000100010000011000000000000000000000000000101000000000001010000001101000100010000010100000000000010000010000100111000100000000000000010000000010000011100
1010110000000001000000001000000001000101010001001000001000000000000000000010010001001001000000000110000110000000000101000110010000000000000100001010000000100000100100000000100100010001000100000000001000000000000101000000000001100000000000100000010000
0001100010000101000000001100010000000000000000010000000001010000100001000000000000000101001000100000000000010000000000000000110000010001000000001000010000000000000011000101100000000000100001100000000000001110000000000001000001000001000000000010000000
0100000000010100000000000000000011001000000100100000000000100000100010000100000001001001000010001110000000000101000000000010000000000000000010101100000001000000110100101000000000000100010000000101000110001000010010100000000000000000100000000101000000
0101001000000001000000011000010100010100000000101000000000000100000000000000000010000000011000100000000000010001100000010000000000000000000100000100001000001000000100000010100000000000000000011000110000000011001010001100000100000000001100010000000000
0100010000000000000110000000000100000000001100100010000000000000000000000000000001000010001010000000100100001010000101000010000100000000000000110011000000010000010010000000000000000001010100001000000100001001001000000000001100011001010000000000101001
0000000110010001001110000100010000000000000000000000000010101001100000010000110000010000100000100010010000000001000001000000010000001000001000010000001001000000011100011010000001000000100000000000010000000000000010001000001000000010010000000001001001
1100010000000000000101000010100000000110000001000100010100011000000010000100100000000000000000000010100000111101000100010000010001100000000000000101001010000100000100001000000010000000011000000000000001000000000100011001011000100000001001000000000010
0101000110000100000000000000000000000000000101010000001010000101100001000100000000000000000000000001000010101001000000000000010000001000010010001000010011000001000000010000000000010000000000000010000010100000001000000000000000001000000000000000100010
1100000010100000000101000000000000000000000000000010000001000000100000000000100000000000010010000001000110010010100010011000100001100000000001100000100001000001000010000010010000100001100101000000000000001000001000000010000010000100100000000010001000
0000000000001000000000000010001000101100000000000011001011000010000000000000100000000010000000011010000000000000110000001100000000100110000000000000110000010000101000100000000001000010101001011001100000001100001100000101000100100000000010001000000010
1101000000000000100101100000000001000000000011001000000000000000000000001000100000000000000000100000010000010100100010010000000001000001110000000100100000000001000100010000000101000000000000010000000001000000000100011000101000000010001000010000000101
0001000101001000010000100000000010000000100000000000101000000001000000000000010000000000010000001000000000000000000000000001000000000010000101000100000100001000011000000000000000000000000000001000000100011010000100011000100100000000000000000000000000
0001100000001000110010000000000000000100100110000010000000000001010000000001100000001000000010010000000000010000000000001001000001000011100000110000000101010000000000101100000010010000000101010000010000110000100000010101100000001000000001100000100000
0000010000000000000000100000001000000000100000000000000001010000001000000000000000000000001000110001010000000010000001000000000000000000000001000000000000000011000000100100110110000100000101010000000001000000000010000001010000001010000010000000000000
0111000000000110000000000000010100000000000000000001000010010000010010000000000010110000000001100000000000000000101000100100000000000000000001010000100010010000000001010010000000000000001000000000011001001010000000000010100000000000000010000011001010
0000000000100000000100000010000010100001100100100010001001000000000110010100000000010001010000000000000000000000000000000000100000000001000010100101000000101010000010010000001000001001100010000000100000001000000001100010000000000000100000000001000000
0000000000000110011010000011000000000000000100000010001000001000100001000000000010000001000000000001000000000001000000100010000110000001000000000000010101000000010110100000001000000001100000100001000110000010000000000100000011000000100011000100000001
0100100101010000100000000000100000000000010000000000000100010100001000010000101001000000000100000000000000001000101000100000000000001010000110000000010000000001000100000010010100011001010100001001100001000000010000000010001000000010000000001000010000
0001010101111010000000000000000001010000100000000001100001001000000000000001010000000000001000001000000010010000010001100000000000000010000000100100000001001000001000000000000000010000010010100000000010001100000110000010110001000000101000010001000000
0000100000000001000000000010000010000000000010010001000001000000100000000000000000000000000000100100010000000000010100000000001000000000000001000100000000000001000000101011000000100000010100000010001000000000000000000000000000000100000001000001001000
0001000001010000000100100000000000000000001000000000100000100000000100100100110000000010000000000000000000001100001010000110101011000000000001010000011101000000000000001000101101000000010110000010000001000000000000000000000000010010100001000011001001
0000011001001011010000000000000100000000100000010100000100010010101000000000001100000000000100000001010000001000100010000000010001010000000010100100000000001100000000000001000000000000010000000100001100000100000010110000000000110000001100010110000100
1001000000001001110000000001010000001000000000000000000000000000010000000000000100000000010010000000000000000001000010001000001100000001100000001000000011010100000001001100010000000100000011000000100000100111011000101000000100010000000100110100000101
0001101000000010000010000000000000000000000100000000000000000001000000010000000000000000000110001000100001000000000001000010000000000000100010010000000001000000000000101000110011000000010000010000100000000000000000000000000000000010000000100000000100
0100100010001000001000001000000101010000000000010000001000000000000000001010000000000000000000000101000000001100000000000000110000000000010101000000000000000100000000010000000100000000101000000000010100000000000001011100000001010011000000001010000000
0000000000010000000000000000000000001100000000100100000100000000100011001000010000100000010000000001101000001100000000000000000000000010001000011000000000000100001000110010100000000000000000000000010100010000000000000000010001000010000000000011100100
0000100000010100100000000000000001010000000010000000101100001001000000010000001000001000000001000000100100000000000000000000000010010000000000101000000000000001000000001000100000000000000000001000000000000000000000000000001100000011000000000000100000
1101000111000000000000000000001010001000000011000000000000000100000000000000010100010000101000000000100010000010100101001110000001000000000001000100000000000000010010100000010101000001000000000001001100000000000010001000000000110000000000000000000000
0000001000010100000001000010000000010000000001010000000000000000000001000001000010010001010000000111100100101000010000100000000000000000100010100000000111000100001100100100001000100000000000000010000000000000000001000000000110001011000110001110001100
0000000010010000000000000000001100010010000100100000010000001110100000000000000000000000000000000000000100000000011000000000000000000000001001001100000000000000000000000000000000010000010000000000000000000000000000000100100101000010100000100010000000
0101000001001000000010000000000000001000010010000100000010000000100000000001000000000000100001001000000000100010000000001000010000000000010100000010000000000000111001010100010000010000010000000000000000000001000000010000001000000000010100000100001000
0001001000000100110010000000000100000000000001010000000000000101100000001000000000001000100000000000010001001001000000101100000000001000010010000000001000000000000000001101000111000000000001111000000010000010100110100000001000101000111001000010001100
0100000000000000000100000010000000000000100100100100000001001100100010000000010001000000001000000010001000000001000000000000000000010101000000000000100001000000100000001100000001001110000000100000001000001000000000000000000000010100110000110101000001
1000000001001000100000000000000000000000000100100000100000000001000000010000010000010000010000000001100000000000000100010100000001110000100000100100000000010000110000000000001100001010001001000001000000000000001000000100000100000000010010010000000100
0000010000011000001100010000000010001100000110001100000000000000001000000000000000100001001000000000110000000001000000000000001000000001000000010000001100000000011010101000100100010000010100010000001000010100000100100101000101110000101010011000000000
1000011100000110000001010000000000000100100000000000001100000000000000000000000010000100000001000100001010001000000000000000100001001001100000000001000000000100100000000000100000000000001001000100110000100000100011100011000000100010000000000000000000
0001001010000000000100000100000010000101001000000001000010000000001000000010000001000010010000010000100001000001000000100000000000001001000100000011000001000000000111000000001000010010000000000010000001100001000100000010000000000001000000001000000000
0110000000000000000100000010010000100000000000000010000000000000000000000100100100110001100000000100101000000000100010011000000000010100000010000100000000000000100100000000000000000000000101101000000000000100101000000000000110000000000000101000000000
1010000000000100000000000011000000000010000001001100000000000010000000100000010100001000100100000011000100110100000010000000100010000000000001000000010000010000000000000000000001000000100001100010011001000001010000100000000001000000010000110000001000
0000000000000001100010000110100000001000011000000110000000010000000100010000101011000000101001010000000000000001000000010000000100000000010000000100000000000001000001000001100011000000001001100001000000000010100010000010010100001010000100000000100010
0000000000000000101100000000000000001101000001000000001100010000000000000000000000010101000000000000000000101000000110001000000000010010000110110000100100000000000000010100000000000010000000010010000000001000100100000000000000000000000001000000100000
0000000100000000011000000110000010000000001001000000000000000000000011000100100000001010000000000000100000000000011000100101000000000100000100000000000000000110000000000001010001000001110000000001100011000000100000101010111010000000000000001000000000
1100100110010010011010000010000100100000010000000010010000000010000000100000000000100011000000010000010000000000101000000001000100001000100000001000000001100010001000100010000000000010000001000000000010000000000001100000010000000100000001011000010000
0000001010000000001010000101000000000000000000001100000000110001000001100000000001000000110001100001000010001100010000000010100000000000010000000000000000000000000100000101000100000100100010101001000000000000011000000001000000001000000000100000100000
0000000001000110001000000000000100000010100000000000001100000000010000000000001010000000100000001001000010000000000100100000000000000000000101000100100110000000000010000010100000011001010000010001000000010100011000110010000110000010000100010001000000
0011000000000010000001000000100000000001001000010000100000000110000101000000000000000000000000000000000000000000110000000000000000000000001000000000110001100000000100000000001000000000000000001000000000010000000111000001001100000010000000000011000000
0000000000001000010010000000100000001000000000000000000000000000001101100100100000000000001000000010001000100011000000000100000110001000101000010010001000000000000000000000000000000000000011000000000000000011001000000110100000000000000000000000100000
0000000000000000000000010000010101000000010000000000000010000010110111100000000001000100010000000000101000001001010010011011001010000000000000000000000010001000100000001000000001001000000000000000000000000000000000000100100000000000010000010000000110
0010000000000101001100000100101000000000100000001010010000000001000000001000000001000000000000000000010000000000000000000100000100000000100000000000000000100011011010001000010000001000000100010011000000010000100100100000000000000000100010001000001000
0011100001000000001000100000100000010000000000000000000000000100101000000000000000000001001001011000000000000010000000000010100000100100000011100000000000010000000000010000110000100000000000000000000100000000001000000000000100000000001110001000000000
0011001000001001000011100000010100000101000001000100010000000100010110010000000001001000000010100000000010000000000010000010100001000000100000011000001000000000110000000100001100000000000100000101000000000001001000001100000000110110000000000000000010
0000000001000000000000000000100010000000110110010110001000000001000000100001001010000000011000000000000000000000001010100100000000100000001000101011100010010010100000011011010100000011000010000000000000001001100000000010010000101010000000010001000000
0000000000000000001000000000000000000001000000000100000000010000000000100010010010010000000010000010000100100000010000100100000000000010000000110100100000000010010010000000110100000100000000000100100000001000000101000010000000001100100001001000000000
0000010100100000100000100000010000000100000000000011101000000000000000100011000000101000000110000000100010011000000000010000001100000011000100000000000000000000000000000010000101100001000000000001000000000000010000011000000000000010000001100000000000
1000000000001010011000100001000000000000100111010000011000000001000000010000001000000000000000001010000010010000000010000000000001000011100100001010000001000000000000000000100000000000000010000010000100000001000001000000000001000100010000000001100010
0000100000000011000000000000001000000000000010010001100001000000100000001000000100000000100001001000100000000100001000100100110000000000000000000011001000000000000000000000000000000000000010000010001000000011000100000000010000000000000000000000100011
0000000100100110000000000100000001000100000000001100000100001000010000000000000010010000100000100000000000000010000001110100000000000000000000000000110000001000101001000001000001010100010000010001000000011100000000101000000000011001000000000001000000
0000001110011000000000000000000001100000011000000000000000011000000000000000000000101001101010000111000000100100011000000000000000000001000000000000000000011000000011000000000000000000010000100000100001001000100000000100000011000100000100000101100110
0100000000000000110001011000000110000100000000000100000000000001001000000000000000001100000100000100001000000010001000100000000000000110000000000000000000000100000000011000000000100000000000000000000000000000000000000000000000000000000010000100111000
0100100000000010000000101100001000010000000010000010000000010000000000000100001100000000100000000010101000000100010000101001000100000000000000000010000000000000001010100100000100000000000000100000001000001110000011000000000101000000100000000000100000
0001110000000010100001000001000000010001000100000010010000000000000010001010001000010000001000000000000000000100000000011000000100010000001010000000001000001001000100000010001001100001000000010000000001000000000000001000100000000000000000000100000010
0000000001100000000000000101010000000000000101000100000000010100001000000001110000000010000101000001001000010000000000000100000010100001000001000000000001000000100000000010000000001000110000001010011010100011000000000000010000000000000010110001000111
0000001010000000000010000000100010111010110000000000000000010001000011010000001000000000000010000010001000000000000000010001000010000010100010101001000000000001001000010000000001000000001000100000000001000000000000000100000000000010100000100001001000
0000100100000000100000000100100000100001000000000101000000000000001000000010010010000000001000000110000000000001001000000000000000010100000100000000001000010000100000001000000000000000010000000011100000001000100010010000000010000101001000000000100001
0101001000000000001000000000000000001100000110001000000100011000100001000000000001100000100001000100000000000000101010001000100100000000000100000000111000000000110100100000001000001001000000001010001010100000000000010100000100000000000010100000100100
0000000000010000000000000000100001000001100001001000001000000110110000000000001010000000000000000000000000000000001000011000001100101100000000001000010000000100000000000000000110010000000010000001000001000000001010010000000000100010000000001000100000
0010000000000000000000000001001000010000001101100000100100010000000000000100000000001000000000011000000000010000010000100100000001000000100011000010101000000010000000000100100000100000000000000000001000000000000001011000000011000000000000000000001010
0001000001000000000000010000100000100000010000000000000001010100000100000000000010000000010100001000000000000010000000000000111011010001000001000000010001001000000000001010001001010000001001000000000000000000000000000000000001000000010000000000000000
0000000000000011000000011000000011000000010100100000000000000000000001000000000100010000000000101000100011000000100000000010001001100000001000000000000010000010000100001100000010000100000001000010010000101011001010001000100011000010000010001001000000
13 56
43 158
